
Gurobi 13.0.2 (linux64) logging started Thu Jul 16 22:00:37 2026

Set parameter LogFile to value "outputs/batch_1007_res/2050_FR_interconnected/logfile_2050_FR_interconnected.txt"
Gurobi Optimizer version 13.0.2 build v13.0.2rc1 (linux64 - "CentOS Stream 9")

CPU model: Intel(R) Xeon(R) Gold 6130 CPU @ 2.10GHz, instruction set [SSE2|AVX|AVX2|AVX512]
Thread count: 16 physical cores, 32 logical processors, using up to 32 threads

Non-default parameters:
Method  2
Crossover  0
NumericFocus  3
Presolve  2

Optimize a model with 9050774 rows, 6658150 columns and 26752191 nonzeros (Min)
Model fingerprint: 0x452c7f9c
Model has 1393190 linear objective coefficients
Coefficient statistics:
  Matrix range     [1e-04, 1e+02]
  Objective range  [6e-04, 3e+03]
  Bounds range     [0e+00, 0e+00]
  RHS range        [3e-02, 1e+05]

Presolve removed 5502619 rows and 3311566 columns (presolve time = 5s)...
Presolve removed 5765705 rows and 3627167 columns (presolve time = 11s)...
Presolve removed 5765705 rows and 3627167 columns (presolve time = 15s)...
Presolve removed 5765705 rows and 3627167 columns (presolve time = 20s)...
Presolve removed 5765705 rows and 3627167 columns (presolve time = 25s)...
Presolve removed 5765705 rows and 3627167 columns (presolve time = 30s)...
Presolve removed 5765705 rows and 3627167 columns (presolve time = 35s)...
Presolve removed 5765705 rows and 3627167 columns (presolve time = 40s)...
Presolve removed 6501545 rows and 3627167 columns (presolve time = 46s)...
Presolve removed 6589157 rows and 3635957 columns (presolve time = 50s)...
Presolve removed 6589157 rows and 3635957 columns (presolve time = 55s)...
Presolve removed 6589157 rows and 3635957 columns (presolve time = 60s)...
Presolve removed 6589157 rows and 3635957 columns (presolve time = 65s)...
Presolve removed 6589157 rows and 3635957 columns (presolve time = 70s)...
Presolve removed 6589157 rows and 3635957 columns (presolve time = 75s)...
Presolve removed 6597917 rows and 3635957 columns
Presolve time: 79.19s
Presolved: 2452857 rows, 3030953 columns, 10217680 nonzeros
Elapsed ordering time = 6s
Elapsed ordering time = 10s
Elapsed ordering time = 15s
Ordering time: 19.02s

Barrier statistics:
 Dense cols : 95
 AA' NZ     : 6.091e+06
 Factor NZ  : 3.692e+07 (roughly 2.0 GB of memory)
 Factor Ops : 2.851e+09 (less than 1 second per iteration)
 Threads    : 16

                  Objective                Residual
Iter       Primal          Dual         Primal    Dual     Compl     Time
   0   5.21486638e+10 -6.72683240e+11  5.63e+08 3.95e-14  3.01e+07   155s
   1   5.35277757e+10 -3.93993635e+11  5.18e+08 2.06e+02  1.68e+07   159s
   2   7.89661236e+10 -2.69541536e+11  3.97e+08 8.99e+01  1.03e+07   163s
   3   2.00409076e+11 -1.70134071e+11  6.93e+07 2.80e+01  2.35e+06   170s
   4   1.55699178e+11 -5.25682190e+10  1.13e+07 3.41e+00  3.66e+05   175s
   5   6.40045387e+10 -2.68930134e+10  2.20e+06 8.81e-01  8.51e+04   179s
   6   1.73030928e+10 -1.80912143e+10  3.07e+05 4.46e-01  2.40e+04   182s
   7   8.46260671e+09 -9.92556089e+09  8.91e+04 1.85e-01  9.51e+03   186s
   8   3.36010103e+09 -3.33345089e+09  1.16e+04 4.55e-02  2.58e+03   190s
   9   8.26428919e+08 -1.07469326e+09  1.15e+03 1.23e-02  6.47e+02   195s
  10   4.43537497e+08 -1.66453850e+08  4.72e+02 9.65e-04  1.64e+02   199s
  11   1.01760375e+08 -5.69535310e+07  9.55e+01 9.47e-05  3.88e+01   205s
  12   2.80397384e+07 -4.37762562e+07  2.53e+01 4.57e-05  1.71e+01   213s
  13   1.74441120e+07 -2.47691170e+07  1.62e+01 2.70e-05  9.94e+00   219s
  14   1.28845531e+07 -1.34041956e+07  1.14e+01 1.04e-05  6.14e+00   224s
  15   9.50305192e+06 -1.15837737e+07  8.46e+00 1.56e-06  4.91e+00   228s
  16   8.25845549e+06 -8.15078718e+06  7.27e+00 2.50e-12  3.81e+00   232s
  17   5.22891067e+06 -4.22393915e+06  4.40e+00 1.59e-12  2.19e+00   237s
  18   3.16593999e+06 -2.83639160e+06  2.37e+00 1.14e-12  1.39e+00   243s
  19   2.20068250e+06 -1.99143154e+06  1.51e+00 2.27e-13  9.67e-01   247s
  20   1.80616960e+06 -1.28258252e+06  1.15e+00 2.09e-14  7.12e-01   252s
  21   1.35891711e+06 -7.89729533e+05  7.53e-01 1.36e-12  4.95e-01   258s
  22   1.09099072e+06 -4.38963471e+05  5.21e-01 9.09e-13  3.53e-01   264s
  23   9.70529386e+05 -2.97993210e+05  4.19e-01 2.27e-12  2.92e-01   268s
  24   8.81009465e+05 -8.33616623e+04  3.45e-01 6.88e-15  2.22e-01   275s
  25   7.49022549e+05 -1.11834422e+04  2.38e-01 6.33e-15  1.75e-01   283s
  26   6.67154828e+05  6.81087693e+04  1.71e-01 5.11e-15  1.38e-01   292s
  27   6.23220506e+05  1.32861482e+05  1.37e-01 4.77e-15  1.13e-01   304s
  28   6.03104902e+05  1.57463194e+05  1.22e-01 4.27e-15  1.03e-01   311s
  29   5.71914666e+05  2.13998634e+05  1.02e-01 2.05e-12  8.24e-02   322s
  30   5.43746370e+05  2.41774925e+05  8.36e-02 2.91e-15  6.95e-02   330s
  31   5.25815454e+05  2.62361487e+05  7.17e-02 2.61e-15  6.07e-02   339s
  32   5.02032425e+05  2.90835236e+05  5.61e-02 2.28e-15  4.86e-02   348s
  33   4.82647555e+05  3.09927969e+05  4.37e-02 2.03e-15  3.98e-02   357s
  34   4.75103812e+05  3.28464145e+05  3.90e-02 1.83e-15  3.38e-02   366s
  35   4.69032634e+05  3.44788849e+05  3.52e-02 2.05e-12  2.86e-02   374s
  36   4.60879308e+05  3.51830715e+05  3.03e-02 1.35e-15  2.51e-02   384s
  37   4.55997612e+05  3.58182958e+05  2.73e-02 1.71e-15  2.25e-02   394s
  38   4.54135380e+05  3.64183670e+05  2.55e-02 1.73e-15  2.07e-02   405s
  39   4.47397157e+05  3.70340008e+05  2.09e-02 4.55e-13  1.77e-02   415s
  40   4.44363865e+05  3.77258503e+05  1.89e-02 1.36e-12  1.55e-02   426s
  41   4.41877287e+05  3.78991095e+05  1.72e-02 1.67e-15  1.45e-02   437s
  42   4.40829612e+05  3.80300968e+05  1.66e-02 1.14e-12  1.39e-02   446s
  43   4.39254556e+05  3.82949953e+05  1.55e-02 1.59e-12  1.30e-02   455s
  44   4.38624784e+05  3.84735502e+05  1.51e-02 2.22e-15  1.24e-02   461s
  45   4.37246021e+05  3.85989483e+05  1.42e-02 4.55e-13  1.18e-02   471s
  46   4.36083599e+05  3.87832940e+05  1.35e-02 2.35e-15  1.11e-02   482s
  47   4.34019538e+05  3.89156432e+05  1.21e-02 2.27e-13  1.03e-02   492s
  48   4.33056303e+05  3.90766773e+05  1.15e-02 1.36e-12  9.74e-03   503s
  49   4.32098136e+05  3.92257447e+05  1.09e-02 2.59e-15  9.17e-03   514s
  50   4.31144621e+05  3.93647267e+05  1.03e-02 4.55e-13  8.63e-03   526s
  51   4.30585294e+05  3.94754405e+05  9.90e-03 6.82e-13  8.25e-03   536s
  52   4.30385391e+05  3.95060770e+05  9.77e-03 2.45e-15  8.13e-03   543s
  53   4.29064172e+05  3.96973924e+05  8.80e-03 4.55e-13  7.39e-03   554s
  54   4.27620114e+05  3.98111749e+05  7.80e-03 4.09e-12  6.79e-03   564s
  55   4.26387425e+05  4.00357277e+05  7.07e-03 2.12e-15  5.99e-03   575s
  56   4.25696754e+05  4.01222094e+05  6.64e-03 2.17e-15  5.63e-03   586s
  57   4.24622962e+05  4.03049928e+05  5.99e-03 1.95e-15  4.97e-03   597s
  58   4.24082787e+05  4.03960638e+05  5.65e-03 1.36e-12  4.63e-03   606s
  59   4.23346100e+05  4.05029187e+05  5.13e-03 2.27e-13  4.22e-03   617s
  60   4.22463582e+05  4.06000188e+05  4.57e-03 3.23e-15  3.79e-03   628s
  61   4.21805715e+05  4.06791772e+05  4.16e-03 3.41e-12  3.46e-03   638s
  62   4.21400143e+05  4.07208421e+05  3.90e-03 1.14e-12  3.27e-03   649s
  63   4.20912433e+05  4.07898835e+05  3.59e-03 4.50e-15  3.00e-03   659s
  64   4.20482047e+05  4.08596365e+05  3.32e-03 4.55e-13  2.74e-03   670s
  65   4.19979389e+05  4.09092665e+05  2.99e-03 5.33e-15  2.51e-03   682s
  66   4.19621090e+05  4.09430571e+05  2.75e-03 3.55e-15  2.35e-03   693s
  67   4.19364294e+05  4.09794689e+05  2.58e-03 3.74e-15  2.20e-03   703s
  68   4.19097151e+05  4.10423363e+05  2.41e-03 1.14e-12  2.00e-03   714s
  69   4.18748698e+05  4.10636221e+05  2.18e-03 6.99e-15  1.87e-03   723s
  70   4.18433520e+05  4.11018620e+05  1.98e-03 2.27e-12  1.71e-03   734s
  71   4.18179710e+05  4.11331472e+05  1.82e-03 5.33e-15  1.58e-03   744s
  72   4.17938081e+05  4.11476351e+05  1.67e-03 6.12e-15  1.49e-03   755s
  73   4.17583725e+05  4.11724625e+05  1.45e-03 4.55e-13  1.35e-03   766s
  74   4.17508028e+05  4.11914625e+05  1.41e-03 7.63e-15  1.29e-03   775s
  75   4.17419488e+05  4.12174123e+05  1.35e-03 5.05e-15  1.21e-03   786s
  76   4.17113235e+05  4.12360216e+05  1.16e-03 9.09e-13  1.09e-03   797s
  77   4.17020753e+05  4.12602421e+05  1.11e-03 2.05e-12  1.02e-03   806s
  78   4.16890650e+05  4.12724651e+05  1.03e-03 2.73e-12  9.59e-04   817s
  79   4.16792550e+05  4.12917184e+05  9.72e-04 1.82e-12  8.92e-04   828s
  80   4.16638219e+05  4.13272592e+05  8.80e-04 3.37e-15  7.75e-04   839s
  81   4.16524895e+05  4.13580436e+05  8.13e-04 3.55e-15  6.78e-04   850s
  82   4.16387341e+05  4.13682267e+05  7.33e-04 4.51e-15  6.23e-04   861s
  83   4.16266760e+05  4.13813854e+05  6.63e-04 9.09e-13  5.65e-04   872s
  84   4.16153354e+05  4.13917606e+05  5.97e-04 5.81e-15  5.15e-04   883s
  85   4.16046188e+05  4.14037327e+05  5.35e-04 4.55e-12  4.62e-04   894s
  86   4.15997530e+05  4.14151243e+05  5.06e-04 3.88e-15  4.25e-04   905s
  87   4.15901844e+05  4.14228961e+05  4.51e-04 1.14e-12  3.85e-04   916s
  88   4.15811887e+05  4.14304680e+05  3.99e-04 2.05e-12  3.47e-04   927s
  89   4.15755375e+05  4.14392007e+05  3.68e-04 7.11e-15  3.14e-04   939s
  90   4.15671844e+05  4.14428092e+05  3.22e-04 7.03e-15  2.86e-04   950s
  91   4.15619657e+05  4.14480514e+05  2.94e-04 9.09e-13  2.62e-04   961s
  92   4.15607010e+05  4.14544678e+05  2.87e-04 2.27e-12  2.45e-04   971s
  93   4.15562953e+05  4.14573477e+05  2.63e-04 5.23e-15  2.28e-04   984s
  94   4.15546289e+05  4.14617203e+05  2.54e-04 8.12e-15  2.14e-04  1001s
  95   4.15529733e+05  4.14649936e+05  2.45e-04 2.05e-12  2.03e-04  1015s
  96   4.15485821e+05  4.14678611e+05  2.21e-04 2.27e-12  1.86e-04  1033s
  97   4.15437686e+05  4.14696119e+05  1.95e-04 2.27e-13  1.71e-04  1052s
  98   4.15404184e+05  4.14733172e+05  1.77e-04 6.82e-13  1.54e-04  1067s
  99   4.15366585e+05  4.14757173e+05  1.56e-04 2.96e-12  1.40e-04  1085s
 100   4.15343130e+05  4.14780230e+05  1.44e-04 2.27e-13  1.30e-04  1105s
 101   4.15332267e+05  4.14806652e+05  1.39e-04 3.64e-12  1.21e-04  1123s
 102   4.15324880e+05  4.14821588e+05  1.35e-04 4.55e-13  1.16e-04  1142s
 103   4.15316466e+05  4.14831340e+05  1.30e-04 6.82e-13  1.12e-04  1156s
 104   4.15294068e+05  4.14846066e+05  1.19e-04 9.09e-13  1.03e-04  1174s
 105   4.15284109e+05  4.14865021e+05  1.13e-04 6.91e-15  9.65e-05  1192s
 106   4.15268645e+05  4.14881535e+05  1.05e-04 4.55e-13  8.91e-05  1210s
 107   4.15262764e+05  4.14899584e+05  1.02e-04 9.00e-15  8.36e-05  1229s
 108   4.15238902e+05  4.14912586e+05  9.02e-05 7.45e-15  7.51e-05  1248s
 109   4.15223873e+05  4.14921051e+05  8.24e-05 1.36e-12  6.97e-05  1266s
 110   4.15211946e+05  4.14940503e+05  7.63e-05 2.27e-13  6.25e-05  1286s
 111   4.15202317e+05  4.14944016e+05  7.13e-05 4.87e-15  5.95e-05  1298s
 112   4.15193856e+05  4.14945830e+05  6.70e-05 1.14e-12  5.71e-05  1320s
 113   4.15179635e+05  4.14964020e+05  5.98e-05 5.15e-15  4.96e-05  1340s
 114   4.15166159e+05  4.14973676e+05  5.31e-05 7.11e-15  4.43e-05  1361s
 115   4.15154284e+05  4.14981237e+05  4.72e-05 1.14e-12  3.98e-05  1382s
 116   4.15148851e+05  4.14986212e+05  4.46e-05 2.27e-12  3.74e-05  1398s
 117   4.15139880e+05  4.14992687e+05  4.02e-05 5.73e-15  3.39e-05  1418s
 118   4.15132664e+05  4.14998338e+05  3.67e-05 2.27e-13  3.09e-05  1439s
 119   4.15127707e+05  4.15006271e+05  3.43e-05 6.91e-15  2.80e-05  1460s
 120   4.15123141e+05  4.15013399e+05  3.20e-05 7.11e-15  2.53e-05  1481s
 121   4.15118161e+05  4.15015808e+05  2.97e-05 1.03e-14  2.36e-05  1502s
 122   4.15112972e+05  4.15018354e+05  2.72e-05 6.66e-15  2.18e-05  1523s
 123   4.15108556e+05  4.15021987e+05  2.52e-05 1.59e-12  1.99e-05  1546s
 124   4.15104867e+05  4.15025070e+05  2.34e-05 6.82e-13  1.84e-05  1569s
 125   4.15100267e+05  4.15026606e+05  2.12e-05 2.05e-12  1.70e-05  1591s
 126   4.15096490e+05  4.15029034e+05  1.94e-05 2.27e-13  1.55e-05  1615s
 127   4.15091863e+05  4.15031475e+05  1.72e-05 5.60e-15  1.39e-05  1638s
 128   4.15088016e+05  4.15032661e+05  1.55e-05 5.28e-15  1.27e-05  1661s
 129   4.15085829e+05  4.15034039e+05  1.45e-05 7.11e-15  1.19e-05  1686s
 130   4.15084269e+05  4.15035596e+05  1.37e-05 7.11e-15  1.12e-05  1707s
 131   4.15082654e+05  4.15037651e+05  1.30e-05 6.82e-13  1.04e-05  1728s
 132   4.15080768e+05  4.15039509e+05  1.21e-05 1.14e-12  9.50e-06  1750s
 133   4.15079644e+05  4.15040632e+05  1.16e-05 7.11e-15  8.98e-06  1775s
 134   4.15077973e+05  4.15041544e+05  1.08e-05 4.55e-13  8.39e-06  1798s
 135   4.15076494e+05  4.15042708e+05  1.01e-05 7.11e-15  7.78e-06  1824s
 136   4.15074765e+05  4.15043602e+05  9.31e-06 1.59e-12  7.17e-06  1852s
 137   4.15073166e+05  4.15044334e+05  8.57e-06 8.22e-15  6.64e-06  1872s
 138   4.15072156e+05  4.15045155e+05  8.09e-06 1.59e-12  6.22e-06  1893s
 139   4.15070735e+05  4.15046114e+05  7.45e-06 8.73e-15  5.67e-06  1912s
 140   4.15069348e+05  4.15047095e+05  6.81e-06 1.14e-12  5.12e-06  1933s
 141   4.15068121e+05  4.15047841e+05  6.26e-06 1.01e-14  4.67e-06  1954s
 142   4.15066433e+05  4.15048336e+05  5.49e-06 7.69e-15  4.17e-06  1976s
 143   4.15065559e+05  4.15048930e+05  5.09e-06 7.98e-15  3.83e-06  2002s
 144   4.15064682e+05  4.15049562e+05  4.68e-06 1.82e-12  3.48e-06  2025s
 145   4.15063699e+05  4.15049998e+05  4.21e-06 9.09e-13  3.15e-06  2047s
 146   4.15062907e+05  4.15050261e+05  3.87e-06 1.59e-12  2.91e-06  2068s
 147   4.15062027e+05  4.15050493e+05  3.48e-06 7.49e-15  2.65e-06  2086s
 148   4.15061480e+05  4.15050952e+05  3.22e-06 1.36e-12  2.42e-06  2108s
 149   4.15060834e+05  4.15051153e+05  2.93e-06 4.55e-13  2.23e-06  2137s
 150   4.15060294e+05  4.15051633e+05  2.71e-06 9.09e-13  1.99e-06  2165s
 151   4.15059815e+05  4.15052001e+05  2.47e-06 3.41e-13  1.80e-06  2194s
 152   4.15059325e+05  4.15052150e+05  2.26e-06 8.69e-15  1.65e-06  2218s
 153   4.15058968e+05  4.15052513e+05  2.10e-06 9.09e-13  1.49e-06  2244s
 154   4.15058305e+05  4.15052681e+05  1.80e-06 1.82e-12  1.29e-06  2271s
 155   4.15057983e+05  4.15052797e+05  1.67e-06 4.55e-13  1.19e-06  2298s
 156   4.15057645e+05  4.15052907e+05  1.51e-06 4.55e-13  1.09e-06  2324s
 157   4.15057338e+05  4.15053078e+05  1.39e-06 4.95e-15  9.80e-07  2352s
 158   4.15056748e+05  4.15053145e+05  1.10e-06 2.27e-13  8.29e-07  2381s
 159   4.15056532e+05  4.15053370e+05  1.01e-06 7.96e-13  7.28e-07  2403s
 160   4.15056365e+05  4.15053540e+05  9.56e-07 1.36e-12  6.50e-07  2433s
 161   4.15056221e+05  4.15053564e+05  8.99e-07 1.59e-12  6.11e-07  2464s
 162   4.15056112e+05  4.15053581e+05  8.49e-07 4.55e-13  5.83e-07  2483s
 163   4.15056022e+05  4.15053623e+05  1.54e-06 3.27e-10  5.52e-07  2501s
 164   4.15055901e+05  4.15053697e+05  1.45e-06 2.88e-10  5.07e-07  2529s
 165   4.15055738e+05  4.15053791e+05  1.26e-06 2.37e-10  4.48e-07  2566s
 166   4.15055485e+05  4.15053858e+05  2.48e-06 1.94e-09  3.75e-07  2606s
 167   4.15055403e+05  4.15053883e+05  2.31e-06 1.80e-09  3.50e-07  2637s
 168   4.15055346e+05  4.15053900e+05  2.78e-06 1.50e-09  3.33e-07  2668s
 169   4.15055290e+05  4.15053911e+05  2.34e-06 1.45e-09  3.17e-07  2705s
 170   4.15055206e+05  4.15053928e+05  2.46e-06 1.64e-09  2.94e-07  2742s
 171   4.15055165e+05  4.15053933e+05  2.40e-06 1.61e-09  2.84e-07  2767s
 172   4.15055040e+05  4.15053971e+05  2.18e-06 1.38e-09  2.46e-07  2794s
 173   4.15054932e+05  4.15053997e+05  1.17e-06 1.47e-09  2.15e-07  2823s
 174   4.15054855e+05  4.15054005e+05  4.29e-06 7.69e-10  1.96e-07  2843s
 175   4.15054787e+05  4.15054042e+05  1.11e-05 1.06e-08  1.71e-07  2874s
 176   4.15054721e+05  4.15054067e+05  1.33e-05 4.08e-08  1.51e-07  2887s
 177   4.15054662e+05  4.15054097e+05  1.18e-05 3.48e-08  1.30e-07  2929s
 178   4.15054618e+05  4.15054116e+05  1.07e-05 3.32e-08  1.16e-07  2953s
 179   4.15054572e+05  4.15054132e+05  8.78e-06 2.95e-08  1.01e-07  2970s
 180   4.15054516e+05  4.15054142e+05  7.31e-06 2.55e-08  8.59e-08  2982s
 181   4.15054498e+05  4.15054158e+05  6.88e-06 6.23e-08  7.82e-08  3001s
 182   4.15054462e+05  4.15054164e+05  5.98e-06 3.46e-07  6.86e-08  3023s
 183   4.15054414e+05  4.15054169e+05  4.83e-06 3.16e-07  5.65e-08  3038s
 184   4.15054391e+05  4.15054178e+05  4.25e-06 2.46e-07  4.89e-08  3062s
 185   4.15054371e+05  4.15054184e+05  3.74e-06 2.25e-07  4.29e-08  3083s
 186   4.15054348e+05  4.15054187e+05  3.15e-06 2.06e-07  3.72e-08  3100s
 187   4.15054338e+05  4.15054189e+05  2.87e-06 1.93e-07  3.43e-08  3116s
 188   4.15054323e+05  4.15054190e+05  2.50e-06 1.81e-07  3.05e-08  3141s
 189   4.15054318e+05  4.15054194e+05  2.37e-06 1.56e-07  2.84e-08  3161s
 190   4.15054307e+05  4.15054196e+05  2.14e-06 1.43e-07  2.56e-08  3179s
 191   4.15054300e+05  4.15054199e+05  1.67e-06 1.27e-07  2.32e-08  3191s
 192   4.15054290e+05  4.15054200e+05  7.91e-07 1.19e-07  2.07e-08  3202s
 193   4.15054279e+05  4.15054203e+05  6.85e-07 1.00e-07  1.75e-08  3226s
 194   4.15054270e+05  4.15054204e+05  4.77e-07 8.88e-08  1.52e-08  3251s
 195   4.15054266e+05  4.15054206e+05  9.61e-07 7.97e-08  1.39e-08  3281s
 196   4.15054263e+05  4.15054207e+05  8.59e-07 7.31e-08  1.30e-08  3308s
 197   4.15054259e+05  4.15054208e+05  1.25e-06 6.71e-08  1.19e-08  3337s
 198   4.15054256e+05  4.15054208e+05  1.13e-06 6.10e-08  1.09e-08  3363s
 199   4.15054256e+05  4.15054208e+05  1.49e-06 6.09e-08  1.09e-08  3376s
 200   4.15054249e+05  4.15054209e+05  1.96e-06 5.77e-08  9.24e-09  3383s
 201   4.15054247e+05  4.15054209e+05  1.85e-06 5.47e-08  8.74e-09  3394s
 202   4.15054246e+05  4.15054210e+05  4.03e-05 5.93e-08  8.33e-09  3405s
 203   4.15054245e+05  4.15054210e+05  3.92e-05 6.06e-08  8.09e-09  3416s
 204   4.15054244e+05  4.15054211e+05  3.73e-05 6.31e-08  7.68e-09  3444s
 205   4.15054243e+05  4.15054211e+05  3.62e-05 9.01e-08  7.42e-09  3452s
 206   4.15054243e+05  4.15054211e+05  3.56e-05 8.63e-08  7.27e-09  3465s
 207   4.15054242e+05  4.15054211e+05  3.41e-05 8.40e-08  6.99e-09  3475s
 208   4.15054241e+05  4.15054211e+05  3.37e-05 8.20e-08  6.88e-09  3485s
 209   4.15054240e+05  4.15054212e+05  3.12e-05 7.91e-08  6.43e-09  3512s
 210   4.15054239e+05  4.15054212e+05  3.04e-05 7.73e-08  6.26e-09  3523s
 211   4.15054238e+05  4.15054212e+05  2.85e-05 7.63e-08  5.95e-09  3541s
 212   4.15054237e+05  4.15054212e+05  2.76e-05 7.27e-08  5.75e-09  3555s
 213   4.15054237e+05  4.15054212e+05  2.76e-05 7.26e-08  5.74e-09  3562s
 214   4.15054235e+05  4.15054212e+05  2.44e-05 6.71e-08  5.16e-09  3578s
 215   4.15054233e+05  4.15054213e+05  2.23e-05 5.98e-08  4.70e-09  3590s
 216   4.15054233e+05  4.15054213e+05  2.23e-05 5.95e-08  4.69e-09  3599s
 217   4.15054229e+05  4.15054214e+05  1.64e-05 4.76e-08  3.53e-09  3625s
 218   4.15054228e+05  4.15054214e+05  1.53e-05 4.36e-08  3.27e-09  3633s
 219   4.15054228e+05  4.15054214e+05  1.47e-05 3.99e-08  3.11e-09  3641s
 220   4.15054227e+05  4.15054215e+05  1.30e-05 3.66e-08  2.78e-09  3649s
 221   4.15054226e+05  4.15054215e+05  1.21e-05 3.51e-08  2.58e-09  3657s
 222   4.15054226e+05  4.15054215e+05  1.19e-05 3.25e-08  2.49e-09  3670s
 223   4.15054226e+05  4.15054215e+05  1.18e-05 3.24e-08  2.47e-09  3678s
 224   4.15054226e+05  4.15054215e+05  5.59e-05 3.23e-08  2.42e-09  3694s
 225   4.15054225e+05  4.15054215e+05  5.33e-05 3.16e-08  2.32e-09  3706s
 226   4.15054225e+05  4.15054215e+05  4.87e-05 3.10e-08  2.14e-09  3723s

Barrier solved model in 226 iterations and 3723.01 seconds (1584.17 work units)
Optimal objective 4.15054225e+05


Gurobi 13.0.2 (linux64) logging started Fri Jul 17 10:49:34 2026

Set parameter LogFile to value "outputs/batch_1007_res/2050_FR_interconnected/logfile_2050_FR_interconnected.txt"
Gurobi Optimizer version 13.0.2 build v13.0.2rc1 (linux64 - "CentOS Stream 9")

CPU model: Intel(R) Xeon(R) Gold 6130 CPU @ 2.10GHz, instruction set [SSE2|AVX|AVX2|AVX512]
Thread count: 16 physical cores, 32 logical processors, using up to 32 threads

Non-default parameters:
Method  2
Crossover  0
NumericFocus  3
Presolve  2

Optimize a model with 9050784 rows, 6658150 columns and 26699641 nonzeros (Min)
Model fingerprint: 0x3f7c3ca6
Model has 1393190 linear objective coefficients
Coefficient statistics:
  Matrix range     [1e-04, 1e+02]
  Objective range  [6e-04, 3e+03]
  Bounds range     [0e+00, 0e+00]
  RHS range        [3e-02, 1e+05]

Presolve removed 5598989 rows and 3591886 columns (presolve time = 5s)...
Presolve removed 5923395 rows and 3907487 columns (presolve time = 10s)...
Presolve removed 5923395 rows and 3907487 columns (presolve time = 15s)...
Presolve removed 5923395 rows and 3907487 columns (presolve time = 20s)...
Presolve removed 5923395 rows and 3907487 columns (presolve time = 25s)...
Presolve removed 5923395 rows and 3907487 columns (presolve time = 30s)...
Presolve removed 5923395 rows and 3907487 columns (presolve time = 35s)...
Presolve removed 6720567 rows and 3916277 columns (presolve time = 41s)...
Presolve removed 6720567 rows and 3916277 columns (presolve time = 45s)...
Presolve removed 6720567 rows and 3916277 columns (presolve time = 50s)...
Presolve removed 6720567 rows and 3916277 columns (presolve time = 55s)...
Presolve removed 6720567 rows and 3916277 columns (presolve time = 60s)...
Presolve removed 6720567 rows and 3916277 columns (presolve time = 65s)...
Presolve removed 6720567 rows and 3916277 columns (presolve time = 70s)...
Presolve removed 6720567 rows and 3916277 columns (presolve time = 75s)...
Presolve removed 6720567 rows and 3916277 columns (presolve time = 80s)...
Presolve removed 6729327 rows and 3916277 columns
Presolve time: 85.17s
Presolved: 2321457 rows, 2750633 columns, 9315400 nonzeros
Elapsed ordering time = 7s
Elapsed ordering time = 10s
Elapsed ordering time = 15s
Ordering time: 21.01s

Barrier statistics:
 Dense cols : 95
 AA' NZ     : 5.228e+06
 Factor NZ  : 3.340e+07 (roughly 2.0 GB of memory)
 Factor Ops : 2.472e+09 (less than 1 second per iteration)
 Threads    : 16

                  Objective                Residual
Iter       Primal          Dual         Primal    Dual     Compl     Time
   0   3.29582478e+08 -1.61185933e+11  1.10e+08 1.82e-14  6.75e+06   179s
   1   3.48410276e+08 -1.06356994e+11  1.03e+08 3.33e+02  4.45e+06   185s
   2   4.38930842e+08 -7.29162192e+10  7.51e+07 1.22e+02  2.62e+06   191s
   3   6.43280787e+08 -4.36940937e+10  1.42e+07 1.12e+01  5.01e+05   202s
   4   6.45876409e+08 -2.08330100e+10  2.08e+06 1.41e+00  7.87e+04   209s
   5   5.64487509e+08 -9.12735911e+09  3.28e+05 2.13e-01  1.32e+04   213s
   6   3.21358938e+08 -3.92299167e+09  4.68e+04 4.16e-02  2.46e+03   219s
   7   1.49241538e+08 -3.03332548e+09  7.38e+03 3.05e-02  1.12e+03   224s
   8   8.74589060e+07 -6.61412702e+08  1.28e+03 2.50e-03  2.23e+02   230s
   9   3.49188495e+07 -2.81196925e+08  1.29e+02 1.03e-04  8.57e+01   237s
  10   1.69655299e+07 -1.00428450e+08  3.15e+01 1.09e-11  3.08e+01   244s
  11   6.69949927e+06 -3.72091419e+07  9.52e+00 1.73e-11  1.13e+01   251s
  12   4.03615258e+06 -1.91353036e+07  4.90e+00 9.55e-12  5.93e+00   257s
  13   3.26576848e+06 -9.76880627e+06  3.71e+00 1.06e-11  3.33e+00   265s
  14   1.82849671e+06 -5.41410420e+06  1.65e+00 1.64e-11  1.85e+00   276s
  15   1.37105832e+06 -3.19692549e+06  1.06e+00 3.64e-12  1.16e+00   284s
  16   1.22277347e+06 -2.27337695e+06  8.82e-01 2.22e-12  8.90e-01   291s
  17   1.07022033e+06 -1.72729576e+06  7.02e-01 3.24e-12  7.12e-01   297s
  18   9.59307045e+05 -1.22777443e+06  5.72e-01 4.55e-12  5.57e-01   304s
  19   8.39781230e+05 -9.63926210e+05  4.32e-01 4.09e-12  4.59e-01   311s
  20   7.81135625e+05 -5.34768743e+05  3.62e-01 4.55e-12  3.35e-01   321s
  21   6.97520423e+05 -3.05390413e+05  2.66e-01 5.46e-12  2.55e-01   337s
  22   6.43218636e+05 -1.65703528e+05  2.05e-01 1.36e-11  2.06e-01   349s
  23   6.06255784e+05 -2.72312713e+04  1.62e-01 4.09e-12  1.61e-01   365s
  24   5.82580281e+05  5.84475092e+04  1.35e-01 8.19e-12  1.33e-01   377s
  25   5.52604826e+05  1.38963725e+05  1.01e-01 4.32e-12  1.05e-01   393s
  26   5.37284757e+05  1.74392881e+05  8.52e-02 1.82e-12  9.23e-02   406s
  27   5.21332295e+05  2.10176907e+05  7.10e-02 6.14e-12  7.91e-02   423s
  28   5.08824922e+05  2.38923972e+05  6.07e-02 4.09e-12  6.86e-02   434s
  29   4.91544813e+05  2.66705072e+05  4.70e-02 4.55e-12  5.72e-02   445s
  30   4.73869412e+05  3.00386521e+05  3.51e-02 5.23e-12  4.41e-02   456s
  31   4.60902135e+05  3.24975519e+05  2.71e-02 7.28e-12  3.46e-02   469s
  32   4.51767245e+05  3.47069100e+05  2.18e-02 5.91e-12  2.66e-02   479s
  33   4.45276639e+05  3.62444791e+05  1.82e-02 2.05e-12  2.11e-02   493s
  34   4.41340679e+05  3.70518996e+05  1.61e-02 8.41e-12  1.80e-02   505s
  35   4.37614509e+05  3.75411897e+05  1.40e-02 3.64e-12  1.58e-02   515s
  36   4.36390005e+05  3.80377551e+05  1.33e-02 9.09e-13  1.42e-02   529s
  37   4.34220309e+05  3.82484134e+05  1.19e-02 3.87e-12  1.32e-02   544s
  38   4.33382375e+05  3.83222780e+05  1.14e-02 2.73e-12  1.28e-02   560s
  39   4.32153902e+05  3.86202492e+05  1.07e-02 3.41e-12  1.17e-02   576s
  40   4.31808489e+05  3.88681056e+05  1.05e-02 1.82e-12  1.10e-02   591s
  41   4.29985917e+05  3.89862880e+05  9.29e-03 7.28e-12  1.02e-02   608s
  42   4.28978575e+05  3.91963028e+05  8.63e-03 3.18e-12  9.41e-03   621s
  43   4.27488201e+05  3.93148636e+05  7.58e-03 6.37e-12  8.73e-03   635s
  44   4.26458658e+05  3.94434381e+05  6.92e-03 8.19e-12  8.14e-03   649s
  45   4.25768496e+05  3.96006683e+05  6.53e-03 5.46e-12  7.57e-03   664s
  46   4.24501088e+05  3.97385901e+05  5.77e-03 3.18e-12  6.90e-03   676s
  47   4.23846703e+05  3.98806752e+05  5.41e-03 3.18e-12  6.37e-03   693s
  48   4.23165058e+05  4.00367607e+05  5.04e-03 3.64e-12  5.80e-03   707s
  49   4.22189338e+05  4.01536071e+05  4.46e-03 8.19e-12  5.25e-03   723s
  50   4.21403806e+05  4.02620886e+05  4.02e-03 5.68e-12  4.78e-03   736s
  51   4.20450765e+05  4.03152117e+05  3.48e-03 3.64e-12  4.40e-03   752s
  52   4.20048507e+05  4.04206933e+05  3.26e-03 3.18e-12  4.03e-03   764s
  53   4.19502625e+05  4.04792592e+05  2.96e-03 2.50e-12  3.74e-03   779s
  54   4.18946411e+05  4.05754083e+05  2.66e-03 4.55e-12  3.35e-03   795s
  55   4.18795229e+05  4.06234097e+05  2.58e-03 8.19e-12  3.19e-03   809s
  56   4.18083814e+05  4.06658379e+05  2.19e-03 2.50e-12  2.91e-03   823s
  57   4.17655939e+05  4.07365318e+05  1.97e-03 2.05e-12  2.62e-03   840s
  58   4.17370971e+05  4.08050477e+05  1.83e-03 5.46e-12  2.37e-03   858s
  59   4.17167247e+05  4.08379355e+05  1.72e-03 3.18e-12  2.23e-03   876s
  60   4.16838981e+05  4.08623701e+05  1.55e-03 8.19e-12  2.09e-03   894s
  61   4.16534292e+05  4.09019850e+05  1.40e-03 4.55e-12  1.91e-03   909s
  62   4.16462553e+05  4.09174043e+05  1.36e-03 4.32e-12  1.85e-03   919s
  63   4.16167374e+05  4.09495558e+05  1.21e-03 2.05e-12  1.70e-03   933s
  64   4.16010935e+05  4.10237985e+05  1.14e-03 2.05e-12  1.47e-03   950s
  65   4.15732956e+05  4.10656548e+05  9.98e-04 2.96e-12  1.29e-03   964s
  66   4.15486026e+05  4.10906620e+05  8.78e-04 7.28e-12  1.16e-03   978s
  67   4.15335750e+05  4.11040360e+05  8.04e-04 3.64e-12  1.09e-03   992s
  68   4.15153220e+05  4.11446192e+05  7.12e-04 7.28e-12  9.43e-04  1007s
  69   4.15034565e+05  4.11662966e+05  6.53e-04 2.73e-12  8.57e-04  1021s
  70   4.14866758e+05  4.11784444e+05  5.70e-04 2.96e-12  7.84e-04  1035s
  71   4.14760460e+05  4.12049448e+05  5.19e-04 2.73e-12  6.89e-04  1051s
  72   4.14691286e+05  4.12153108e+05  4.87e-04 1.82e-12  6.45e-04  1064s
  73   4.14657287e+05  4.12216363e+05  4.71e-04 3.87e-12  6.21e-04  1076s
  74   4.14606381e+05  4.12337045e+05  4.47e-04 9.09e-12  5.77e-04  1092s
  75   4.14521213e+05  4.12478165e+05  4.09e-04 6.37e-12  5.20e-04  1109s
  76   4.14352599e+05  4.12578150e+05  3.33e-04 2.73e-12  4.51e-04  1123s
  77   4.14262916e+05  4.12704615e+05  2.92e-04 3.64e-12  3.96e-04  1137s
  78   4.14189000e+05  4.12783812e+05  2.60e-04 3.18e-12  3.57e-04  1148s
  79   4.14093078e+05  4.12826743e+05  2.18e-04 2.50e-12  3.22e-04  1163s
  80   4.14041448e+05  4.12946419e+05  1.95e-04 2.50e-12  2.78e-04  1176s
  81   4.14002604e+05  4.13025262e+05  1.78e-04 2.73e-12  2.49e-04  1189s
  82   4.13970839e+05  4.13081649e+05  1.65e-04 5.46e-12  2.26e-04  1205s
  83   4.13926408e+05  4.13132754e+05  1.46e-04 5.00e-12  2.02e-04  1221s
  84   4.13892658e+05  4.13212042e+05  1.32e-04 4.55e-12  1.73e-04  1236s
  85   4.13868952e+05  4.13231566e+05  1.22e-04 6.37e-12  1.62e-04  1247s
  86   4.13845083e+05  4.13256830e+05  1.12e-04 2.73e-12  1.50e-04  1262s
  87   4.13820388e+05  4.13297223e+05  1.02e-04 1.82e-12  1.33e-04  1274s
  88   4.13812414e+05  4.13320470e+05  9.90e-05 5.23e-12  1.25e-04  1290s
  89   4.13787594e+05  4.13353603e+05  8.89e-05 4.77e-12  1.10e-04  1305s
  90   4.13764975e+05  4.13375780e+05  7.98e-05 4.09e-12  9.90e-05  1321s
  91   4.13730897e+05  4.13401957e+05  6.64e-05 4.77e-12  8.36e-05  1337s
  92   4.13710773e+05  4.13429773e+05  5.84e-05 1.14e-11  7.15e-05  1351s
  93   4.13700726e+05  4.13449354e+05  5.45e-05 1.82e-12  6.39e-05  1365s
  94   4.13691525e+05  4.13461629e+05  5.09e-05 2.73e-12  5.85e-05  1375s
  95   4.13685411e+05  4.13465802e+05  4.86e-05 3.87e-12  5.58e-05  1383s
  96   4.13679484e+05  4.13471098e+05  4.63e-05 1.00e-11  5.30e-05  1400s
  97   4.13675128e+05  4.13473609e+05  4.47e-05 7.28e-12  5.12e-05  1415s
  98   4.13673148e+05  4.13476886e+05  4.39e-05 2.50e-12  4.99e-05  1429s
  99   4.13669805e+05  4.13480660e+05  4.26e-05 4.55e-12  4.81e-05  1440s
 100   4.13660970e+05  4.13484772e+05  3.92e-05 6.37e-12  4.48e-05  1451s
 101   4.13651913e+05  4.13494039e+05  3.57e-05 2.96e-12  4.01e-05  1465s
 102   4.13641158e+05  4.13499797e+05  3.15e-05 3.87e-12  3.59e-05  1477s
 103   4.13632683e+05  4.13508679e+05  2.82e-05 4.32e-12  3.15e-05  1493s
 104   4.13625783e+05  4.13515035e+05  2.56e-05 3.41e-12  2.82e-05  1507s
 105   4.13621913e+05  4.13517228e+05  2.41e-05 3.64e-12  2.66e-05  1515s
 106   4.13619583e+05  4.13519798e+05  2.32e-05 1.00e-11  2.54e-05  1526s
 107   4.13615350e+05  4.13521167e+05  2.15e-05 4.32e-12  2.39e-05  1537s
 108   4.13613119e+05  4.13524578e+05  2.07e-05 2.73e-12  2.25e-05  1550s
 109   4.13610924e+05  4.13526310e+05  1.98e-05 2.50e-12  2.15e-05  1568s
 110   4.13605499e+05  4.13530834e+05  1.77e-05 1.36e-12  1.90e-05  1586s
 111   4.13600811e+05  4.13533790e+05  1.59e-05 3.64e-12  1.70e-05  1607s
 112   4.13595838e+05  4.13536743e+05  1.41e-05 2.73e-12  1.50e-05  1627s
 113   4.13591660e+05  4.13539345e+05  1.25e-05 6.37e-12  1.33e-05  1647s
 114   4.13587876e+05  4.13542375e+05  1.10e-05 7.28e-12  1.16e-05  1668s
 115   4.13583627e+05  4.13543827e+05  9.43e-06 2.27e-12  1.01e-05  1687s
 116   4.13580506e+05  4.13545854e+05  8.25e-06 5.46e-12  8.81e-06  1708s
 117   4.13578694e+05  4.13546999e+05  7.56e-06 2.27e-12  8.06e-06  1733s
 118   4.13577819e+05  4.13547511e+05  7.24e-06 6.37e-12  7.71e-06  1754s
 119   4.13577413e+05  4.13547988e+05  7.09e-06 3.41e-12  7.48e-06  1773s
 120   4.13575484e+05  4.13549849e+05  6.37e-06 2.27e-12  6.52e-06  1800s
 121   4.13574863e+05  4.13550220e+05  6.14e-06 2.73e-12  6.27e-06  1818s
 122   4.13573699e+05  4.13550722e+05  5.71e-06 4.09e-12  5.84e-06  1842s
 123   4.13573175e+05  4.13550919e+05  5.51e-06 2.73e-12  5.66e-06  1860s
 124   4.13571866e+05  4.13551834e+05  5.02e-06 2.96e-12  5.09e-06  1886s
 125   4.13571046e+05  4.13552883e+05  4.71e-06 4.09e-12  4.62e-06  1910s
 126   4.13570143e+05  4.13553661e+05  4.37e-06 2.73e-12  4.19e-06  1932s
 127   4.13568431e+05  4.13554352e+05  3.73e-06 5.23e-12  3.58e-06  1954s
 128   4.13567478e+05  4.13554646e+05  3.38e-06 3.64e-12  3.26e-06  1981s
 129   4.13566914e+05  4.13554745e+05  3.16e-06 1.09e-11  3.09e-06  1997s
 130   4.13565720e+05  4.13555535e+05  2.72e-06 1.82e-12  2.59e-06  2026s
 131   4.13565093e+05  4.13556007e+05  2.48e-06 1.82e-12  2.31e-06  2054s
 132   4.13564134e+05  4.13556386e+05  2.14e-06 2.96e-12  1.97e-06  2082s
 133   4.13563296e+05  4.13556603e+05  1.82e-06 2.96e-12  1.70e-06  2112s
 134   4.13562631e+05  4.13556803e+05  1.56e-06 6.37e-12  1.48e-06  2135s
 135   4.13562099e+05  4.13557180e+05  1.37e-06 4.77e-12  1.25e-06  2164s
 136   4.13561984e+05  4.13557334e+05  1.32e-06 2.27e-12  1.18e-06  2182s
 137   4.13561549e+05  4.13557405e+05  1.16e-06 6.82e-12  1.05e-06  2219s
 138   4.13561114e+05  4.13557671e+05  9.95e-07 4.77e-12  8.75e-07  2254s
 139   4.13560650e+05  4.13557868e+05  8.10e-07 1.36e-11  7.07e-07  2286s
 140   4.13560269e+05  4.13557979e+05  6.70e-07 2.96e-12  5.82e-07  2319s
 141   4.13559913e+05  4.13558033e+05  5.35e-07 6.37e-12  4.78e-07  2354s
 142   4.13559606e+05  4.13558149e+05  4.19e-07 2.96e-12  3.71e-07  2384s
 143   4.13559411e+05  4.13558186e+05  3.51e-07 5.46e-12  3.12e-07  2418s
 144   4.13559318e+05  4.13558239e+05  3.16e-07 1.58e-11  2.74e-07  2454s
 145   4.13559157e+05  4.13558267e+05  2.56e-07 1.38e-11  2.26e-07  2496s
 146   4.13559079e+05  4.13558300e+05  2.30e-07 1.26e-11  1.98e-07  2525s
 147   4.13558947e+05  4.13558317e+05  1.81e-07 6.45e-11  1.60e-07  2562s
 148   4.13558869e+05  4.13558361e+05  1.61e-07 1.48e-07  1.29e-07  2600s
 149   4.13558812e+05  4.13558375e+05  1.36e-07 1.28e-07  1.11e-07  2651s
 150   4.13558771e+05  4.13558393e+05  1.30e-07 1.04e-07  9.63e-08  2699s
 151   4.13558719e+05  4.13558401e+05  1.05e-07 9.24e-08  8.08e-08  2752s
 152   4.13558695e+05  4.13558417e+05  9.46e-08 7.56e-08  7.07e-08  2793s
 153   4.13558661e+05  4.13558423e+05  8.36e-08 6.16e-08  6.05e-08  2826s
 154   4.13558635e+05  4.13558430e+05  7.28e-08 4.99e-08  5.21e-08  2859s
 155   4.13558606e+05  4.13558434e+05  5.76e-08 4.68e-08  4.39e-08  2897s
 156   4.13558596e+05  4.13558435e+05  6.48e-08 4.43e-08  4.09e-08  2924s
 157   4.13558586e+05  4.13558438e+05  7.52e-07 3.84e-08  3.77e-08  2947s
 158   4.13558572e+05  4.13558445e+05  7.08e-07 3.18e-08  3.23e-08  2971s
 159   4.13558559e+05  4.13558450e+05  6.62e-07 2.60e-08  2.79e-08  3014s
 160   4.13558550e+05  4.13558454e+05  5.85e-07 2.05e-08  2.44e-08  3063s
 161   4.13558537e+05  4.13558456e+05  4.83e-07 1.73e-08  2.06e-08  3092s
 162   4.13558522e+05  4.13558458e+05  3.45e-07 1.26e-08  1.63e-08  3120s
 163   4.13558510e+05  4.13558461e+05  2.68e-07 1.01e-08  1.23e-08  3157s
 164   4.13558501e+05  4.13558462e+05  3.22e-07 1.06e-08  1.00e-08  3175s
 165   4.13558495e+05  4.13558463e+05  2.39e-07 1.10e-08  8.05e-09  3198s
 166   4.13558492e+05  4.13558465e+05  4.71e-06 8.41e-09  6.82e-09  3236s
 167   4.13558488e+05  4.13558465e+05  3.87e-06 7.90e-09  5.64e-09  3265s
 168   4.13558486e+05  4.13558466e+05  3.48e-06 7.64e-09  5.13e-09  3279s
 169   4.13558484e+05  4.13558466e+05  3.16e-06 7.03e-09  4.65e-09  3297s
 170   4.13558484e+05  4.13558466e+05  3.06e-06 6.81e-09  4.49e-09  3307s
 171   4.13558483e+05  4.13558466e+05  7.34e-06 6.71e-09  4.28e-09  3321s
 172   4.13558483e+05  4.13558467e+05  9.48e-06 6.53e-09  4.06e-09  3342s
 173   4.13558481e+05  4.13558467e+05  1.12e-05 6.36e-09  3.70e-09  3356s
 174   4.13558481e+05  4.13558467e+05  1.11e-05 6.13e-09  3.48e-09  3370s
 175   4.13558480e+05  4.13558467e+05  1.08e-05 5.95e-09  3.35e-09  3381s
 176   4.13558480e+05  4.13558467e+05  1.03e-05 5.74e-09  3.16e-09  3401s
 177   4.13558479e+05  4.13558468e+05  1.00e-05 5.50e-09  3.04e-09  3420s
 178   4.13558479e+05  4.13558468e+05  1.06e-05 5.19e-09  2.78e-09  3451s
 179   4.13558478e+05  4.13558468e+05  9.84e-06 4.88e-09  2.55e-09  3480s
 180   4.13558478e+05  4.13558468e+05  9.38e-06 4.63e-09  2.42e-09  3499s
 181   4.13558477e+05  4.13558468e+05  8.46e-06 4.41e-09  2.22e-09  3526s
 182   4.13558476e+05  4.13558468e+05  7.57e-06 4.25e-09  2.04e-09  3539s

Barrier solved model in 182 iterations and 3538.78 seconds (1034.64 work units)
Optimal objective 4.13558476e+05

