
Gurobi 13.0.2 (linux64) logging started Tue Jul 21 07:08:33 2026

Set parameter LogFile to value "outputs/batch_2007_nores_step1/2048_FR_alone/logfile_2048_FR_alone.txt"
Gurobi Optimizer version 13.0.2 build v13.0.2rc1 (linux64 - "CentOS Stream 9")

CPU model: Intel(R) Xeon(R) Gold 6130 CPU @ 2.10GHz, instruction set [SSE2|AVX|AVX2|AVX512]
Thread count: 16 physical cores, 32 logical processors, using up to 32 threads

Non-default parameters:
Method  2
Crossover  0
NumericFocus  3
Presolve  2

Optimize a model with 1007911 rows, 823495 columns and 3925640 nonzeros (Min)
Model fingerprint: 0x1c6d1b54
Model has 210275 linear objective coefficients
Coefficient statistics:
  Matrix range     [1e-04, 1e+02]
  Objective range  [6e-04, 3e+03]
  Bounds range     [0e+00, 0e+00]
  RHS range        [7e-02, 1e+05]

Presolve removed 529922 rows and 430000 columns (presolve time = 7s)...
Presolve removed 537947 rows and 438025 columns (presolve time = 10s)...
Presolve removed 709904 rows and 446789 columns
Presolve time: 14.43s
Presolved: 298007 rows, 385466 columns, 1594848 nonzeros
Ordering time: 0.31s

Barrier statistics:
 Dense cols : 26
 AA' NZ     : 1.248e+06
 Factor NZ  : 6.447e+06 (roughly 300 MB of memory)
 Factor Ops : 3.952e+08 (less than 1 second per iteration)
 Threads    : 16

                  Objective                Residual
Iter       Primal          Dual         Primal    Dual     Compl     Time
   0   7.78747769e+07 -6.02763014e+11  1.16e+08 4.97e-14  3.06e+07    16s
   1   7.99486050e+07 -5.48773441e+11  1.13e+08 7.34e+02  2.77e+07    19s
   2   8.52198476e+07 -3.96406217e+11  1.03e+08 2.88e+02  2.01e+07    23s
   3   9.25967355e+07 -2.59290465e+11  8.82e+07 1.17e+02  1.72e+07    30s
   4   1.27957977e+08 -1.24160075e+11  2.81e+07 2.79e+00  5.73e+06    34s
   5   1.37036155e+08 -4.44272784e+10  4.19e+06 3.13e-01  8.76e+05    40s
   6   1.24637944e+08 -1.80576318e+10  9.00e+05 5.29e-02  1.93e+05    45s
   7   9.11654450e+07 -9.78632725e+09  3.03e+05 1.01e-02  6.53e+04    49s
   8   4.73722795e+07 -5.77934588e+09  8.31e+04 1.22e-03  2.08e+04    52s
   9   2.84342458e+07 -3.63099605e+09  3.21e+04 1.73e-08  9.45e+03    54s
  10   2.12647593e+07 -2.05450284e+09  7.78e+03 1.28e-08  3.84e+03    58s
  11   1.20752917e+07 -1.59186122e+09  1.22e+03 7.93e-09  2.51e+03    62s
  12   6.84186372e+06 -1.00237645e+09  4.77e+02 7.23e-09  1.54e+03    66s
  13   4.13653053e+06 -7.20799929e+08  1.29e+02 4.23e-09  1.10e+03    71s
  14   2.12226779e+06 -1.56175025e+08  2.57e+01 3.39e-09  2.38e+02    77s
  15   5.33957831e+05 -2.97631323e+07  5.53e+00 1.14e-09  4.55e+01    83s
  16   2.21151800e+05 -5.80929434e+06  1.74e+00 2.13e-10  9.06e+00    88s
  17   1.60323326e+05 -1.28523561e+06  1.02e+00 7.48e-11  2.17e+00    93s
  18   1.25956811e+05 -4.35005582e+05  5.94e-01 2.89e-11  8.42e-01    98s
  19   1.06712975e+05 -2.33747526e+05  3.62e-01 1.64e-11  5.11e-01   102s
  20   9.41560167e+04 -9.17976539e+04  2.12e-01 7.76e-12  2.79e-01   107s
  21   8.64880748e+04 -2.71594581e+04  1.30e-01 4.69e-12  1.71e-01   112s
  22   7.90630550e+04  5.09908379e+03  7.48e-02 3.38e-12  1.11e-01   119s
  23   7.26163945e+04  1.94241522e+04  5.11e-02 2.09e-12  7.99e-02   123s
  24   6.98103768e+04  3.47622822e+04  3.94e-02 1.48e-12  5.26e-02   130s
  25   6.46908113e+04  4.25529059e+04  2.10e-02 8.79e-13  3.32e-02   138s
  26   6.23419961e+04  4.64975389e+04  1.40e-02 6.87e-13  2.38e-02   144s
  27   6.18119325e+04  4.73253844e+04  1.26e-02 2.96e-12  2.18e-02   148s
  28   6.13889023e+04  4.84257872e+04  1.15e-02 6.48e-13  1.95e-02   152s
  29   6.04012886e+04  4.98509362e+04  8.82e-03 2.50e-12  1.58e-02   156s
  30   5.99191680e+04  5.13932666e+04  7.60e-03 3.68e-13  1.28e-02   163s
  31   5.95888733e+04  5.21638292e+04  6.73e-03 4.32e-12  1.12e-02   173s
  32   5.93534552e+04  5.29851861e+04  6.14e-03 2.62e-13  9.56e-03   181s
  33   5.91716907e+04  5.34312355e+04  5.71e-03 2.35e-13  8.62e-03   190s
  34   5.84255488e+04  5.39762436e+04  3.93e-03 2.27e-13  6.68e-03   197s
  35   5.82739504e+04  5.45968153e+04  3.57e-03 1.33e-13  5.52e-03   203s
  36   5.80427283e+04  5.50269451e+04  3.06e-03 1.12e-13  4.53e-03   209s
  37   5.77643978e+04  5.51838023e+04  2.45e-03 4.09e-12  3.88e-03   216s
  38   5.76213498e+04  5.53749139e+04  2.14e-03 1.23e-13  3.37e-03   222s
  39   5.73909075e+04  5.55342871e+04  1.66e-03 9.68e-14  2.79e-03   228s
  40   5.72442393e+04  5.56284571e+04  1.35e-03 4.55e-13  2.43e-03   231s
  41   5.72027312e+04  5.57733078e+04  1.27e-03 4.55e-13  2.15e-03   240s
  42   5.71543898e+04  5.58307155e+04  1.17e-03 7.11e-14  1.99e-03   249s
  43   5.70466479e+04  5.58962463e+04  9.50e-04 5.15e-14  1.73e-03   252s
  44   5.70028310e+04  5.59799030e+04  8.62e-04 5.86e-14  1.54e-03   255s
  45   5.69434211e+04  5.60172229e+04  7.43e-04 3.20e-14  1.39e-03   258s
  46   5.69252107e+04  5.61076488e+04  7.07e-04 1.14e-12  1.23e-03   260s
  47   5.68674491e+04  5.61845534e+04  5.82e-04 2.27e-13  1.03e-03   269s
  48   5.68432460e+04  5.62298510e+04  5.34e-04 6.04e-14  9.21e-04   278s
  49   5.68217354e+04  5.62705747e+04  4.91e-04 2.73e-12  8.28e-04   286s
  50   5.67982198e+04  5.63013853e+04  4.45e-04 6.75e-14  7.46e-04   294s
  51   5.67653952e+04  5.63264502e+04  3.81e-04 2.05e-12  6.59e-04   300s
  52   5.67401614e+04  5.63553558e+04  3.33e-04 2.27e-13  5.78e-04   305s
  53   5.67152314e+04  5.63919149e+04  2.87e-04 3.38e-14  4.86e-04   312s
  54   5.66986354e+04  5.64203361e+04  2.55e-04 1.10e-13  4.18e-04   322s
  55   5.66779017e+04  5.64383322e+04  2.17e-04 3.91e-14  3.60e-04   332s
  56   5.66648281e+04  5.64533892e+04  1.92e-04 6.82e-13  3.18e-04   345s
  57   5.66519752e+04  5.64669917e+04  1.68e-04 1.36e-12  2.78e-04   357s
  58   5.66395248e+04  5.64763424e+04  1.45e-04 1.36e-12  2.45e-04   365s
  59   5.66321698e+04  5.64864791e+04  1.32e-04 3.91e-14  2.19e-04   370s
  60   5.66292289e+04  5.64944696e+04  1.26e-04 8.17e-14  2.02e-04   383s
  61   5.66230979e+04  5.65007012e+04  1.15e-04 6.82e-13  1.84e-04   392s
  62   5.66140961e+04  5.65078562e+04  9.83e-05 1.59e-12  1.60e-04   403s
  63   5.66093774e+04  5.65135346e+04  8.98e-05 6.39e-14  1.44e-04   412s
  64   5.66059231e+04  5.65187715e+04  8.34e-05 2.73e-12  1.31e-04   420s
  65   5.65964836e+04  5.65240131e+04  6.64e-05 4.97e-14  1.09e-04   429s
  66   5.65925523e+04  5.65263691e+04  5.91e-05 1.36e-12  9.94e-05   437s
  67   5.65892453e+04  5.65281678e+04  5.32e-05 2.40e-14  9.17e-05   441s
  68   5.65880117e+04  5.65296834e+04  5.09e-05 2.27e-13  8.76e-05   447s
  69   5.65826452e+04  5.65337151e+04  4.09e-05 2.05e-12  7.35e-05   456s
  70   5.65794858e+04  5.65388683e+04  3.53e-05 2.31e-13  6.10e-05   465s
  71   5.65775921e+04  5.65424740e+04  3.18e-05 2.27e-13  5.27e-05   477s
  72   5.65742369e+04  5.65449623e+04  2.59e-05 4.09e-14  4.40e-05   489s
  73   5.65727359e+04  5.65461123e+04  2.31e-05 5.51e-14  4.00e-05   502s
  74   5.65715759e+04  5.65471424e+04  2.10e-05 3.91e-14  3.67e-05   509s
  75   5.65701864e+04  5.65491036e+04  1.85e-05 2.73e-12  3.17e-05   521s
  76   5.65677031e+04  5.65505402e+04  1.42e-05 6.04e-14  2.58e-05   533s
  77   5.65671238e+04  5.65519874e+04  1.31e-05 2.27e-12  2.27e-05   543s
  78   5.65666131e+04  5.65526362e+04  1.22e-05 1.56e-13  2.10e-05   554s
  79   5.65657431e+04  5.65534470e+04  1.07e-05 4.62e-14  1.85e-05   567s
  80   5.65651208e+04  5.65550266e+04  9.62e-06 1.14e-12  1.52e-05   581s
  81   5.65642409e+04  5.65552323e+04  8.04e-06 5.00e-12  1.35e-05   595s
  82   5.65635487e+04  5.65555285e+04  6.86e-06 3.20e-14  1.20e-05   608s
  83   5.65631766e+04  5.65559419e+04  6.19e-06 2.05e-12  1.09e-05   623s
  84   5.65630359e+04  5.65561792e+04  5.94e-06 2.73e-12  1.03e-05   639s
  85   5.65623880e+04  5.65566580e+04  4.80e-06 2.66e-14  8.60e-06   655s
  86   5.65621695e+04  5.65571267e+04  4.43e-06 1.59e-12  7.57e-06   670s
  87   5.65619262e+04  5.65574490e+04  4.00e-06 9.09e-13  6.72e-06   683s
  88   5.65613333e+04  5.65579388e+04  2.97e-06 9.09e-13  5.10e-06   694s
  89   5.65606602e+04  5.65583720e+04  1.79e-06 2.84e-14  3.44e-06   705s
  90   5.65603865e+04  5.65586861e+04  1.32e-06 4.09e-14  2.55e-06   721s
  91   5.65601303e+04  5.65587741e+04  8.90e-07 2.84e-14  2.04e-06   732s
  92   5.65600638e+04  5.65588424e+04  7.80e-07 9.09e-13  1.83e-06   738s
  93   5.65599555e+04  5.65590974e+04  5.92e-07 8.17e-14  1.29e-06   745s
  94   5.65598377e+04  5.65591878e+04  3.92e-07 1.14e-12  9.76e-07   752s
  95   5.65598213e+04  5.65592218e+04  3.64e-07 2.27e-13  9.00e-07   760s
  96   5.65597826e+04  5.65592662e+04  3.02e-07 1.17e-13  7.75e-07   770s
  97   5.65597377e+04  5.65593679e+04  2.30e-07 4.55e-13  5.55e-07   779s
  98   5.65597154e+04  5.65594134e+04  1.92e-07 4.44e-14  4.53e-07   789s
  99   5.65596732e+04  5.65595079e+04  1.25e-07 3.55e-14  2.48e-07   798s
 100   5.65596107e+04  5.65595746e+04  2.48e-08 2.27e-12  5.42e-08   809s
 101   5.65595975e+04  5.65595909e+04  1.00e-06 5.52e-11  9.92e-09   816s
 102   5.65595940e+04  5.65595932e+04  9.53e-08 7.94e-12  1.15e-09   827s
 103   5.65595939e+04  5.65595933e+04  3.20e-06 6.30e-12  9.27e-10   831s
 104   5.65595937e+04  5.65595935e+04  1.69e-06 1.65e-08  3.50e-10   835s

Barrier solved model in 104 iterations and 835.50 seconds (87.84 work units)
Optimal objective 5.65595937e+04

