
Gurobi 13.0.2 (linux64) logging started Sun Jul 19 05:10:30 2026

Set parameter LogFile to value "outputs/batch_1707_res_step2/2053_FR_interconnected/logfile_2053_FR_interconnected.txt"
Gurobi Optimizer version 13.0.2 build v13.0.2rc1 (linux64 - "CentOS Stream 9")

CPU model: Intel(R) Xeon(R) Gold 6130 CPU @ 2.10GHz, instruction set [SSE2|AVX|AVX2|AVX512]
Thread count: 16 physical cores, 32 logical processors, using up to 32 threads

Non-default parameters:
Method  2
Crossover  0
NumericFocus  3
Presolve  2

Optimize a model with 9050784 rows, 6658150 columns and 26752127 nonzeros (Min)
Model fingerprint: 0x66504dd4
Model has 1393190 linear objective coefficients
Coefficient statistics:
  Matrix range     [1e-04, 1e+02]
  Objective range  [6e-04, 3e+03]
  Bounds range     [0e+00, 0e+00]
  RHS range        [2e-02, 1e+05]

Presolve removed 5502629 rows and 3416686 columns (presolve time = 5s)...
Presolve removed 5765548 rows and 3732120 columns (presolve time = 11s)...
Presolve removed 5765548 rows and 3732120 columns (presolve time = 15s)...
Presolve removed 5765548 rows and 3732120 columns (presolve time = 20s)...
Presolve removed 5765548 rows and 3732120 columns (presolve time = 25s)...
Presolve removed 5765548 rows and 3732120 columns (presolve time = 30s)...
Presolve removed 5765548 rows and 3732120 columns (presolve time = 35s)...
Presolve removed 5765548 rows and 3732120 columns (presolve time = 40s)...
Presolve removed 6501388 rows and 3732120 columns (presolve time = 45s)...
Presolve removed 6589000 rows and 3740910 columns (presolve time = 50s)...
Presolve removed 6589000 rows and 3740910 columns (presolve time = 55s)...
Presolve removed 6589000 rows and 3740910 columns (presolve time = 60s)...
Presolve removed 6589000 rows and 3740910 columns (presolve time = 65s)...
Presolve removed 6589000 rows and 3740910 columns (presolve time = 70s)...
Presolve removed 6589000 rows and 3740910 columns (presolve time = 75s)...
Presolve removed 6597760 rows and 3740910 columns
Presolve time: 79.51s
Presolved: 2453024 rows, 2926000 columns, 10112894 nonzeros
Elapsed ordering time = 6s
Elapsed ordering time = 10s
Elapsed ordering time = 15s
Ordering time: 21.18s

Barrier statistics:
 Dense cols : 95
 AA' NZ     : 6.091e+06
 Factor NZ  : 3.705e+07 (roughly 2.0 GB of memory)
 Factor Ops : 2.915e+09 (less than 1 second per iteration)
 Threads    : 16

                  Objective                Residual
Iter       Primal          Dual         Primal    Dual     Compl     Time
   0   6.89462780e+08 -6.72749205e+11  5.72e+08 3.95e-14  3.05e+07   164s
   1   7.51329942e+08 -3.95796325e+11  5.26e+08 2.06e+02  1.80e+07   181s
   2   9.58330928e+08 -2.61867909e+11  4.07e+08 6.46e+01  1.14e+07   203s
   3   1.57670921e+09 -1.68214512e+11  7.65e+07 2.43e+01  2.51e+06   233s
   4   1.65917441e+09 -5.32015863e+10  1.40e+07 3.21e+00  4.55e+05   253s
   5   1.60618568e+09 -2.38064362e+10  2.36e+06 4.11e-01  7.62e+04   266s
   6   1.21995009e+09 -1.18790001e+10  2.91e+05 5.83e-02  1.13e+04   280s
   7   6.06803003e+08 -4.91251152e+09  5.41e+04 1.15e-02  2.61e+03   301s
   8   3.34988871e+08 -4.41285009e+09  1.62e+04 1.01e-02  1.57e+03   324s
   9   1.88113451e+08 -1.54231374e+09  3.07e+03 2.29e-03  4.75e+02   354s
  10   7.65921226e+07 -1.30366406e+09  4.96e+02 1.91e-03  3.43e+02   391s
  11   2.95193342e+07 -2.01831979e+08  1.19e+02 2.58e-04  5.57e+01   417s
  12   1.35170135e+07 -7.70132854e+07  4.64e+01 7.70e-05  2.16e+01   434s
  13   7.52098783e+06 -3.03402529e+07  2.05e+01 2.96e-12  8.97e+00   451s
  14   4.46077547e+06 -2.32018410e+07  1.02e+01 1.37e-13  6.54e+00   468s
  15   3.45234093e+06 -1.12939425e+07  7.34e+00 2.96e-12  3.48e+00   488s
  16   2.17986203e+06 -6.81881017e+06  3.78e+00 1.14e-12  2.12e+00   517s
  17   1.74880075e+06 -4.16237498e+06  2.63e+00 2.27e-13  1.40e+00   536s
  18   1.35695986e+06 -2.59651522e+06  1.74e+00 6.82e-13  9.33e-01   567s
  19   1.16808709e+06 -2.05373195e+06  1.33e+00 1.82e-12  7.60e-01   590s
  20   1.07363791e+06 -1.57822844e+06  1.12e+00 1.51e-14  6.26e-01   620s
  21   9.70297157e+05 -1.21732468e+06  9.12e-01 1.14e-12  5.16e-01   642s
  22   8.86091627e+05 -9.82656344e+05  7.51e-01 1.82e-12  4.41e-01   673s
  23   8.14494248e+05 -6.15594774e+05  6.16e-01 8.88e-15  3.37e-01   710s
  24   7.31908645e+05 -4.17914245e+05  4.61e-01 7.88e-15  2.71e-01   751s
  25   6.93341118e+05 -2.86958858e+05  3.89e-01 6.44e-15  2.31e-01   792s
  26   6.44085474e+05 -5.84614591e+04  2.99e-01 5.44e-15  1.66e-01   834s
  27   6.19439209e+05  5.05323813e+04  2.56e-01 4.33e-15  1.34e-01   869s
  28   5.95898719e+05  9.60844857e+04  2.17e-01 3.89e-15  1.18e-01   910s
  29   5.78385427e+05  1.41085507e+05  1.89e-01 6.82e-13  1.03e-01   943s
  30   5.72801260e+05  1.74435496e+05  1.79e-01 3.33e-15  9.40e-02   968s
  31   5.67420710e+05  2.08372755e+05  1.70e-01 2.27e-13  8.47e-02   993s
  32   5.53441144e+05  2.30107802e+05  1.47e-01 3.11e-15  7.63e-02  1026s
  33   5.44891435e+05  2.48613053e+05  1.32e-01 1.14e-12  6.99e-02  1067s
  34   5.37420466e+05  2.66034260e+05  1.19e-01 2.75e-15  6.40e-02  1116s
  35   5.30619720e+05  2.81423727e+05  1.07e-01 2.75e-15  5.88e-02  1158s
  36   5.23981401e+05  3.15510564e+05  9.54e-02 2.05e-15  4.92e-02  1204s
  37   5.17538954e+05  3.32018551e+05  8.46e-02 3.18e-12  4.38e-02  1232s
  38   5.14742464e+05  3.35718612e+05  8.01e-02 1.92e-15  4.22e-02  1262s
  39   5.08112063e+05  3.45260180e+05  6.88e-02 1.69e-15  3.84e-02  1307s
  40   5.04801396e+05  3.67934768e+05  6.34e-02 4.09e-12  3.23e-02  1350s
  41   4.99665572e+05  3.74965694e+05  5.49e-02 1.98e-15  2.94e-02  1394s
  42   4.96316609e+05  3.85197371e+05  4.96e-02 2.27e-12  2.62e-02  1441s
  43   4.93243852e+05  3.90540731e+05  4.45e-02 9.09e-13  2.42e-02  1483s
  44   4.90431101e+05  3.96208242e+05  3.99e-02 1.36e-12  2.22e-02  1525s
  45   4.88656525e+05  4.01959527e+05  3.71e-02 6.82e-13  2.04e-02  1558s
  46   4.87116803e+05  4.03719041e+05  3.48e-02 2.22e-15  1.97e-02  1591s
  47   4.85060842e+05  4.10309244e+05  3.18e-02 3.18e-12  1.76e-02  1632s
  48   4.83539780e+05  4.13094641e+05  2.96e-02 2.96e-12  1.66e-02  1675s
  49   4.81713339e+05  4.17197243e+05  2.69e-02 3.25e-15  1.52e-02  1731s
  50   4.80756346e+05  4.19900438e+05  2.55e-02 3.31e-15  1.44e-02  1756s
  51   4.79529440e+05  4.22835712e+05  2.37e-02 3.05e-15  1.34e-02  1789s
  52   4.77554200e+05  4.27431557e+05  2.10e-02 4.55e-13  1.18e-02  1835s
  53   4.75511170e+05  4.30657159e+05  1.82e-02 2.52e-15  1.06e-02  1884s
  54   4.73837443e+05  4.34362671e+05  1.61e-02 6.82e-13  9.31e-03  1937s
  55   4.73097300e+05  4.36571870e+05  1.51e-02 2.65e-15  8.62e-03  1972s
  56   4.72680542e+05  4.38155602e+05  1.46e-02 1.82e-12  8.14e-03  2013s
  57   4.71495304e+05  4.40513962e+05  1.30e-02 6.82e-13  7.31e-03  2047s
  58   4.70079892e+05  4.43589890e+05  1.12e-02 3.43e-15  6.25e-03  2095s
  59   4.68720257e+05  4.45693582e+05  9.53e-03 2.27e-13  5.43e-03  2149s
  60   4.67796776e+05  4.48001905e+05  8.39e-03 1.59e-12  4.67e-03  2193s
  61   4.66991373e+05  4.49865634e+05  7.42e-03 2.27e-13  4.04e-03  2243s
  62   4.66269162e+05  4.50988519e+05  6.53e-03 2.27e-13  3.60e-03  2292s
  63   4.65701282e+05  4.52342017e+05  5.84e-03 4.54e-15  3.15e-03  2338s
  64   4.65040419e+05  4.52861451e+05  5.06e-03 1.36e-12  2.87e-03  2379s
  65   4.64680043e+05  4.53870350e+05  4.63e-03 4.49e-15  2.55e-03  2419s
  66   4.64375318e+05  4.54379114e+05  4.27e-03 7.11e-15  2.36e-03  2451s
  67   4.63926062e+05  4.54959462e+05  3.75e-03 3.55e-15  2.11e-03  2492s
  68   4.63512098e+05  4.55479689e+05  3.25e-03 6.82e-13  1.89e-03  2535s
  69   4.63395508e+05  4.55837946e+05  3.12e-03 2.50e-12  1.78e-03  2585s
  70   4.63311613e+05  4.56063413e+05  3.02e-03 1.36e-12  1.71e-03  2634s
  71   4.62982120e+05  4.56572032e+05  2.64e-03 4.55e-13  1.51e-03  2683s
  72   4.62769676e+05  4.56963953e+05  2.41e-03 7.11e-15  1.37e-03  2713s
  73   4.62649014e+05  4.57134708e+05  2.28e-03 2.27e-12  1.30e-03  2761s
  74   4.62454130e+05  4.57286262e+05  2.07e-03 7.22e-15  1.22e-03  2803s
  75   4.62167038e+05  4.57501957e+05  1.76e-03 8.48e-15  1.10e-03  2848s
  76   4.61963432e+05  4.57826358e+05  1.54e-03 2.27e-13  9.76e-04  2896s
  77   4.61886656e+05  4.57962684e+05  1.46e-03 9.09e-13  9.26e-04  2936s
  78   4.61704029e+05  4.58299875e+05  1.26e-03 9.29e-15  8.03e-04  2979s
  79   4.61533283e+05  4.58649279e+05  1.08e-03 6.82e-13  6.80e-04  3021s
  80   4.61410097e+05  4.58940510e+05  9.52e-04 6.82e-13  5.82e-04  3070s
  81   4.61312711e+05  4.59065220e+05  8.52e-04 3.41e-12  5.30e-04  3113s
  82   4.61247554e+05  4.59203180e+05  7.87e-04 1.14e-12  4.82e-04  3155s
  83   4.61201150e+05  4.59328684e+05  7.40e-04 4.55e-13  4.42e-04  3191s
  84   4.61166866e+05  4.59383691e+05  7.06e-04 6.78e-15  4.21e-04  3234s
  85   4.61075953e+05  4.59541048e+05  6.17e-04 1.36e-12  3.62e-04  3284s
  86   4.61012211e+05  4.59678885e+05  5.55e-04 7.20e-15  3.14e-04  3327s
  87   4.60960752e+05  4.59732623e+05  5.05e-04 7.76e-15  2.90e-04  3367s
  88   4.60923685e+05  4.59782480e+05  4.69e-04 7.49e-15  2.69e-04  3427s
  89   4.60897879e+05  4.59820845e+05  4.44e-04 1.59e-12  2.54e-04  3458s
  90   4.60852073e+05  4.59891316e+05  3.99e-04 5.55e-15  2.27e-04  3521s
  91   4.60815209e+05  4.59960580e+05  3.63e-04 1.82e-12  2.02e-04  3594s
  92   4.60772869e+05  4.60001107e+05  3.23e-04 8.35e-15  1.82e-04  3652s
  93   4.60749664e+05  4.60022020e+05  3.01e-04 8.45e-15  1.72e-04  3738s
  94   4.60716021e+05  4.60059803e+05  2.70e-04 1.36e-12  1.55e-04  3834s
  95   4.60684095e+05  4.60101877e+05  2.39e-04 7.74e-15  1.37e-04  3921s
  96   4.60665538e+05  4.60125036e+05  2.22e-04 8.21e-15  1.27e-04  3980s
  97   4.60642780e+05  4.60162987e+05  2.00e-04 1.15e-14  1.13e-04  4066s
  98   4.60612782e+05  4.60185414e+05  1.72e-04 4.55e-13  1.01e-04  4156s
  99   4.60580681e+05  4.60238302e+05  1.42e-04 7.20e-15  8.08e-05  4238s
 100   4.60571470e+05  4.60244172e+05  1.34e-04 8.42e-15  7.72e-05  4286s
 101   4.60569567e+05  4.60249776e+05  1.32e-04 2.27e-13  7.54e-05  4375s
 102   4.60558720e+05  4.60256034e+05  1.22e-04 5.00e-12  7.14e-05  4457s
 103   4.60542330e+05  4.60264189e+05  1.07e-04 7.93e-15  6.56e-05  4536s
 104   4.60532121e+05  4.60286051e+05  9.83e-05 2.73e-12  5.80e-05  4624s
 105   4.60527853e+05  4.60289706e+05  9.44e-05 6.71e-15  5.62e-05  4678s
 106   4.60508534e+05  4.60302532e+05  7.73e-05 4.55e-13  4.86e-05  4775s
 107   4.60497098e+05  4.60317757e+05  6.73e-05 1.82e-12  4.23e-05  4868s
 108   4.60489424e+05  4.60328580e+05  6.05e-05 5.53e-15  3.79e-05  4960s
 109   4.60482981e+05  4.60343824e+05  5.48e-05 2.05e-12  3.28e-05  5046s
 110   4.60476612e+05  4.60357012e+05  4.93e-05 5.52e-15  2.82e-05  5140s
 111   4.60468881e+05  4.60362109e+05  4.27e-05 2.27e-13  2.52e-05  5246s
 112   4.60463904e+05  4.60365186e+05  3.85e-05 7.11e-15  2.33e-05  5345s
 113   4.60459334e+05  4.60370454e+05  3.45e-05 2.05e-12  2.10e-05  5450s
 114   4.60454065e+05  4.60377210e+05  3.00e-05 7.11e-15  1.81e-05  5555s
 115   4.60448558e+05  4.60381532e+05  2.52e-05 2.27e-12  1.58e-05  5655s
 116   4.60444688e+05  4.60386366e+05  2.20e-05 5.06e-15  1.38e-05  5777s
 117   4.60443058e+05  4.60391050e+05  2.06e-05 6.13e-15  1.23e-05  5912s
 118   4.60440587e+05  4.60394160e+05  1.87e-05 6.82e-13  1.10e-05  6024s
 119   4.60437212e+05  4.60396062e+05  1.59e-05 5.20e-15  9.71e-06  6123s
 120   4.60434236e+05  4.60398495e+05  1.35e-05 7.11e-15  8.43e-06  6220s
 121   4.60431626e+05  4.60400554e+05  1.13e-05 4.55e-13  7.33e-06  6332s
 122   4.60430613e+05  4.60401925e+05  1.05e-05 4.55e-13  6.77e-06  6437s
 123   4.60428460e+05  4.60403966e+05  8.78e-06 7.21e-15  5.78e-06  6543s
 124   4.60426918e+05  4.60406307e+05  7.55e-06 6.41e-15  4.86e-06  6648s
 125   4.60425197e+05  4.60407406e+05  6.24e-06 1.59e-12  4.20e-06  6738s
 126   4.60424378e+05  4.60409822e+05  5.60e-06 7.11e-15  3.43e-06  6838s
 127   4.60422832e+05  4.60411458e+05  4.38e-06 8.59e-15  2.68e-06  6946s
 128   4.60421539e+05  4.60412043e+05  3.39e-06 7.11e-15  2.24e-06  7026s
 129   4.60421240e+05  4.60412488e+05  3.19e-06 5.60e-15  2.06e-06  7145s
 130   4.60420590e+05  4.60413253e+05  2.68e-06 6.64e-15  1.73e-06  7269s
 131   4.60419997e+05  4.60413776e+05  2.23e-06 4.55e-13  1.47e-06  7404s
 132   4.60419314e+05  4.60414227e+05  1.73e-06 7.11e-15  1.20e-06  7558s
 133   4.60419096e+05  4.60414681e+05  1.57e-06 2.84e-12  1.04e-06  7698s
 134   4.60418972e+05  4.60414762e+05  1.49e-06 3.18e-12  9.93e-07  7800s
 135   4.60418690e+05  4.60415026e+05  1.25e-06 1.59e-12  8.64e-07  7928s
 136   4.60418537e+05  4.60415169e+05  1.16e-06 1.14e-12  7.94e-07  8021s
 137   4.60418256e+05  4.60415458e+05  7.94e-07 2.73e-12  6.60e-07  8162s
 138   4.60418125e+05  4.60415780e+05  5.31e-07 4.04e-12  5.53e-07  8281s
 139   4.60417947e+05  4.60415869e+05  4.65e-07 6.13e-11  4.90e-07  8429s
 140   4.60417794e+05  4.60416043e+05  3.30e-07 9.91e-10  4.13e-07  8608s
 141   4.60417702e+05  4.60416205e+05  1.37e-06 8.10e-10  3.53e-07  8735s
 142   4.60417598e+05  4.60416242e+05  3.06e-06 7.70e-10  3.20e-07  8805s
 143   4.60417508e+05  4.60416315e+05  3.21e-06 4.72e-10  2.81e-07  8889s
 144   4.60417452e+05  4.60416507e+05  2.87e-06 3.06e-10  2.23e-07  8980s
 145   4.60417418e+05  4.60416586e+05  2.67e-06 2.51e-10  1.96e-07  9090s
 146   4.60417324e+05  4.60416694e+05  4.06e-06 1.57e-09  1.49e-07  9177s
 147   4.60417267e+05  4.60416761e+05  3.86e-06 1.16e-09  1.19e-07  9249s
 148   4.60417216e+05  4.60416792e+05  3.27e-06 2.63e-09  9.99e-08  9341s
 149   4.60417171e+05  4.60416806e+05  2.68e-06 1.24e-09  8.62e-08  9490s
 150   4.60417152e+05  4.60416817e+05  2.45e-06 1.15e-09  7.90e-08  9635s
 151   4.60417139e+05  4.60416823e+05  2.28e-06 1.12e-09  7.45e-08  9689s
 152   4.60417129e+05  4.60416841e+05  2.15e-06 1.16e-09  6.80e-08  9778s
 153   4.60417123e+05  4.60416848e+05  2.08e-06 1.08e-09  6.47e-08  9836s
 154   4.60417096e+05  4.60416856e+05  1.72e-06 1.11e-09  5.66e-08  9935s
 155   4.60417071e+05  4.60416875e+05  1.35e-06 1.07e-08  4.62e-08  10013s
 156   4.60417058e+05  4.60416885e+05  1.21e-06 8.44e-09  4.08e-08  10083s
 157   4.60417050e+05  4.60416898e+05  1.12e-06 8.63e-09  3.60e-08  10206s
 158   4.60417042e+05  4.60416905e+05  1.46e-06 7.12e-09  3.23e-08  10300s
 159   4.60417035e+05  4.60416910e+05  1.34e-06 6.25e-09  2.94e-08  10362s
 160   4.60417028e+05  4.60416917e+05  1.20e-06 6.86e-09  2.62e-08  10422s
 161   4.60417020e+05  4.60416921e+05  1.19e-06 6.12e-09  2.32e-08  10471s
 162   4.60417016e+05  4.60416925e+05  1.19e-06 7.12e-09  2.15e-08  10611s
 163   4.60417013e+05  4.60416927e+05  1.16e-06 7.62e-09  2.04e-08  10657s
 164   4.60417007e+05  4.60416930e+05  1.01e-06 7.90e-09  1.82e-08  10738s
 165   4.60417002e+05  4.60416933e+05  9.10e-07 8.32e-09  1.64e-08  10812s
 166   4.60417000e+05  4.60416937e+05  8.62e-07 8.26e-09  1.49e-08  10881s
 167   4.60416996e+05  4.60416939e+05  7.90e-07 7.36e-09  1.35e-08  10959s
 168   4.60416992e+05  4.60416940e+05  7.06e-07 7.05e-09  1.22e-08  11061s
 169   4.60416990e+05  4.60416941e+05  8.77e-07 1.00e-08  1.14e-08  11105s
 170   4.60416985e+05  4.60416944e+05  7.39e-07 9.09e-09  9.56e-09  11159s
 171   4.60416981e+05  4.60416946e+05  8.65e-07 8.33e-09  8.26e-09  11196s
 172   4.60416979e+05  4.60416947e+05  7.82e-07 8.08e-09  7.60e-09  11225s
 173   4.60416978e+05  4.60416947e+05  7.53e-07 7.92e-09  7.35e-09  11276s
 174   4.60416977e+05  4.60416948e+05  7.05e-07 7.62e-09  6.90e-09  11308s
 175   4.60416976e+05  4.60416948e+05  7.44e-07 7.20e-09  6.58e-09  11347s
 176   4.60416975e+05  4.60416949e+05  7.93e-07 6.81e-09  6.22e-09  11406s
 177   4.60416974e+05  4.60416950e+05  1.27e-05 7.14e-09  5.78e-09  11471s
 178   4.60416974e+05  4.60416950e+05  1.27e-05 7.14e-09  5.78e-09  11528s
 179   4.60416974e+05  4.60416950e+05  3.59e-05 7.14e-09  5.78e-09  11590s
 180   4.60416971e+05  4.60416951e+05  2.85e-05 6.17e-09  4.74e-09  11664s
 181   4.60416969e+05  4.60416952e+05  2.60e-05 5.26e-09  4.23e-09  11694s
 182   4.60416968e+05  4.60416952e+05  2.25e-05 4.50e-09  3.66e-09  11734s
 183   4.60416967e+05  4.60416953e+05  2.15e-05 4.19e-09  3.46e-09  11768s
 184   4.60416967e+05  4.60416953e+05  2.02e-05 3.68e-09  3.18e-09  11807s
 185   4.60416966e+05  4.60416953e+05  1.87e-05 3.57e-09  2.99e-09  11836s

Barrier solved model in 185 iterations and 11835.67 seconds (1307.55 work units)
Optimal objective 4.60416966e+05

