
Gurobi 13.0.2 (linux64) logging started Tue Jul 21 13:14:47 2026

Set parameter LogFile to value "outputs/batch_2007_nores_step1/2051_FR_alone/logfile_2051_FR_alone.txt"
Gurobi Optimizer version 13.0.2 build v13.0.2rc1 (linux64 - "CentOS Stream 9")

CPU model: Intel(R) Xeon(R) Gold 6130 CPU @ 2.10GHz, instruction set [SSE2|AVX|AVX2|AVX512]
Thread count: 16 physical cores, 32 logical processors, using up to 32 threads

Non-default parameters:
Method  2
Crossover  0
NumericFocus  3
Presolve  2

Optimize a model with 1007911 rows, 823495 columns and 3925674 nonzeros (Min)
Model fingerprint: 0x1cb160fb
Model has 210275 linear objective coefficients
Coefficient statistics:
  Matrix range     [1e-04, 1e+02]
  Objective range  [6e-04, 3e+03]
  Bounds range     [0e+00, 0e+00]
  RHS range        [7e-02, 1e+05]

Presolve removed 529920 rows and 430000 columns (presolve time = 9s)...
Presolve removed 537945 rows and 438025 columns (presolve time = 10s)...
Presolve removed 616785 rows and 438025 columns (presolve time = 15s)...
Presolve removed 701144 rows and 446789 columns (presolve time = 20s)...
Presolve removed 709904 rows and 446789 columns
Presolve time: 21.57s
Presolved: 298007 rows, 385466 columns, 1594882 nonzeros
Ordering time: 0.47s

Barrier statistics:
 Dense cols : 26
 AA' NZ     : 1.248e+06
 Factor NZ  : 6.356e+06 (roughly 300 MB of memory)
 Factor Ops : 3.660e+08 (less than 1 second per iteration)
 Threads    : 16

                  Objective                Residual
Iter       Primal          Dual         Primal    Dual     Compl     Time
   0   8.06096823e+07 -6.00054203e+11  1.21e+08 4.97e-14  3.15e+07    23s
   1   8.28906832e+07 -5.51404245e+11  1.17e+08 7.48e+02  2.86e+07    24s
   2   8.71041782e+07 -4.11858805e+11  1.09e+08 3.39e+02  2.16e+07    25s
   3   9.54349465e+07 -2.62077724e+11  9.17e+07 1.20e+02  1.85e+07    27s
   4   1.37553842e+08 -1.26259090e+11  2.09e+07 2.09e+00  4.48e+06    29s
   5   1.43857378e+08 -3.92706040e+10  2.38e+06 2.06e-01  5.35e+05    31s
   6   1.25209553e+08 -1.49342264e+10  4.50e+05 2.74e-02  1.06e+05    33s
   7   7.88371184e+07 -7.60126351e+09  1.47e+05 3.37e-03  3.50e+04    34s
   8   3.99483763e+07 -4.27121766e+09  4.23e+04 1.34e-08  1.21e+04    36s
   9   2.36558391e+07 -2.35145284e+09  1.44e+04 1.20e-08  5.11e+03    38s
  10   1.54941144e+07 -2.02200771e+09  2.83e+03 9.45e-09  3.35e+03    38s
  11   1.43541323e+07 -1.84180380e+09  1.59e+03 2.70e-09  2.94e+03    40s
  12   5.91929597e+06 -8.49262578e+08  4.27e+02 8.54e-09  1.31e+03    42s
  13   3.48568960e+06 -5.78980131e+08  1.05e+02 5.41e-09  8.80e+02    44s
  14   1.57190842e+06 -1.44812163e+08  1.55e+01 1.54e-09  2.20e+02    45s
  15   4.03337988e+05 -2.24653644e+07  3.21e+00 1.71e-10  3.44e+01    48s
  16   2.15483837e+05 -3.63084146e+06  1.37e+00 3.65e-11  5.78e+00    49s
  17   1.78076678e+05 -8.92989185e+05  1.01e+00 1.30e-11  1.61e+00    51s
  18   1.50108162e+05 -5.68807404e+05  7.31e-01 7.67e-12  1.08e+00    53s
  19   1.18292372e+05 -3.31411406e+05  4.06e-01 4.39e-12  6.75e-01    54s
  20   9.85790202e+04 -1.88029343e+05  2.07e-01 3.34e-12  4.30e-01    56s
  21   9.17821953e+04 -8.46884944e+04  1.45e-01 1.84e-12  2.65e-01    60s
  22   8.66340663e+04 -5.33219234e+04  1.02e-01 1.57e-12  2.10e-01    62s
  23   8.28357485e+04 -2.08569802e+04  7.20e-02 1.21e-12  1.56e-01    65s
  24   8.00353400e+04  2.72288942e+03  5.39e-02 9.20e-13  1.16e-01    67s
  25   7.80750869e+04  1.99571932e+04  4.31e-02 9.09e-13  8.73e-02    71s
  26   7.43211006e+04  3.63431518e+04  2.59e-02 3.04e-13  5.70e-02    75s
  27   6.96813181e+04  4.63203951e+04  1.52e-02 9.09e-13  3.51e-02    82s
  28   6.69097127e+04  5.25822008e+04  9.77e-03 1.58e-13  2.15e-02    86s
  29   6.58144132e+04  5.47167585e+04  7.81e-03 1.97e-13  1.67e-02    89s
  30   6.49378787e+04  5.57242805e+04  6.31e-03 8.62e-14  1.38e-02    91s
  31   6.45597614e+04  5.59926730e+04  5.68e-03 2.96e-12  1.29e-02    93s
  32   6.37552164e+04  5.72265095e+04  4.34e-03 7.02e-14  9.80e-03    97s
  33   6.33768302e+04  5.82467110e+04  3.74e-03 5.15e-14  7.70e-03   103s
  34   6.26982126e+04  5.86152327e+04  2.69e-03 3.86e-14  6.13e-03   107s
  35   6.24756714e+04  5.88290382e+04  2.35e-03 1.59e-12  5.48e-03   111s
  36   6.23578636e+04  5.90541559e+04  2.17e-03 4.55e-12  4.96e-03   114s
  37   6.21576494e+04  5.92619438e+04  1.86e-03 7.11e-14  4.35e-03   119s
  38   6.18951022e+04  5.93532167e+04  1.45e-03 4.97e-14  3.82e-03   122s
  39   6.18005249e+04  5.96599919e+04  1.30e-03 2.27e-13  3.21e-03   126s
  40   6.17296924e+04  5.97871703e+04  1.20e-03 6.82e-13  2.92e-03   129s
  41   6.15611467e+04  6.00124864e+04  9.41e-04 4.55e-13  2.33e-03   133s
  42   6.14261862e+04  6.01347875e+04  7.34e-04 5.51e-14  1.94e-03   136s
  43   6.13387752e+04  6.02948740e+04  6.02e-04 9.09e-13  1.57e-03   137s
  44   6.13058579e+04  6.03326989e+04  5.54e-04 4.62e-14  1.46e-03   141s
  45   6.12621894e+04  6.04215259e+04  4.91e-04 2.27e-13  1.26e-03   146s
  46   6.12082839e+04  6.04727183e+04  4.13e-04 2.05e-12  1.10e-03   151s
  47   6.11739635e+04  6.05274371e+04  3.63e-04 2.27e-13  9.71e-04   152s
  48   6.11421087e+04  6.06144154e+04  3.16e-04 6.75e-14  7.92e-04   154s
  49   6.11005172e+04  6.06566321e+04  2.55e-04 1.59e-12  6.67e-04   156s
  50   6.10747090e+04  6.07202632e+04  2.17e-04 4.26e-14  5.32e-04   160s
  51   6.10539143e+04  6.07306424e+04  1.87e-04 4.55e-13  4.85e-04   166s
  52   6.10412742e+04  6.07479030e+04  1.69e-04 1.95e-14  4.41e-04   171s
  53   6.10226117e+04  6.07725349e+04  1.43e-04 1.26e-13  3.76e-04   177s
  54   6.10088045e+04  6.07846889e+04  1.24e-04 3.38e-14  3.37e-04   183s
  55   6.10014641e+04  6.08056120e+04  1.13e-04 4.55e-13  2.94e-04   188s
  56   6.09870579e+04  6.08096701e+04  9.37e-05 3.33e-14  2.66e-04   193s
  57   6.09813113e+04  6.08300689e+04  8.57e-05 1.59e-12  2.27e-04   198s
  58   6.09734598e+04  6.08400180e+04  7.50e-05 2.27e-13  2.00e-04   205s
  59   6.09661700e+04  6.08527007e+04  6.53e-05 1.36e-12  1.70e-04   209s
  60   6.09612676e+04  6.08595679e+04  5.88e-05 2.27e-13  1.53e-04   216s
  61   6.09574593e+04  6.08683926e+04  5.37e-05 1.63e-13  1.34e-04   224s
  62   6.09502640e+04  6.08791687e+04  4.46e-05 4.97e-14  1.07e-04   228s
  63   6.09478808e+04  6.08844531e+04  4.15e-05 2.05e-12  9.52e-05   231s
  64   6.09442286e+04  6.08911605e+04  3.67e-05 3.87e-12  7.97e-05   235s
  65   6.09399986e+04  6.08955281e+04  3.13e-05 3.87e-12  6.68e-05   239s
  66   6.09358839e+04  6.08986283e+04  2.61e-05 4.62e-14  5.59e-05   243s
  67   6.09319656e+04  6.09031831e+04  2.13e-05 6.82e-13  4.32e-05   247s
  68   6.09288954e+04  6.09047282e+04  1.76e-05 1.95e-14  3.63e-05   252s
  69   6.09279115e+04  6.09067703e+04  1.64e-05 2.50e-12  3.17e-05   262s
  70   6.09256121e+04  6.09075956e+04  1.35e-05 7.11e-14  2.71e-05   267s
  71   6.09241442e+04  6.09086756e+04  1.18e-05 5.51e-14  2.32e-05   273s
  72   6.09223175e+04  6.09104101e+04  9.55e-06 9.09e-13  1.79e-05   281s
  73   6.09214486e+04  6.09112197e+04  8.48e-06 4.55e-13  1.54e-05   289s
  74   6.09202043e+04  6.09114443e+04  7.00e-06 9.09e-13  1.32e-05   293s
  75   6.09194975e+04  6.09116438e+04  6.19e-06 2.27e-13  1.18e-05   298s
  76   6.09185833e+04  6.09123856e+04  5.09e-06 4.62e-14  9.31e-06   308s
  77   6.09181503e+04  6.09127725e+04  4.57e-06 1.59e-12  8.08e-06   314s
  78   6.09175199e+04  6.09130610e+04  3.83e-06 4.55e-13  6.70e-06   319s
  79   6.09173022e+04  6.09131666e+04  3.58e-06 1.01e-13  6.21e-06   324s
  80   6.09168871e+04  6.09132874e+04  3.11e-06 6.82e-13  5.41e-06   328s
  81   6.09165866e+04  6.09136073e+04  2.75e-06 8.88e-14  4.47e-06   335s
  82   6.09163494e+04  6.09137047e+04  2.45e-06 9.09e-13  3.97e-06   344s
  83   6.09159313e+04  6.09137734e+04  1.97e-06 6.82e-13  3.24e-06   354s
  84   6.09157665e+04  6.09138773e+04  1.77e-06 2.50e-12  2.84e-06   360s
  85   6.09155446e+04  6.09139106e+04  1.51e-06 5.86e-14  2.45e-06   364s
  86   6.09154292e+04  6.09139409e+04  1.38e-06 9.24e-14  2.23e-06   368s
  87   6.09153496e+04  6.09140135e+04  1.29e-06 1.14e-12  2.01e-06   377s
  88   6.09153119e+04  6.09140291e+04  1.24e-06 1.59e-12  1.93e-06   388s
  89   6.09152637e+04  6.09140556e+04  1.18e-06 1.36e-12  1.81e-06   397s
  90   6.09151856e+04  6.09140708e+04  1.09e-06 2.50e-12  1.67e-06   404s
  91   6.09150363e+04  6.09141226e+04  9.12e-07 9.09e-13  1.37e-06   415s
  92   6.09149441e+04  6.09141498e+04  8.02e-07 9.24e-14  1.19e-06   428s
  93   6.09148381e+04  6.09141604e+04  6.84e-07 3.55e-14  1.02e-06   439s
  94   6.09147578e+04  6.09141866e+04  5.89e-07 3.91e-14  8.58e-07   452s
  95   6.09147183e+04  6.09141964e+04  7.80e-07 9.09e-13  7.84e-07   459s
  96   6.09146792e+04  6.09142038e+04  7.16e-07 3.20e-13  7.14e-07   474s
  97   6.09146152e+04  6.09142075e+04  6.67e-07 4.55e-12  6.12e-07   487s
  98   6.09145359e+04  6.09142177e+04  2.10e-06 2.17e-13  4.78e-07   497s
  99   6.09144377e+04  6.09142381e+04  1.96e-06 1.59e-12  3.00e-07   509s
 100   6.09144189e+04  6.09142390e+04  1.77e-06 1.36e-12  2.70e-07   514s
 101   6.09144129e+04  6.09142402e+04  1.71e-06 1.14e-12  2.59e-07   525s
 102   6.09144005e+04  6.09142410e+04  1.61e-06 3.41e-12  2.40e-07   533s
 103   6.09143795e+04  6.09142420e+04  4.18e-05 1.49e-12  2.06e-07   536s
 104   6.09143563e+04  6.09142435e+04  3.39e-05 1.59e-12  1.69e-07   540s
 105   6.09143449e+04  6.09142455e+04  3.01e-05 4.55e-12  1.49e-07   548s
 106   6.09143364e+04  6.09142463e+04  2.64e-05 1.36e-12  1.35e-07   553s
 107   6.09143073e+04  6.09142478e+04  2.19e-05 7.34e-12  8.93e-08   558s
 108   6.09142928e+04  6.09142498e+04  1.37e-04 1.88e-12  6.45e-08   560s
 109   6.09142808e+04  6.09142506e+04  2.41e-04 1.32e-12  4.54e-08   564s
 110   6.09142681e+04  6.09142517e+04  2.23e-04 2.54e-12  2.46e-08   566s
 111   6.09142553e+04  6.09142522e+04  1.39e-04 4.55e-12  4.60e-09   569s
 112   6.09142533e+04  6.09142525e+04  3.62e-05 2.08e-11  1.14e-09   572s
 113   6.09142531e+04  6.09142525e+04  2.61e-05 8.77e-10  8.04e-10   574s
 114   6.09142529e+04  6.09142525e+04  1.73e-05 1.81e-09  5.29e-10   576s

Barrier solved model in 114 iterations and 576.10 seconds (105.59 work units)
Optimal objective 6.09142529e+04

