
Gurobi 13.0.2 (linux64) logging started Sun Jul 19 16:14:44 2026

Set parameter LogFile to value "outputs/batch_1707_res_step2/2058_FR_interconnected/logfile_2058_FR_interconnected.txt"
Gurobi Optimizer version 13.0.2 build v13.0.2rc1 (linux64 - "CentOS Stream 9")

CPU model: Intel(R) Xeon(R) Gold 6130 CPU @ 2.10GHz, instruction set [SSE2|AVX|AVX2|AVX512]
Thread count: 16 physical cores, 32 logical processors, using up to 32 threads

Non-default parameters:
Method  2
Crossover  0
NumericFocus  3
Presolve  2

Optimize a model with 9050784 rows, 6658150 columns and 26752056 nonzeros (Min)
Model fingerprint: 0x4993b7ef
Model has 1393190 linear objective coefficients
Coefficient statistics:
  Matrix range     [1e-04, 1e+02]
  Objective range  [6e-04, 3e+03]
  Bounds range     [0e+00, 0e+00]
  RHS range        [2e-02, 1e+05]

Presolve removed 5502629 rows and 3469250 columns (presolve time = 5s)...
Presolve removed 5765548 rows and 3732120 columns (presolve time = 10s)...
Presolve removed 5765548 rows and 3732120 columns (presolve time = 15s)...
Presolve removed 5765548 rows and 3732120 columns (presolve time = 20s)...
Presolve removed 5765548 rows and 3732120 columns (presolve time = 25s)...
Presolve removed 5765548 rows and 3732120 columns (presolve time = 30s)...
Presolve removed 5765548 rows and 3732120 columns (presolve time = 35s)...
Presolve removed 5765548 rows and 3732120 columns (presolve time = 40s)...
Presolve removed 6589000 rows and 3740910 columns (presolve time = 45s)...
Presolve removed 6589000 rows and 3740910 columns (presolve time = 50s)...
Presolve removed 6589000 rows and 3740910 columns (presolve time = 55s)...
Presolve removed 6589000 rows and 3740910 columns (presolve time = 60s)...
Presolve removed 6589000 rows and 3740910 columns (presolve time = 65s)...
Presolve removed 6589000 rows and 3740910 columns (presolve time = 70s)...
Presolve removed 6597760 rows and 3740910 columns
Presolve time: 74.29s
Presolved: 2453024 rows, 2926000 columns, 10112894 nonzeros
Elapsed ordering time = 5s
Elapsed ordering time = 10s
Ordering time: 13.60s

Barrier statistics:
 Dense cols : 95
 AA' NZ     : 6.091e+06
 Factor NZ  : 3.705e+07 (roughly 2.0 GB of memory)
 Factor Ops : 2.915e+09 (less than 1 second per iteration)
 Threads    : 16

                  Objective                Residual
Iter       Primal          Dual         Primal    Dual     Compl     Time
   0   6.89609867e+08 -6.72749205e+11  5.72e+08 3.95e-14  3.05e+07   144s
   1   7.51490239e+08 -3.95945840e+11  5.26e+08 2.06e+02  1.80e+07   151s
   2   9.58535173e+08 -2.62077372e+11  4.07e+08 6.46e+01  1.14e+07   161s
   3   1.57706055e+09 -1.68480202e+11  7.65e+07 2.43e+01  2.51e+06   174s
   4   1.65950590e+09 -5.35591266e+10  1.40e+07 3.21e+00  4.55e+05   183s
   5   1.60724303e+09 -2.41870205e+10  2.46e+06 4.11e-01  7.87e+04   190s
   6   1.25331647e+09 -1.24076302e+10  3.07e+05 5.62e-02  1.18e+04   196s
   7   5.80465191e+08 -4.40370911e+09  4.68e+04 8.36e-03  2.23e+03   201s
   8   2.89935785e+08 -3.59062267e+09  1.07e+04 6.30e-03  1.19e+03   206s
   9   1.46016051e+08 -2.20572311e+09  1.33e+03 3.17e-03  6.04e+02   212s
  10   6.56076865e+07 -3.41298446e+08  1.32e+02 1.89e-04  9.87e+01   221s
  11   1.75177110e+07 -7.27242485e+07  2.99e+01 1.27e-10  2.15e+01   231s
  12   8.37246321e+06 -3.37288846e+07  1.26e+01 5.91e-11  9.97e+00   240s
  13   4.46025445e+06 -2.49909133e+07  5.61e+00 3.25e-11  6.96e+00   249s
  14   3.24287491e+06 -1.09193099e+07  3.54e+00 1.53e-11  3.34e+00   255s
  15   2.19911952e+06 -5.80413172e+06  2.08e+00 9.15e-12  1.89e+00   259s
  16   1.57862033e+06 -3.28407105e+06  1.28e+00 4.89e-12  1.15e+00   266s
  17   1.23383085e+06 -2.62492625e+06  8.24e-01 3.84e-12  9.10e-01   273s
  18   1.02729187e+06 -1.32524713e+06  5.91e-01 4.32e-12  5.55e-01   287s
  19   9.00975894e+05 -9.21722442e+05  4.61e-01 2.34e-12  4.30e-01   291s
  20   7.56336497e+05 -6.11035090e+05  3.08e-01 2.05e-12  3.23e-01   302s
  21   6.97612602e+05 -3.82732123e+05  2.47e-01 1.14e-12  2.55e-01   311s
  22   6.55266622e+05 -2.38956082e+05  2.03e-01 1.02e-12  2.11e-01   317s
  23   6.15088255e+05 -9.59582171e+04  1.61e-01 9.59e-13  1.68e-01   326s
  24   5.86292505e+05  2.19526851e+04  1.31e-01 6.15e-13  1.33e-01   348s
  25   5.68178781e+05  9.40866502e+04  1.13e-01 1.59e-12  1.12e-01   360s
  26   5.61224383e+05  1.14334023e+05  1.07e-01 4.69e-13  1.05e-01   367s
  27   5.42878225e+05  1.37347685e+05  8.91e-02 1.36e-12  9.57e-02   376s
  28   5.32013904e+05  1.52483632e+05  7.99e-02 3.84e-13  8.95e-02   394s
  29   5.14691754e+05  2.04598579e+05  6.49e-02 3.94e-13  7.31e-02   412s
  30   5.00518223e+05  2.34794719e+05  5.41e-02 2.77e-13  6.27e-02   428s
  31   4.85265983e+05  2.73536754e+05  4.42e-02 1.59e-12  4.99e-02   437s
  32   4.70344670e+05  3.15334984e+05  3.51e-02 1.88e-13  3.66e-02   446s
  33   4.59107319e+05  3.33550092e+05  2.84e-02 1.12e-13  2.96e-02   463s
  34   4.54442312e+05  3.43199281e+05  2.57e-02 4.55e-13  2.62e-02   478s
  35   4.52817349e+05  3.47564869e+05  2.47e-02 1.10e-13  2.48e-02   491s
  36   4.48038967e+05  3.53007611e+05  2.20e-02 1.10e-13  2.24e-02   497s
  37   4.43653845e+05  3.63164103e+05  1.95e-02 7.28e-14  1.90e-02   511s
  38   4.38100709e+05  3.70343938e+05  1.64e-02 3.73e-14  1.60e-02   520s
  39   4.36692276e+05  3.73528048e+05  1.56e-02 5.06e-14  1.49e-02   536s
  40   4.34802579e+05  3.77873240e+05  1.44e-02 3.82e-14  1.34e-02   552s
  41   4.31937555e+05  3.83107854e+05  1.26e-02 5.33e-14  1.15e-02   569s
  42   4.28767645e+05  3.85796646e+05  1.06e-02 6.82e-13  1.01e-02   580s
  43   4.26384635e+05  3.88467143e+05  9.14e-03 4.09e-12  8.94e-03   596s
  44   4.24845703e+05  3.91359818e+05  8.20e-03 6.82e-13  7.90e-03   618s
  45   4.23485689e+05  3.93325204e+05  7.41e-03 4.44e-15  7.11e-03   628s
  46   4.22031569e+05  3.94781455e+05  6.56e-03 5.33e-15  6.43e-03   649s
  47   4.21073098e+05  3.97094222e+05  6.01e-03 1.14e-12  5.66e-03   664s
  48   4.20171302e+05  3.98760145e+05  5.47e-03 1.15e-14  5.05e-03   686s
  49   4.19679380e+05  3.99538285e+05  5.17e-03 2.31e-14  4.75e-03   698s
  50   4.18642321e+05  4.00921477e+05  4.57e-03 7.99e-15  4.18e-03   711s
  51   4.17704353e+05  4.01519036e+05  4.05e-03 1.02e-14  3.82e-03   729s
  52   4.16933541e+05  4.02401070e+05  3.62e-03 2.63e-15  3.43e-03   739s
  53   4.16278883e+05  4.03176402e+05  3.27e-03 8.44e-15  3.09e-03   749s
  54   4.15789068e+05  4.04004284e+05  2.99e-03 1.02e-14  2.78e-03   760s
  55   4.15357133e+05  4.04343484e+05  2.75e-03 2.50e-12  2.60e-03   780s
  56   4.14920573e+05  4.04703049e+05  2.52e-03 7.11e-15  2.41e-03   800s
  57   4.14655800e+05  4.05143759e+05  2.38e-03 1.02e-14  2.24e-03   815s
  58   4.14537365e+05  4.05264666e+05  2.31e-03 1.36e-12  2.19e-03   827s
  59   4.14345168e+05  4.05827677e+05  2.21e-03 6.66e-15  2.01e-03   846s
  60   4.13972780e+05  4.06100811e+05  2.01e-03 1.36e-12  1.86e-03   864s
  61   4.13746799e+05  4.06592198e+05  1.87e-03 9.09e-13  1.69e-03   884s
  62   4.13533016e+05  4.06784358e+05  1.75e-03 5.77e-15  1.59e-03   904s
  63   4.13245177e+05  4.07036304e+05  1.59e-03 1.36e-12  1.46e-03   918s
  64   4.13044275e+05  4.07495978e+05  1.47e-03 2.27e-12  1.31e-03   933s
  65   4.12939431e+05  4.07581388e+05  1.42e-03 9.09e-13  1.26e-03   950s
  66   4.12773139e+05  4.07846382e+05  1.33e-03 1.82e-12  1.16e-03   968s
  67   4.12616076e+05  4.07973335e+05  1.24e-03 2.66e-15  1.10e-03   987s
  68   4.12315247e+05  4.08143377e+05  1.08e-03 1.82e-12  9.84e-04  1008s
  69   4.12047430e+05  4.08334398e+05  9.45e-04 1.36e-12  8.76e-04  1028s
  70   4.11924028e+05  4.08447952e+05  8.81e-04 4.59e-15  8.20e-04  1045s
  71   4.11870048e+05  4.08492727e+05  8.53e-04 6.82e-13  7.97e-04  1058s
  72   4.11758867e+05  4.08650385e+05  7.96e-04 4.55e-13  7.33e-04  1076s
  73   4.11529004e+05  4.08893798e+05  6.76e-04 9.09e-13  6.22e-04  1094s
  74   4.11330111e+05  4.09031560e+05  5.73e-04 4.55e-13  5.42e-04  1111s
  75   4.11198744e+05  4.09261739e+05  5.06e-04 3.97e-15  4.57e-04  1125s
  76   4.11107122e+05  4.09317710e+05  4.59e-04 5.54e-15  4.22e-04  1141s
  77   4.10969634e+05  4.09436975e+05  3.91e-04 4.55e-13  3.61e-04  1160s
  78   4.10901756e+05  4.09597217e+05  3.56e-04 3.55e-15  3.08e-04  1178s
  79   4.10758005e+05  4.09644315e+05  2.83e-04 3.55e-15  2.63e-04  1206s
  80   4.10685979e+05  4.09729612e+05  2.47e-04 1.36e-12  2.26e-04  1236s
  81   4.10654559e+05  4.09788743e+05  2.31e-04 1.36e-12  2.04e-04  1261s
  82   4.10611616e+05  4.09866663e+05  2.10e-04 2.66e-15  1.76e-04  1285s
  83   4.10557352e+05  4.09874795e+05  1.83e-04 2.66e-15  1.61e-04  1301s
  84   4.10518377e+05  4.09913991e+05  1.63e-04 3.55e-15  1.43e-04  1325s
  85   4.10476985e+05  4.09985319e+05  1.43e-04 2.66e-15  1.16e-04  1348s
  86   4.10447451e+05  4.10003225e+05  1.29e-04 2.78e-15  1.05e-04  1372s
  87   4.10425301e+05  4.10030089e+05  1.18e-04 3.20e-15  9.32e-05  1403s
  88   4.10404384e+05  4.10038972e+05  1.09e-04 3.64e-12  8.62e-05  1435s
  89   4.10387426e+05  4.10046828e+05  1.01e-04 3.15e-15  8.03e-05  1469s
  90   4.10373917e+05  4.10058186e+05  9.43e-05 6.11e-15  7.45e-05  1487s
  91   4.10361883e+05  4.10072224e+05  8.86e-05 2.50e-12  6.83e-05  1516s
  92   4.10344224e+05  4.10083400e+05  8.03e-05 2.73e-12  6.15e-05  1549s
  93   4.10324551e+05  4.10088825e+05  7.07e-05 5.01e-15  5.56e-05  1578s
  94   4.10304516e+05  4.10099130e+05  6.12e-05 6.87e-15  4.84e-05  1611s
  95   4.10283976e+05  4.10107545e+05  5.15e-05 9.09e-13  4.16e-05  1639s
  96   4.10265474e+05  4.10117113e+05  4.26e-05 3.81e-15  3.50e-05  1666s
  97   4.10257304e+05  4.10121976e+05  3.87e-05 2.96e-15  3.19e-05  1688s
  98   4.10249127e+05  4.10126866e+05  3.49e-05 2.57e-15  2.88e-05  1719s
  99   4.10244495e+05  4.10130154e+05  3.28e-05 2.27e-13  2.70e-05  1750s
 100   4.10239600e+05  4.10134280e+05  3.06e-05 3.89e-15  2.48e-05  1782s
 101   4.10234302e+05  4.10138825e+05  2.81e-05 9.09e-13  2.25e-05  1815s
 102   4.10226287e+05  4.10145634e+05  2.44e-05 3.40e-15  1.90e-05  1841s
 103   4.10220342e+05  4.10148128e+05  2.17e-05 2.85e-15  1.70e-05  1878s
 104   4.10213792e+05  4.10151394e+05  1.87e-05 6.82e-13  1.47e-05  1913s
 105   4.10206943e+05  4.10154326e+05  1.54e-05 2.66e-15  1.24e-05  1950s
 106   4.10200949e+05  4.10158233e+05  1.26e-05 3.71e-15  1.01e-05  1989s
 107   4.10197510e+05  4.10159700e+05  1.10e-05 2.05e-15  8.92e-06  2023s
 108   4.10194729e+05  4.10163016e+05  9.77e-06 6.82e-13  7.48e-06  2072s
 109   4.10193018e+05  4.10163949e+05  8.95e-06 1.14e-13  6.86e-06  2116s
 110   4.10192194e+05  4.10165008e+05  8.59e-06 2.05e-12  6.41e-06  2153s
 111   4.10190539e+05  4.10165652e+05  7.85e-06 9.09e-13  5.87e-06  2210s
 112   4.10189423e+05  4.10166868e+05  7.33e-06 2.66e-15  5.32e-06  2258s
 113   4.10186745e+05  4.10167740e+05  6.09e-06 6.82e-13  4.48e-06  2302s
 114   4.10185553e+05  4.10168405e+05  5.56e-06 5.68e-13  4.04e-06  2356s
 115   4.10183547e+05  4.10168996e+05  4.66e-06 9.09e-13  3.43e-06  2412s
 116   4.10182850e+05  4.10169593e+05  4.32e-06 2.27e-13  3.13e-06  2470s
 117   4.10181928e+05  4.10169979e+05  3.95e-06 1.02e-12  2.82e-06  2531s
 118   4.10181163e+05  4.10170423e+05  3.62e-06 1.25e-12  2.53e-06  2590s
 119   4.10180771e+05  4.10170659e+05  3.43e-06 1.02e-12  2.38e-06  2644s
 120   4.10179886e+05  4.10170994e+05  3.02e-06 3.64e-12  2.10e-06  2695s
 121   4.10179471e+05  4.10171161e+05  2.86e-06 1.25e-12  1.96e-06  2734s
 122   4.10179017e+05  4.10171314e+05  2.64e-06 2.05e-12  1.82e-06  2777s
 123   4.10178381e+05  4.10171427e+05  2.34e-06 2.50e-12  1.64e-06  2810s
 124   4.10177811e+05  4.10171588e+05  1.87e-06 8.92e-12  1.47e-06  2866s
 125   4.10177155e+05  4.10171893e+05  1.17e-06 1.26e-11  1.24e-06  2898s
 126   4.10176625e+05  4.10172042e+05  8.70e-07 1.79e-11  1.08e-06  2941s
 127   4.10176251e+05  4.10172112e+05  7.76e-07 2.09e-11  9.76e-07  2980s
 128   4.10176127e+05  4.10172208e+05  7.46e-07 1.93e-11  9.24e-07  3013s
 129   4.10175712e+05  4.10172409e+05  6.45e-07 1.96e-11  7.79e-07  3046s
 130   4.10175450e+05  4.10172480e+05  5.79e-07 2.27e-11  7.01e-07  3076s
 131   4.10175120e+05  4.10172580e+05  4.99e-07 2.69e-11  5.99e-07  3103s
 132   4.10174708e+05  4.10172662e+05  3.96e-07 2.92e-11  4.82e-07  3153s
 133   4.10174518e+05  4.10172760e+05  3.49e-07 2.98e-11  4.15e-07  3174s
 134   4.10174311e+05  4.10172826e+05  2.97e-07 3.12e-11  3.50e-07  3224s
 135   4.10174050e+05  4.10172882e+05  2.32e-07 2.31e-11  2.76e-07  3282s
 136   4.10173774e+05  4.10172925e+05  7.58e-07 6.52e-10  2.00e-07  3306s
 137   4.10173584e+05  4.10172948e+05  4.67e-06 5.86e-10  1.50e-07  3333s
 138   4.10173477e+05  4.10172988e+05  2.78e-06 5.48e-11  1.15e-07  3387s
 139   4.10173414e+05  4.10173004e+05  2.34e-06 4.57e-11  9.67e-08  3411s
 140   4.10173367e+05  4.10173026e+05  2.01e-06 2.72e-11  8.02e-08  3436s
 141   4.10173283e+05  4.10173038e+05  1.44e-06 1.64e-09  5.77e-08  3478s
 142   4.10173260e+05  4.10173046e+05  1.19e-06 1.43e-09  5.06e-08  3521s
 143   4.10173228e+05  4.10173051e+05  9.25e-07 1.19e-09  4.19e-08  3573s
 144   4.10173186e+05  4.10173057e+05  5.89e-07 1.15e-09  3.03e-08  3598s
 145   4.10173162e+05  4.10173066e+05  4.97e-07 8.25e-10  2.28e-08  3628s
 146   4.10173153e+05  4.10173070e+05  3.62e-07 3.94e-08  1.96e-08  3658s
 147   4.10173142e+05  4.10173075e+05  4.05e-07 3.02e-08  1.58e-08  3688s
 148   4.10173137e+05  4.10173076e+05  4.04e-07 2.81e-08  1.44e-08  3745s
 149   4.10173132e+05  4.10173078e+05  3.51e-07 2.47e-08  1.29e-08  3791s
 150   4.10173124e+05  4.10173079e+05  3.57e-07 2.14e-08  1.05e-08  3849s
 151   4.10173118e+05  4.10173082e+05  6.22e-06 1.64e-08  8.58e-09  3902s
 152   4.10173115e+05  4.10173083e+05  5.53e-06 1.52e-08  7.63e-09  3949s
 153   4.10173113e+05  4.10173083e+05  5.03e-06 1.37e-08  6.94e-09  3968s
 154   4.10173111e+05  4.10173084e+05  4.49e-06 1.19e-08  6.20e-09  4004s
 155   4.10173108e+05  4.10173085e+05  3.97e-06 1.05e-08  5.49e-09  4034s
 156   4.10173107e+05  4.10173086e+05  3.70e-06 9.51e-09  5.12e-09  4046s
 157   4.10173106e+05  4.10173086e+05  3.48e-06 9.18e-09  4.84e-09  4065s
 158   4.10173106e+05  4.10173086e+05  3.46e-06 9.14e-09  4.81e-09  4079s
 159   4.10173104e+05  4.10173086e+05  2.99e-06 8.10e-09  4.17e-09  4119s
 160   4.10173103e+05  4.10173087e+05  2.76e-06 7.51e-09  3.86e-09  4145s
 161   4.10173102e+05  4.10173087e+05  2.52e-06 7.07e-09  3.55e-09  4163s
 162   4.10173101e+05  4.10173087e+05  2.22e-06 6.38e-09  3.14e-09  4177s
 163   4.10173100e+05  4.10173088e+05  2.03e-06 5.70e-09  2.89e-09  4196s
 164   4.10173099e+05  4.10173088e+05  1.88e-06 5.47e-09  2.70e-09  4210s
 165   4.10173099e+05  4.10173088e+05  1.81e-06 5.26e-09  2.60e-09  4231s
 166   4.10173098e+05  4.10173088e+05  1.56e-06 4.79e-09  2.27e-09  4256s
 167   4.10173098e+05  4.10173088e+05  1.85e-06 4.79e-09  2.27e-09  4274s
 168   4.10173098e+05  4.10173088e+05  1.77e-06 4.52e-09  2.18e-09  4294s
 169   4.10173097e+05  4.10173089e+05  1.19e-05 3.44e-09  1.87e-09  4333s

Barrier solved model in 169 iterations and 4333.16 seconds (1228.48 work units)
Optimal objective 4.10173097e+05

