
Gurobi 13.0.2 (linux64) logging started Sun Jul 19 17:36:13 2026

Set parameter LogFile to value "outputs/batch_1707_res_step2/2059_FR_interconnected/logfile_2059_FR_interconnected.txt"
Gurobi Optimizer version 13.0.2 build v13.0.2rc1 (linux64 - "CentOS Stream 9")

CPU model: Intel(R) Xeon(R) Gold 6130 CPU @ 2.10GHz, instruction set [SSE2|AVX|AVX2|AVX512]
Thread count: 16 physical cores, 32 logical processors, using up to 32 threads

Non-default parameters:
Method  2
Crossover  0
NumericFocus  3
Presolve  2

Optimize a model with 9050784 rows, 6658150 columns and 26751725 nonzeros (Min)
Model fingerprint: 0x5d68f313
Model has 1393190 linear objective coefficients
Coefficient statistics:
  Matrix range     [1e-04, 1e+02]
  Objective range  [6e-04, 3e+03]
  Bounds range     [0e+00, 0e+00]
  RHS range        [2e-02, 1e+05]

Presolve removed 5502629 rows and 3469250 columns (presolve time = 5s)...
Presolve removed 5765548 rows and 3732120 columns (presolve time = 10s)...
Presolve removed 5765548 rows and 3732120 columns (presolve time = 15s)...
Presolve removed 5765548 rows and 3732120 columns (presolve time = 20s)...
Presolve removed 5765548 rows and 3732120 columns (presolve time = 25s)...
Presolve removed 5765548 rows and 3732120 columns (presolve time = 30s)...
Presolve removed 5765548 rows and 3732120 columns (presolve time = 35s)...
Presolve removed 5765548 rows and 3732120 columns (presolve time = 40s)...
Presolve removed 6589000 rows and 3740910 columns (presolve time = 45s)...
Presolve removed 6589000 rows and 3740910 columns (presolve time = 50s)...
Presolve removed 6589000 rows and 3740910 columns (presolve time = 55s)...
Presolve removed 6589000 rows and 3740910 columns (presolve time = 60s)...
Presolve removed 6589000 rows and 3740910 columns (presolve time = 65s)...
Presolve removed 6589000 rows and 3740910 columns (presolve time = 70s)...
Presolve removed 6597760 rows and 3740910 columns
Presolve time: 74.23s
Presolved: 2453024 rows, 2926000 columns, 10112894 nonzeros
Elapsed ordering time = 5s
Elapsed ordering time = 10s
Ordering time: 14.18s

Barrier statistics:
 Dense cols : 95
 AA' NZ     : 6.091e+06
 Factor NZ  : 3.705e+07 (roughly 2.0 GB of memory)
 Factor Ops : 2.915e+09 (less than 1 second per iteration)
 Threads    : 16

                  Objective                Residual
Iter       Primal          Dual         Primal    Dual     Compl     Time
   0   6.89520301e+08 -6.72749205e+11  5.72e+08 3.95e-14  3.05e+07   144s
   1   7.51392614e+08 -3.95795772e+11  5.26e+08 2.06e+02  1.80e+07   149s
   2   9.58410169e+08 -2.61861943e+11  4.07e+08 6.46e+01  1.14e+07   158s
   3   1.57684251e+09 -1.68198853e+11  7.65e+07 2.43e+01  2.51e+06   170s
   4   1.65930448e+09 -5.31648667e+10  1.40e+07 3.21e+00  4.55e+05   175s
   5   1.60663961e+09 -2.37678429e+10  2.42e+06 4.11e-01  7.75e+04   181s
   6   1.25108922e+09 -1.21647515e+10  3.02e+05 6.32e-02  1.18e+04   184s
   7   6.31015510e+08 -5.02732927e+09  5.64e+04 1.29e-02  2.72e+03   189s
   8   3.66355109e+08 -4.63916070e+09  1.85e+04 1.16e-02  1.71e+03   196s
   9   2.22255375e+08 -1.43121202e+09  4.40e+03 1.90e-03  4.77e+02   203s
  10   7.73662694e+07 -1.09311294e+09  5.99e+02 1.44e-03  2.94e+02   215s
  11   2.63833245e+07 -1.82056373e+08  1.10e+02 1.83e-04  5.02e+01   225s
  12   1.22671316e+07 -7.27588167e+07  4.39e+01 3.86e-05  2.03e+01   233s
  13   6.51041867e+06 -3.35450281e+07  1.84e+01 3.09e-11  9.49e+00   242s
  14   5.12471317e+06 -2.25884390e+07  1.33e+01 1.27e-11  6.56e+00   252s
  15   3.80672755e+06 -1.72972657e+07  9.30e+00 1.27e-11  4.99e+00   261s
  16   2.94908098e+06 -9.58458811e+06  6.11e+00 8.19e-12  2.96e+00   271s
  17   2.56207641e+06 -5.99688576e+06  5.12e+00 6.03e-12  2.02e+00   275s
  18   2.05551258e+06 -4.52026079e+06  3.78e+00 6.59e-12  1.55e+00   287s
  19   1.87271154e+06 -3.37999209e+06  3.29e+00 5.17e-12  1.24e+00   292s
  20   1.66393060e+06 -2.30351112e+06  2.77e+00 3.38e-12  9.37e-01   302s
  21   1.28272108e+06 -1.44693061e+06  1.81e+00 1.99e-12  6.44e-01   317s
  22   1.07428823e+06 -9.75386908e+05  1.32e+00 1.26e-12  4.84e-01   332s
  23   9.40534123e+05 -5.90784601e+05  1.03e+00 1.49e-12  3.61e-01   350s
  24   8.43539379e+05 -3.70021029e+05  8.12e-01 5.54e-13  2.86e-01   366s
  25   7.60552170e+05 -2.17254751e+05  6.26e-01 3.87e-12  2.31e-01   377s
  26   7.29992193e+05 -1.15731362e+05  5.60e-01 6.89e-13  2.00e-01   389s
  27   6.92584609e+05 -2.80359620e+04  4.81e-01 6.47e-13  1.70e-01   401s
  28   6.74804111e+05  3.58167529e+04  4.43e-01 1.82e-12  1.51e-01   417s
  29   6.41019319e+05  7.60472542e+04  3.69e-01 4.69e-13  1.33e-01   436s
  30   6.01792568e+05  1.48092516e+05  2.79e-01 2.91e-13  1.07e-01   455s
  31   5.81435381e+05  1.87993612e+05  2.35e-01 1.14e-12  9.28e-02   477s
  32   5.68182033e+05  2.34739636e+05  2.08e-01 1.14e-12  7.87e-02   492s
  33   5.52320083e+05  2.54003719e+05  1.73e-01 6.82e-13  7.04e-02   503s
  34   5.42514781e+05  2.84715979e+05  1.52e-01 2.42e-13  6.08e-02   518s
  35   5.34217272e+05  2.97466505e+05  1.34e-01 2.74e-13  5.58e-02   529s
  36   5.26918201e+05  3.13168238e+05  1.18e-01 2.27e-12  5.04e-02   544s
  37   5.20462016e+05  3.29709443e+05  1.03e-01 2.17e-13  4.50e-02   561s
  38   5.16494087e+05  3.45918651e+05  9.45e-02 6.82e-13  4.02e-02   579s
  39   5.12252707e+05  3.52517485e+05  8.52e-02 1.60e-13  3.77e-02   596s
  40   5.07375116e+05  3.74355988e+05  7.44e-02 8.17e-14  3.14e-02   615s
  41   5.02979601e+05  3.88158136e+05  6.54e-02 2.27e-13  2.71e-02   632s
  42   4.99048364e+05  3.99998254e+05  5.74e-02 1.14e-12  2.34e-02   648s
  43   4.94482984e+05  4.07889509e+05  4.82e-02 4.26e-14  2.04e-02   662s
  44   4.91981806e+05  4.12939494e+05  4.36e-02 7.64e-14  1.86e-02   679s
  45   4.89051924e+05  4.17679705e+05  3.82e-02 8.88e-14  1.68e-02   698s
  46   4.87262935e+05  4.22369440e+05  3.50e-02 3.38e-14  1.53e-02   715s
  47   4.84738302e+05  4.25721873e+05  3.03e-02 4.88e-14  1.39e-02   733s
  48   4.82819561e+05  4.29952292e+05  2.69e-02 4.44e-14  1.25e-02   744s
  49   4.81389597e+05  4.32585353e+05  2.44e-02 1.36e-12  1.15e-02   756s
  50   4.80615476e+05  4.34031888e+05  2.30e-02 6.31e-14  1.10e-02   767s
  51   4.79411394e+05  4.38164946e+05  2.08e-02 4.26e-14  9.73e-03   784s
  52   4.78350615e+05  4.39716498e+05  1.89e-02 4.00e-14  9.11e-03   794s
  53   4.77151070e+05  4.42586844e+05  1.67e-02 9.09e-13  8.15e-03   816s
  54   4.75684344e+05  4.44569967e+05  1.42e-02 1.14e-12  7.34e-03   831s
  55   4.74863990e+05  4.47623874e+05  1.29e-02 1.42e-14  6.43e-03   853s
  56   4.74252054e+05  4.49976773e+05  1.20e-02 1.64e-14  5.73e-03   864s
  57   4.73642470e+05  4.51514619e+05  1.11e-02 1.82e-12  5.22e-03   878s
  58   4.73118921e+05  4.52353476e+05  1.03e-02 2.13e-14  4.90e-03   897s
  59   4.72684896e+05  4.54157819e+05  9.65e-03 1.24e-14  4.37e-03   908s
  60   4.71567578e+05  4.55503355e+05  8.00e-03 3.87e-12  3.79e-03   919s
  61   4.70992442e+05  4.56684853e+05  7.15e-03 9.09e-13  3.37e-03   935s
  62   4.70470800e+05  4.57335947e+05  6.41e-03 7.11e-15  3.10e-03   951s
  63   4.69897418e+05  4.58293817e+05  5.56e-03 1.11e-14  2.74e-03   969s
  64   4.69464342e+05  4.59319861e+05  4.94e-03 2.27e-13  2.39e-03   991s
  65   4.69168590e+05  4.60071516e+05  4.53e-03 2.27e-13  2.15e-03  1008s
  66   4.68739863e+05  4.60717714e+05  3.93e-03 5.44e-15  1.89e-03  1019s
  67   4.68372300e+05  4.61300495e+05  3.43e-03 3.87e-12  1.67e-03  1038s
  68   4.68262952e+05  4.61507243e+05  3.29e-03 1.14e-12  1.59e-03  1054s
  69   4.68121555e+05  4.61584255e+05  3.10e-03 2.27e-13  1.54e-03  1072s
  70   4.67861114e+05  4.62263161e+05  2.74e-03 4.55e-13  1.32e-03  1091s
  71   4.67711434e+05  4.62845328e+05  2.54e-03 3.98e-15  1.15e-03  1109s
  72   4.67513588e+05  4.62989061e+05  2.28e-03 1.59e-12  1.07e-03  1126s
  73   4.67379894e+05  4.63335183e+05  2.11e-03 1.59e-12  9.54e-04  1143s
  74   4.67194794e+05  4.63709196e+05  1.87e-03 3.73e-15  8.22e-04  1160s
  75   4.66988869e+05  4.63886027e+05  1.62e-03 5.40e-15  7.32e-04  1177s
  76   4.66851053e+05  4.64068703e+05  1.44e-03 4.92e-15  6.56e-04  1198s
  77   4.66757996e+05  4.64214795e+05  1.33e-03 6.82e-13  6.00e-04  1219s
  78   4.66681250e+05  4.64245466e+05  1.23e-03 1.36e-12  5.75e-04  1231s
  79   4.66621973e+05  4.64313271e+05  1.16e-03 3.85e-15  5.45e-04  1243s
  80   4.66530169e+05  4.64581790e+05  1.04e-03 2.27e-13  4.60e-04  1255s
  81   4.66458935e+05  4.64605589e+05  9.57e-04 4.55e-13  4.37e-04  1270s
  82   4.66363172e+05  4.64813046e+05  8.37e-04 1.14e-12  3.66e-04  1287s
  83   4.66292164e+05  4.64840360e+05  7.51e-04 9.09e-13  3.42e-04  1308s
  84   4.66235130e+05  4.64900300e+05  6.83e-04 2.73e-12  3.15e-04  1328s
  85   4.66186186e+05  4.64946406e+05  6.24e-04 6.01e-15  2.92e-04  1352s
  86   4.66152722e+05  4.65002724e+05  5.83e-04 5.31e-15  2.71e-04  1369s
  87   4.66126154e+05  4.65018712e+05  5.52e-04 5.12e-15  2.61e-04  1383s
  88   4.66078388e+05  4.65106836e+05  4.95e-04 6.82e-13  2.29e-04  1404s
  89   4.66036878e+05  4.65161721e+05  4.45e-04 1.36e-12  2.06e-04  1417s
  90   4.66004331e+05  4.65180858e+05  4.07e-04 6.82e-13  1.94e-04  1439s
  91   4.65969063e+05  4.65248522e+05  3.66e-04 3.18e-12  1.70e-04  1459s
  92   4.65936931e+05  4.65273438e+05  3.29e-04 7.15e-15  1.57e-04  1488s
  93   4.65899948e+05  4.65324216e+05  2.86e-04 1.14e-12  1.36e-04  1509s
  94   4.65866842e+05  4.65386016e+05  2.48e-04 6.82e-13  1.13e-04  1532s
  95   4.65828727e+05  4.65431188e+05  2.05e-04 5.82e-15  9.38e-05  1551s
  96   4.65817239e+05  4.65446062e+05  1.92e-04 4.55e-13  8.76e-05  1565s
  97   4.65801208e+05  4.65467987e+05  1.75e-04 8.60e-15  7.86e-05  1596s
  98   4.65783394e+05  4.65474112e+05  1.55e-04 7.87e-15  7.30e-05  1628s
  99   4.65776457e+05  4.65488239e+05  1.48e-04 2.27e-12  6.80e-05  1646s
 100   4.65755647e+05  4.65505397e+05  1.25e-04 8.55e-15  5.90e-05  1680s
 101   4.65740164e+05  4.65522491e+05  1.08e-04 5.39e-15  5.13e-05  1709s
 102   4.65731617e+05  4.65538073e+05  9.85e-05 1.82e-12  4.57e-05  1727s
 103   4.65713662e+05  4.65546749e+05  7.96e-05 3.80e-15  3.94e-05  1751s
 104   4.65707552e+05  4.65560069e+05  7.31e-05 4.36e-15  3.48e-05  1776s
 105   4.65694826e+05  4.65572384e+05  5.96e-05 3.41e-12  2.89e-05  1808s
 106   4.65685915e+05  4.65582039e+05  5.04e-05 4.55e-13  2.45e-05  1839s
 107   4.65678003e+05  4.65588686e+05  4.21e-05 1.36e-12  2.11e-05  1871s
 108   4.65670824e+05  4.65593794e+05  3.49e-05 5.82e-15  1.82e-05  1903s
 109   4.65663931e+05  4.65602655e+05  2.79e-05 1.82e-12  1.45e-05  1942s
 110   4.65660300e+05  4.65610253e+05  2.42e-05 3.55e-15  1.18e-05  1976s
 111   4.65655979e+05  4.65614724e+05  1.99e-05 2.66e-15  9.73e-06  2030s
 112   4.65654116e+05  4.65617004e+05  1.81e-05 2.73e-12  8.75e-06  2066s
 113   4.65651670e+05  4.65619646e+05  1.57e-05 3.57e-15  7.55e-06  2105s
 114   4.65648399e+05  4.65621777e+05  1.25e-05 1.36e-12  6.28e-06  2124s
 115   4.65647515e+05  4.65623477e+05  1.17e-05 2.05e-12  5.67e-06  2159s
 116   4.65645854e+05  4.65625008e+05  1.01e-05 1.14e-12  4.92e-06  2199s
 117   4.65645159e+05  4.65625537e+05  9.43e-06 2.27e-13  4.63e-06  2220s
 118   4.65643103e+05  4.65627285e+05  7.45e-06 3.99e-15  3.73e-06  2260s
 119   4.65642163e+05  4.65629204e+05  6.57e-06 3.53e-15  3.06e-06  2304s
 120   4.65641208e+05  4.65630522e+05  5.67e-06 3.69e-15  2.52e-06  2340s
 121   4.65639845e+05  4.65631430e+05  4.40e-06 3.34e-15  1.98e-06  2386s
 122   4.65639007e+05  4.65632348e+05  3.60e-06 5.68e-13  1.57e-06  2446s
 123   4.65638379e+05  4.65633046e+05  3.04e-06 9.09e-13  1.26e-06  2509s
 124   4.65637778e+05  4.65633360e+05  2.49e-06 1.02e-12  1.04e-06  2539s
 125   4.65637275e+05  4.65633653e+05  2.03e-06 2.96e-12  8.54e-07  2568s
 126   4.65636976e+05  4.65633927e+05  1.77e-06 1.59e-12  7.19e-07  2600s
 127   4.65636701e+05  4.65634126e+05  1.52e-06 1.14e-12  6.07e-07  2625s
 128   4.65636476e+05  4.65634332e+05  1.30e-06 1.93e-12  5.06e-07  2666s
 129   4.65636249e+05  4.65634411e+05  1.12e-06 1.82e-12  4.33e-07  2723s
 130   4.65636134e+05  4.65634456e+05  1.02e-06 1.14e-12  3.96e-07  2761s
 131   4.65635988e+05  4.65634549e+05  8.83e-07 9.32e-11  3.40e-07  2807s
 132   4.65635864e+05  4.65634638e+05  7.71e-07 7.44e-11  2.89e-07  2852s
 133   4.65635770e+05  4.65634671e+05  6.84e-07 2.76e-10  2.59e-07  2902s
 134   4.65635640e+05  4.65634681e+05  5.88e-07 2.54e-10  2.26e-07  2946s
 135   4.65635562e+05  4.65634742e+05  5.35e-07 1.97e-10  1.93e-07  2989s
 136   4.65635514e+05  4.65634782e+05  5.03e-07 5.09e-10  1.73e-07  3018s
 137   4.65635467e+05  4.65634807e+05  4.55e-07 4.22e-10  1.56e-07  3051s
 138   4.65635373e+05  4.65634827e+05  3.48e-07 6.23e-10  1.29e-07  3104s
 139   4.65635351e+05  4.65634849e+05  3.28e-07 5.83e-10  1.18e-07  3148s
 140   4.65635328e+05  4.65634868e+05  2.65e-07 5.11e-10  1.09e-07  3181s
 141   4.65635296e+05  4.65634883e+05  2.63e-07 3.85e-10  9.73e-08  3243s
 142   4.65635259e+05  4.65634895e+05  5.14e-07 2.97e-09  8.58e-08  3282s
 143   4.65635221e+05  4.65634916e+05  4.75e-07 1.85e-09  7.19e-08  3307s
 144   4.65635188e+05  4.65634936e+05  4.06e-07 9.68e-09  5.94e-08  3327s
 145   4.65635166e+05  4.65634945e+05  4.35e-07 2.41e-08  5.22e-08  3365s
 146   4.65635150e+05  4.65634950e+05  8.96e-07 3.65e-08  4.73e-08  3379s
 147   4.65635129e+05  4.65634958e+05  7.65e-07 4.44e-08  4.03e-08  3411s
 148   4.65635111e+05  4.65634965e+05  3.77e-06 6.03e-08  3.45e-08  3448s
 149   4.65635095e+05  4.65634971e+05  3.15e-06 7.16e-08  2.91e-08  3472s
 150   4.65635085e+05  4.65634975e+05  2.91e-06 7.48e-08  2.59e-08  3507s
 151   4.65635080e+05  4.65634977e+05  2.73e-06 6.47e-08  2.41e-08  3529s
 152   4.65635073e+05  4.65634978e+05  3.22e-05 6.22e-08  2.22e-08  3577s
 153   4.65635062e+05  4.65634980e+05  2.70e-05 5.92e-08  1.93e-08  3600s
 154   4.65635056e+05  4.65634985e+05  2.43e-05 5.00e-08  1.68e-08  3630s
 155   4.65635052e+05  4.65634986e+05  2.26e-05 4.68e-08  1.56e-08  3644s
 156   4.65635045e+05  4.65634988e+05  1.94e-05 4.05e-08  1.35e-08  3676s
 157   4.65635040e+05  4.65634992e+05  1.70e-05 3.21e-08  1.15e-08  3703s
 158   4.65635035e+05  4.65634993e+05  1.37e-05 2.93e-08  9.99e-09  3718s
 159   4.65635032e+05  4.65634994e+05  1.25e-05 2.51e-08  8.98e-09  3729s
 160   4.65635030e+05  4.65634995e+05  1.18e-05 2.28e-08  8.39e-09  3741s
 161   4.65635026e+05  4.65634996e+05  9.89e-06 2.02e-08  7.18e-09  3767s
 162   4.65635024e+05  4.65634996e+05  8.88e-06 1.89e-08  6.53e-09  3780s
 163   4.65635022e+05  4.65634997e+05  7.87e-06 1.73e-08  5.89e-09  3808s
 164   4.65635019e+05  4.65634997e+05  6.54e-06 1.58e-08  5.09e-09  3823s
 165   4.65635017e+05  4.65634998e+05  2.53e-05 1.37e-08  4.44e-09  3850s
 166   4.65635016e+05  4.65634998e+05  2.40e-05 1.27e-08  4.19e-09  3867s
 167   4.65635013e+05  4.65634999e+05  1.87e-05 1.12e-08  3.39e-09  3879s
 168   4.65635012e+05  4.65635000e+05  1.66e-05 9.22e-09  2.95e-09  3894s
 169   4.65635010e+05  4.65635000e+05  1.27e-05 8.61e-09  2.40e-09  3906s
 170   4.65635009e+05  4.65635001e+05  1.11e-05 6.69e-09  2.04e-09  3919s
 171   4.65635008e+05  4.65635001e+05  9.27e-06 5.83e-09  1.70e-09  3950s
 172   4.65635007e+05  4.65635001e+05  7.77e-06 5.47e-09  1.45e-09  3964s
 173   4.65635007e+05  4.65635002e+05  6.69e-06 4.82e-09  1.24e-09  3980s
 174   4.65635006e+05  4.65635002e+05  4.59e-06 2.06e-08  8.84e-10  4012s
 175   4.65635005e+05  4.65635002e+05  4.19e-06 1.80e-08  7.98e-10  4025s
 176   4.65635005e+05  4.65635002e+05  3.06e-06 1.33e-08  5.96e-10  4040s
 177   4.65635005e+05  4.65635002e+05  2.87e-06 1.13e-08  5.42e-10  4054s
 178   4.65635004e+05  4.65635002e+05  2.27e-06 1.02e-08  4.45e-10  4069s
 179   4.65635004e+05  4.65635003e+05  2.11e-06 8.82e-09  4.07e-10  4084s
 180   4.65635004e+05  4.65635003e+05  1.67e-06 7.07e-09  3.24e-10  4100s

Barrier solved model in 180 iterations and 4099.68 seconds (1217.16 work units)
Optimal objective 4.65635004e+05

