
Gurobi 13.0.2 (linux64) logging started Wed Jul 22 20:42:31 2026

Set parameter LogFile to value "outputs/batch_2207_res_step3/2056_FR_interconnected/logfile_2056_FR_interconnected.txt"
Gurobi Optimizer version 13.0.2 build v13.0.2rc1 (linux64 - "CentOS Stream 9")

CPU model: Intel(R) Xeon(R) Gold 6130 CPU @ 2.10GHz, instruction set [SSE2|AVX|AVX2|AVX512]
Thread count: 16 physical cores, 32 logical processors, using up to 32 threads

Non-default parameters:
Method  2
Crossover  0
NumericFocus  3
Presolve  2

Optimize a model with 9050884 rows, 6658150 columns and 26752374 nonzeros (Min)
Model fingerprint: 0xceb99ba4
Model has 1393190 linear objective coefficients
Coefficient statistics:
  Matrix range     [1e-04, 1e+02]
  Objective range  [6e-04, 3e+03]
  Bounds range     [0e+00, 0e+00]
  RHS range        [3e-02, 1e+05]

Presolve removed 7658351 rows and 3979031 columns (presolve time = 5s)...
Presolve removed 7921037 rows and 4434555 columns (presolve time = 10s)...
Presolve removed 7929797 rows and 4434555 columns (presolve time = 15s)...
Presolve removed 8017425 rows and 4443417 columns (presolve time = 20s)...
Presolve removed 8026185 rows and 4443417 columns
Presolve time: 23.08s
Presolved: 1024699 rows, 2223493 columns, 5684751 nonzeros
Ordering time: 0.72s

Barrier statistics:
 AA' NZ     : 1.910e+06
 Factor NZ  : 1.651e+07 (roughly 1.0 GB of memory)
 Factor Ops : 1.925e+09 (less than 1 second per iteration)
 Threads    : 16

                  Objective                Residual
Iter       Primal          Dual         Primal    Dual     Compl     Time
   0   2.57566153e+10 -3.79965412e+11  1.15e+08 5.09e-14  6.70e+06    33s
   1   3.00921876e+10 -1.46525518e+11  2.40e+07 4.60e+01  1.41e+06    34s
   2   2.34422090e+10 -4.35941829e+10  3.23e+06 1.36e-12  1.97e+05    35s
   3   1.00168155e+10 -2.48211888e+10  1.04e+06 2.02e+00  6.51e+04    37s
   4   3.58256917e+09 -1.32328245e+10  2.92e+05 1.15e-12  1.91e+04    39s
   5   1.64014781e+09 -1.19979685e+10  1.28e+05 1.15e-12  9.95e+03    40s
   6   5.93770466e+08 -5.11803193e+09  4.24e+04 1.15e-12  3.18e+03    41s
   7   2.14795963e+08 -3.21973481e+09  1.45e+04 1.02e-12  1.42e+03    42s
   8   6.15062460e+07 -2.16401355e+09  3.12e+03 1.02e-12  7.05e+02    43s
   9   3.46008918e+07 -1.71244038e+09  1.42e+03 1.02e-12  5.23e+02    44s
  10   1.97123132e+07 -1.16282796e+09  4.38e+02 1.14e-12  3.40e+02    45s
  11   1.15354165e+07 -1.82472710e+08  8.57e+01 9.66e-13  5.51e+01    47s
  12   7.37781792e+06 -5.84178944e+07  4.65e+01 5.97e-13  1.86e+01    48s
  13   4.48863630e+06 -2.58563089e+07  2.76e+01 3.27e-13  8.58e+00    49s
  14   3.10550712e+06 -1.59498763e+07  2.04e+01 1.99e-13  5.39e+00    51s
  15   2.00202875e+06 -1.04768369e+07  1.46e+01 1.35e-13  3.53e+00    53s
  16   1.59445827e+06 -8.10411293e+06  1.21e+01 1.07e-13  2.74e+00    54s
  17   1.25400419e+06 -4.96433747e+06  9.60e+00 8.53e-14  1.76e+00    56s
  18   1.03372767e+06 -3.63968752e+06  7.54e+00 5.33e-14  1.32e+00    57s
  19   8.63721638e+05 -2.67388520e+06  5.93e+00 4.97e-14  9.99e-01    59s
  20   7.89184404e+05 -1.88004442e+06  5.12e+00 4.09e-14  7.54e-01    62s
  21   5.43219653e+05 -5.21817453e+04  5.08e-01 2.29e-14  1.68e-01    64s
  22   4.98122705e+05  1.09655382e+05  5.04e-02 1.60e-14  1.10e-01    66s
  23   4.92742473e+05  1.23910578e+05  2.07e-02 1.61e-14  1.04e-01    68s
  24   4.89560188e+05  1.56936245e+05  1.61e-02 1.37e-14  9.38e-02    70s
  25   4.86433709e+05  2.03918463e+05  1.17e-02 1.17e-14  7.97e-02    71s
  26   4.82698263e+05  2.20408399e+05  9.05e-03 1.07e-14  7.40e-02    73s
  27   4.80427031e+05  2.69111723e+05  8.10e-03 8.40e-15  5.96e-02    75s
  28   4.74921078e+05  2.88961397e+05  6.53e-03 7.72e-15  5.25e-02    77s
  29   4.66745378e+05  3.17182130e+05  4.63e-03 6.60e-15  4.22e-02    80s
  30   4.59095842e+05  3.36558932e+05  3.19e-03 5.35e-15  3.46e-02    83s
  31   4.55932737e+05  3.51004405e+05  2.67e-03 4.16e-15  2.96e-02    86s
  32   4.54707318e+05  3.76851089e+05  2.46e-03 3.04e-15  2.20e-02    89s
  33   4.54476094e+05  4.03637547e+05  9.74e-04 2.03e-15  1.43e-02    90s
  34   4.53578070e+05  4.22466220e+05  2.03e-04 1.39e-15  8.78e-03    92s
  35   4.53128348e+05  4.26911574e+05  7.58e-05 1.18e-15  7.40e-03    93s
  36   4.51988042e+05  4.30638952e+05  4.76e-05 9.57e-16  6.02e-03    95s
  37   4.51457101e+05  4.33832800e+05  3.69e-05 8.24e-16  4.97e-03    96s
  38   4.51232232e+05  4.36850563e+05  3.33e-05 6.44e-16  4.06e-03    97s
  39   4.50969170e+05  4.38765187e+05  2.92e-05 4.81e-16  3.44e-03    99s
  40   4.50698284e+05  4.41435915e+05  2.61e-05 3.41e-16  2.61e-03   101s
  41   4.50122013e+05  4.42012481e+05  2.00e-05 3.32e-16  2.29e-03   103s
  42   4.49838731e+05  4.44602994e+05  1.77e-05 2.64e-16  1.48e-03   106s
  43   4.49546469e+05  4.45422649e+05  1.46e-05 2.60e-16  1.16e-03   109s
  44   4.49382704e+05  4.45909322e+05  1.27e-05 2.26e-16  9.80e-04   112s
  45   4.49136725e+05  4.46211801e+05  9.63e-06 1.71e-16  8.25e-04   115s
  46   4.49018378e+05  4.46500753e+05  7.98e-06 1.60e-16  7.10e-04   119s
  47   4.48912086e+05  4.46789370e+05  6.59e-06 1.41e-16  5.99e-04   122s
  48   4.48789001e+05  4.47227865e+05  5.21e-06 1.48e-16  4.40e-04   125s
  49   4.48705106e+05  4.47389717e+05  4.29e-06 1.30e-16  3.71e-04   128s
  50   4.48646032e+05  4.47488850e+05  3.62e-06 1.86e-16  3.26e-04   131s
  51   4.48613436e+05  4.47577725e+05  3.25e-06 1.39e-16  2.92e-04   134s
  52   4.48589511e+05  4.47616737e+05  2.95e-06 1.52e-16  2.74e-04   137s
  53   4.48548584e+05  4.47687796e+05  2.44e-06 1.94e-16  2.43e-04   140s
  54   4.48490892e+05  4.47786629e+05  1.99e-06 1.54e-16  1.99e-04   144s
  55   4.48453377e+05  4.47888788e+05  1.64e-06 1.62e-16  1.59e-04   147s
  56   4.48418160e+05  4.47970337e+05  1.33e-06 1.40e-16  1.26e-04   151s
  57   4.48386055e+05  4.48021510e+05  1.05e-06 1.50e-16  1.03e-04   155s
  58   4.48363906e+05  4.48055359e+05  8.54e-07 1.24e-16  8.70e-05   159s
  59   4.48349492e+05  4.48090873e+05  7.30e-07 1.23e-16  7.30e-05   162s
  60   4.48333200e+05  4.48114666e+05  5.93e-07 1.11e-16  6.16e-05   166s
  61   4.48318136e+05  4.48135975e+05  4.69e-07 1.42e-16  5.14e-05   172s
  62   4.48308059e+05  4.48154387e+05  3.88e-07 1.32e-16  4.34e-05   178s
  63   4.48297812e+05  4.48168350e+05  3.06e-07 1.37e-16  3.65e-05   184s
  64   4.48289750e+05  4.48176574e+05  2.43e-07 1.35e-16  3.19e-05   190s
  65   4.48284055e+05  4.48193740e+05  1.95e-07 1.25e-16  2.55e-05   197s
  66   4.48278654e+05  4.48212502e+05  1.56e-07 1.28e-16  1.87e-05   203s
  67   4.48275154e+05  4.48222554e+05  1.30e-07 1.26e-16  1.48e-05   209s
  68   4.48271320e+05  4.48230037e+05  1.00e-07 1.14e-16  1.16e-05   215s
  69   4.48267532e+05  4.48239144e+05  7.40e-08 1.10e-16  8.01e-06   221s
  70   4.48264938e+05  4.48243794e+05  5.41e-08 1.19e-16  5.96e-06   227s
  71   4.48263191e+05  4.48245719e+05  4.09e-08 1.29e-16  4.93e-06   234s
  72   4.48261765e+05  4.48247862e+05  3.38e-08 1.34e-16  3.92e-06   241s
  73   4.48260887e+05  4.48249517e+05  2.41e-08 1.22e-16  3.21e-06   247s
  74   4.48260687e+05  4.48250611e+05  2.27e-08 1.22e-16  2.84e-06   255s
  75   4.48259633e+05  4.48251808e+05  1.60e-08 9.33e-16  2.21e-06   261s
  76   4.48258853e+05  4.48253504e+05  9.88e-09 6.53e-16  1.51e-06   268s
  77   4.48258184e+05  4.48255329e+05  4.85e-09 5.20e-15  8.06e-07   274s
  78   4.48257781e+05  4.48256343e+05  2.21e-09 2.73e-15  4.06e-07   282s
  79   4.48257562e+05  4.48256737e+05  2.02e-09 1.41e-15  2.33e-07   289s
  80   4.48257526e+05  4.48256913e+05  3.32e-09 4.05e-12  1.73e-07   294s
  81   4.48257474e+05  4.48256974e+05  1.08e-09 3.41e-12  1.41e-07   299s
  82   4.48257438e+05  4.48257040e+05  1.19e-09 4.86e-12  1.12e-07   302s
  83   4.48257422e+05  4.48257083e+05  9.60e-10 4.32e-12  9.56e-08   305s
  84   4.48257404e+05  4.48257112e+05  1.86e-09 3.91e-12  8.24e-08   308s
  85   4.48257387e+05  4.48257132e+05  1.64e-09 3.55e-12  7.21e-08   312s
  86   4.48257373e+05  4.48257164e+05  1.38e-09 2.93e-12  5.90e-08   316s
  87   4.48257363e+05  4.48257187e+05  4.96e-09 2.44e-12  4.94e-08   320s
  88   4.48257352e+05  4.48257205e+05  7.60e-09 2.14e-12  4.14e-08   322s
  89   4.48257345e+05  4.48257222e+05  8.45e-09 2.36e-12  3.48e-08   325s
  90   4.48257339e+05  4.48257239e+05  2.47e-09 2.77e-12  2.83e-08   327s
  91   4.48257332e+05  4.48257255e+05  8.69e-10 2.30e-12  2.17e-08   329s
  92   4.48257326e+05  4.48257271e+05  4.52e-09 2.47e-12  1.56e-08   332s
  93   4.48257321e+05  4.48257281e+05  1.57e-08 2.67e-12  1.13e-08   334s
  94   4.48257317e+05  4.48257290e+05  1.04e-08 1.74e-12  7.72e-09   337s
  95   4.48257314e+05  4.48257296e+05  1.15e-08 1.38e-12  5.07e-09   339s
  96   4.48257310e+05  4.48257297e+05  9.07e-09 1.19e-12  3.64e-09   341s
  97   4.48257309e+05  4.48257301e+05  7.54e-09 7.56e-13  2.40e-09   343s
  98   4.48257308e+05  4.48257302e+05  5.89e-09 5.78e-13  1.59e-09   345s
  99   4.48257307e+05  4.48257303e+05  5.36e-09 5.05e-13  1.28e-09   347s
 100   4.48257307e+05  4.48257304e+05  3.38e-09 3.04e-13  8.58e-10   349s
 101   4.48257306e+05  4.48257305e+05  1.64e-09 1.77e-13  3.07e-10   351s
 102   4.48257306e+05  4.48257305e+05  9.24e-10 1.28e-13  1.65e-10   353s
 103   4.48257306e+05  4.48257305e+05  2.94e-09 2.26e-13  9.65e-11   354s
 104   4.48257305e+05  4.48257305e+05  4.38e-09 2.34e-13  3.75e-11   356s
 105   4.48257305e+05  4.48257305e+05  1.96e-09 1.67e-13  1.07e-11   358s
 106   4.48257305e+05  4.48257305e+05  1.40e-08 3.59e-14  2.83e-12   360s

Barrier solved model in 106 iterations and 359.60 seconds (240.62 work units)
Optimal objective 4.48257305e+05


Gurobi 13.0.2 (linux64) logging started Thu Jul 23 12:58:45 2026

Set parameter LogFile to value "outputs/batch_2207_res_step3/2056_FR_interconnected/logfile_2056_FR_interconnected.txt"
Gurobi Optimizer version 13.0.2 build v13.0.2rc1 (linux64 - "CentOS Stream 9")

CPU model: Intel(R) Xeon(R) Gold 6130 CPU @ 2.10GHz, instruction set [SSE2|AVX|AVX2|AVX512]
Thread count: 16 physical cores, 32 logical processors, using up to 32 threads

Non-default parameters:
Method  2
Crossover  0
NumericFocus  3
Presolve  2

Optimize a model with 9050884 rows, 6658150 columns and 26752374 nonzeros (Min)
Model fingerprint: 0xef84e83a
Model has 1393190 linear objective coefficients
Coefficient statistics:
  Matrix range     [1e-04, 1e+02]
  Objective range  [6e-04, 3e+03]
  Bounds range     [0e+00, 0e+00]
  RHS range        [3e-02, 1e+05]

Presolve removed 7684815 rows and 4023133 columns (presolve time = 5s)...
Presolve removed 7947395 rows and 4478558 columns (presolve time = 10s)...
Presolve removed 8043783 rows and 4487564 columns (presolve time = 16s)...
Presolve removed 8043783 rows and 4487564 columns (presolve time = 20s)...
Presolve removed 8052543 rows and 4487564 columns
Presolve time: 22.83s
Presolved: 998341 rows, 2179346 columns, 5551977 nonzeros
Ordering time: 3.44s

Barrier statistics:
 AA' NZ     : 1.813e+06
 Factor NZ  : 1.253e+07 (roughly 1.0 GB of memory)
 Factor Ops : 5.360e+08 (less than 1 second per iteration)
 Threads    : 16

                  Objective                Residual
Iter       Primal          Dual         Primal    Dual     Compl     Time
   0   2.57563017e+10 -3.79271710e+11  1.15e+08 5.09e-14  6.73e+06    35s
   1   3.00704859e+10 -1.45550861e+11  2.50e+07 4.50e+01  1.47e+06    36s
   2   2.34366154e+10 -4.34388427e+10  3.36e+06 1.25e-12  2.06e+05    38s
   3   8.56601451e+09 -2.40049382e+10  8.45e+05 1.68e+00  5.45e+04    40s
   4   3.00061989e+09 -1.31968122e+10  2.33e+05 1.14e-12  1.62e+04    42s
   5   1.43624592e+09 -6.48932168e+09  1.06e+05 1.38e-12  6.65e+03    43s
   6   4.95078539e+08 -3.04654626e+09  3.49e+04 1.14e-12  2.15e+03    44s
   7   1.84155360e+08 -2.62352423e+09  1.21e+04 1.02e-12  1.18e+03    45s
   8   6.57352016e+07 -1.51976912e+09  3.60e+03 1.02e-12  5.39e+02    47s
   9   3.01743817e+07 -1.14754200e+09  1.27e+03 1.14e-12  3.64e+02    48s
  10   1.65683928e+07 -6.64289791e+08  3.63e+02 1.02e-12  2.01e+02    50s
  11   9.00054956e+06 -1.21490541e+08  7.25e+01 9.09e-13  3.80e+01    52s
  12   6.04883723e+06 -4.38904994e+07  3.80e+01 4.83e-13  1.45e+01    53s
  13   3.76572288e+06 -2.04400396e+07  2.48e+01 2.56e-13  7.02e+00    55s
  14   2.72036778e+06 -1.22857119e+07  1.88e+01 1.49e-13  4.35e+00    57s
  15   1.56902995e+06 -8.76754933e+06  1.21e+01 9.24e-14  2.99e+00    59s
  16   1.28798198e+06 -6.83995880e+06  1.01e+01 9.24e-14  2.35e+00    61s
  17   1.00137945e+06 -3.86765420e+06  7.67e+00 4.62e-14  1.41e+00    63s
  18   8.15906820e+05 -2.63378980e+06  5.92e+00 3.73e-14  9.99e-01    64s
  19   7.22595641e+05 -2.25756997e+06  4.85e+00 3.20e-14  8.63e-01    66s
  20   6.79143518e+05 -1.57210314e+06  4.16e+00 2.66e-14  6.52e-01    69s
  21   5.63020660e+05 -2.54708040e+05  1.50e+00 1.42e-14  2.37e-01    73s
  22   5.00027451e+05  7.46864250e+04  1.49e-01 8.11e-15  1.23e-01    75s
  23   4.93460224e+05  1.08284557e+05  6.14e-02 8.11e-15  1.11e-01    78s
  24   4.89901634e+05  1.41645109e+05  4.50e-02 6.44e-15  1.01e-01    80s
  25   4.85356165e+05  1.98396410e+05  2.69e-02 5.77e-15  8.30e-02    82s
  26   4.81137357e+05  2.43459349e+05  1.84e-02 4.33e-15  6.88e-02    83s
  27   4.74446636e+05  2.63087408e+05  1.36e-02 4.29e-15  6.11e-02    86s
  28   4.66522631e+05  3.02898893e+05  9.79e-03 3.63e-15  4.73e-02    88s
  29   4.60539018e+05  3.50617730e+05  7.44e-03 2.55e-15  3.18e-02    92s
  30   4.55106550e+05  3.72696138e+05  5.53e-03 2.16e-15  2.38e-02    95s
  31   4.53720108e+05  3.92927207e+05  5.13e-03 1.60e-15  1.76e-02    99s
  32   4.58454143e+05  4.14812039e+05  3.32e-03 1.26e-15  1.26e-02   102s
  33   4.53969521e+05  4.32424254e+05  5.69e-04 7.33e-16  6.23e-03   105s
  34   4.52859980e+05  4.33993516e+05  2.73e-04 7.11e-16  5.46e-03   108s
  35   4.52095375e+05  4.35237250e+05  1.53e-04 5.97e-16  4.88e-03   110s
  36   4.51060823e+05  4.37217500e+05  1.09e-04 4.93e-16  4.00e-03   112s
  37   4.50497242e+05  4.38806663e+05  8.73e-05 3.87e-16  3.38e-03   113s
  38   4.50292141e+05  4.39449341e+05  8.02e-05 3.82e-16  3.14e-03   115s
  39   4.50142934e+05  4.40140552e+05  7.63e-05 3.68e-16  2.89e-03   116s
  40   4.50051076e+05  4.40786962e+05  7.33e-05 3.43e-16  2.68e-03   117s
  41   4.50004980e+05  4.41547440e+05  6.98e-05 3.73e-16  2.45e-03   119s
  42   4.49197682e+05  4.43474762e+05  4.88e-05 2.04e-16  1.66e-03   122s
  43   4.48906819e+05  4.44179374e+05  4.24e-05 1.69e-16  1.37e-03   124s
  44   4.48799632e+05  4.44727611e+05  3.92e-05 1.84e-16  1.18e-03   127s
  45   4.48729742e+05  4.44999037e+05  3.72e-05 2.31e-16  1.08e-03   129s
  46   4.48665464e+05  4.45222895e+05  3.55e-05 1.76e-16  9.96e-04   132s
  47   4.48616986e+05  4.45430329e+05  3.38e-05 2.19e-16  9.22e-04   135s
  48   4.48486227e+05  4.45616682e+05  2.99e-05 2.01e-16  8.30e-04   138s
  49   4.48388634e+05  4.45772599e+05  2.67e-05 2.14e-16  7.57e-04   141s
  50   4.48287525e+05  4.45950246e+05  2.32e-05 1.94e-16  6.76e-04   143s
  51   4.48175969e+05  4.46096764e+05  1.92e-05 2.10e-16  6.02e-04   146s
  52   4.48049412e+05  4.46340382e+05  1.52e-05 1.89e-16  4.94e-04   148s
  53   4.47953052e+05  4.46598128e+05  1.25e-05 1.61e-16  3.92e-04   151s
  54   4.47885741e+05  4.46711295e+05  1.05e-05 1.57e-16  3.40e-04   153s
  55   4.47846112e+05  4.46807426e+05  9.33e-06 1.61e-16  3.00e-04   156s
  56   4.47808535e+05  4.46861890e+05  8.22e-06 1.54e-16  2.74e-04   158s
  57   4.47794100e+05  4.46915951e+05  7.79e-06 1.69e-16  2.54e-04   160s
  58   4.47757128e+05  4.46975886e+05  6.61e-06 1.87e-16  2.26e-04   163s
  59   4.47720067e+05  4.47019681e+05  5.58e-06 1.71e-16  2.03e-04   165s
  60   4.47707558e+05  4.47080165e+05  5.30e-06 2.14e-16  1.82e-04   168s
  61   4.47688730e+05  4.47121359e+05  4.83e-06 1.59e-16  1.64e-04   170s
  62   4.47655378e+05  4.47185345e+05  4.02e-06 1.78e-16  1.36e-04   173s
  63   4.47615571e+05  4.47246874e+05  3.08e-06 1.66e-16  1.07e-04   175s
  64   4.47591018e+05  4.47283705e+05  2.51e-06 1.85e-16  8.89e-05   178s
  65   4.47579577e+05  4.47307728e+05  2.25e-06 1.51e-16  7.86e-05   181s
  66   4.47568371e+05  4.47327165e+05  2.01e-06 1.36e-16  6.98e-05   185s
  67   4.47563311e+05  4.47345724e+05  1.89e-06 1.63e-16  6.29e-05   189s
  68   4.47549461e+05  4.47359690e+05  1.58e-06 1.64e-16  5.49e-05   193s
  69   4.47539688e+05  4.47371283e+05  1.36e-06 1.47e-16  4.87e-05   198s
  70   4.47531437e+05  4.47383039e+05  1.17e-06 1.47e-16  4.29e-05   203s
  71   4.47525133e+05  4.47394085e+05  1.03e-06 1.57e-16  3.79e-05   208s
  72   4.47518769e+05  4.47403645e+05  8.92e-07 1.46e-16  3.33e-05   213s
  73   4.47512527e+05  4.47416593e+05  7.55e-07 1.69e-16  2.78e-05   218s
  74   4.47506047e+05  4.47431051e+05  6.16e-07 1.51e-16  2.17e-05   222s
  75   4.47501063e+05  4.47442999e+05  5.15e-07 1.44e-16  1.68e-05   227s
  76   4.47495623e+05  4.47452962e+05  4.01e-07 1.19e-16  1.23e-05   232s
  77   4.47491868e+05  4.47460848e+05  3.20e-07 1.42e-16  8.97e-06   238s
  78   4.47487241e+05  4.47465072e+05  2.24e-07 1.14e-16  6.41e-06   244s
  79   4.47484412e+05  4.47467307e+05  1.68e-07 1.14e-16  4.95e-06   248s
  80   4.47483265e+05  4.47469492e+05  1.43e-07 1.32e-16  3.98e-06   251s
  81   4.47481861e+05  4.47471019e+05  1.18e-07 1.22e-16  3.14e-06   254s
  82   4.47480835e+05  4.47472324e+05  9.46e-08 1.14e-16  2.46e-06   258s
  83   4.47479592e+05  4.47473515e+05  6.73e-08 1.08e-15  1.76e-06   261s
  84   4.47478559e+05  4.47473928e+05  4.50e-08 5.66e-16  1.34e-06   263s
  85   4.47478168e+05  4.47474729e+05  3.68e-08 3.67e-16  9.95e-07   266s
  86   4.47477806e+05  4.47475253e+05  3.03e-08 4.41e-16  7.39e-07   270s
  87   4.47477475e+05  4.47475518e+05  2.48e-08 4.65e-16  5.66e-07   274s
  88   4.47477218e+05  4.47475654e+05  1.94e-08 3.05e-16  4.53e-07   278s
  89   4.47476968e+05  4.47475813e+05  1.35e-08 2.17e-13  3.34e-07   282s
  90   4.47476775e+05  4.47475904e+05  7.95e-09 1.72e-13  2.52e-07   287s
  91   4.47476664e+05  4.47475995e+05  7.00e-09 8.17e-13  1.94e-07   290s
  92   4.47476590e+05  4.47476026e+05  1.22e-08 7.86e-13  1.63e-07   294s
  93   4.47476535e+05  4.47476082e+05  1.27e-08 1.46e-12  1.31e-07   296s
  94   4.47476482e+05  4.47476108e+05  1.07e-08 3.49e-12  1.08e-07   298s
  95   4.47476446e+05  4.47476143e+05  1.17e-08 3.73e-12  8.77e-08   300s
  96   4.47476408e+05  4.47476167e+05  9.07e-09 3.24e-12  6.97e-08   302s
  97   4.47476382e+05  4.47476191e+05  1.43e-08 3.48e-12  5.52e-08   304s
  98   4.47476361e+05  4.47476200e+05  2.14e-08 3.26e-12  4.68e-08   306s
  99   4.47476343e+05  4.47476207e+05  1.84e-08 2.78e-12  3.93e-08   309s
 100   4.47476326e+05  4.47476219e+05  1.63e-08 2.12e-12  3.08e-08   313s
 101   4.47476311e+05  4.47476235e+05  3.53e-08 1.35e-12  2.19e-08   317s
 102   4.47476294e+05  4.47476256e+05  1.22e-07 9.88e-13  1.12e-08   323s
 103   4.47476283e+05  4.47476261e+05  2.72e-08 7.10e-13  6.11e-09   328s
 104   4.47476276e+05  4.47476266e+05  1.50e-08 5.22e-13  2.98e-09   332s
 105   4.47476273e+05  4.47476268e+05  6.21e-09 3.24e-13  1.67e-09   334s
 106   4.47476273e+05  4.47476268e+05  6.88e-09 2.49e-13  1.23e-09   336s
 107   4.47476271e+05  4.47476269e+05  2.65e-09 1.65e-13  6.03e-10   338s
 108   4.47476271e+05  4.47476270e+05  7.71e-10 1.07e-13  2.95e-10   340s
 109   4.47476270e+05  4.47476270e+05  5.42e-10 1.87e-13  1.43e-10   342s
 110   4.47476270e+05  4.47476270e+05  7.44e-10 1.36e-13  4.63e-11   345s
 111   4.47476270e+05  4.47476270e+05  4.47e-09 7.80e-14  1.31e-11   347s
 112   4.47476270e+05  4.47476270e+05  2.26e-08 2.13e-14  3.97e-12   349s

Barrier solved model in 112 iterations and 349.50 seconds (207.50 work units)
Optimal objective 4.47476270e+05

