
Gurobi 13.0.2 (linux64) logging started Wed Jul 22 20:57:55 2026

Set parameter LogFile to value "outputs/batch_2207_res_step3/2058_FR_interconnected/logfile_2058_FR_interconnected.txt"
Gurobi Optimizer version 13.0.2 build v13.0.2rc1 (linux64 - "CentOS Stream 9")

CPU model: Intel(R) Xeon(R) Gold 6130 CPU @ 2.10GHz, instruction set [SSE2|AVX|AVX2|AVX512]
Thread count: 16 physical cores, 32 logical processors, using up to 32 threads

Non-default parameters:
Method  2
Crossover  0
NumericFocus  3
Presolve  2

Optimize a model with 9050884 rows, 6658150 columns and 26752156 nonzeros (Min)
Model fingerprint: 0xdbfff47a
Model has 1393190 linear objective coefficients
Coefficient statistics:
  Matrix range     [1e-04, 1e+02]
  Objective range  [6e-04, 3e+03]
  Bounds range     [0e+00, 0e+00]
  RHS range        [2e-02, 1e+05]

Presolve removed 7658621 rows and 3979537 columns (presolve time = 5s)...
Presolve removed 7920922 rows and 4434691 columns (presolve time = 10s)...
Presolve removed 8017310 rows and 4443781 columns (presolve time = 15s)...
Presolve removed 8017310 rows and 4443781 columns (presolve time = 20s)...
Presolve removed 8026070 rows and 4443781 columns
Presolve time: 22.44s
Presolved: 1024814 rows, 2223129 columns, 5683074 nonzeros
Ordering time: 3.55s

Barrier statistics:
 AA' NZ     : 1.909e+06
 Factor NZ  : 1.331e+07 (roughly 1.0 GB of memory)
 Factor Ops : 5.874e+08 (less than 1 second per iteration)
 Threads    : 16

                  Objective                Residual
Iter       Primal          Dual         Primal    Dual     Compl     Time
   0   2.57501132e+10 -3.80065526e+11  1.15e+08 5.09e-14  6.70e+06    35s
   1   3.00846844e+10 -1.46925636e+11  2.40e+07 4.70e+01  1.41e+06    36s
   2   2.42006613e+10 -4.38947178e+10  3.70e+06 1.37e-12  2.23e+05    37s
   3   8.82429018e+09 -2.46650687e+10  6.61e+05 1.78e+00  4.47e+04    39s
   4   3.46567517e+09 -1.43135385e+10  2.12e+05 9.09e-13  1.54e+04    41s
   5   1.70394341e+09 -6.62371108e+09  9.85e+04 1.16e-12  6.35e+03    42s
   6   5.88995655e+08 -3.25360981e+09  3.28e+04 1.25e-12  2.14e+03    43s
   7   2.24275701e+08 -2.79007846e+09  1.18e+04 1.16e-12  1.20e+03    44s
   8   8.02710826e+07 -1.80273791e+09  3.68e+03 1.14e-12  6.18e+02    45s
   9   5.83626144e+07 -1.38642491e+09  2.60e+03 1.02e-12  4.59e+02    47s
  10   2.28259182e+07 -1.00339676e+09  6.21e+02 1.02e-12  2.99e+02    48s
  11   1.18119946e+07 -1.86901463e+08  9.18e+01 1.08e-12  5.65e+01    49s
  12   7.29254455e+06 -6.28853674e+07  3.78e+01 7.39e-13  1.99e+01    50s
  13   4.08091069e+06 -2.59657365e+07  2.01e+01 3.41e-13  8.49e+00    52s
  14   2.56156733e+06 -1.45550911e+07  1.35e+01 2.13e-13  4.84e+00    53s
  15   1.60865325e+06 -1.07322867e+07  9.16e+00 1.42e-13  3.49e+00    55s
  16   1.32710026e+06 -7.89534778e+06  7.78e+00 1.14e-13  2.60e+00    56s
  17   9.18433501e+05 -5.59643837e+06  5.28e+00 8.88e-14  1.84e+00    59s
  18   7.25090781e+05 -2.97869928e+06  3.58e+00 4.62e-14  1.05e+00    61s
  19   6.61880010e+05 -2.34760611e+06  2.88e+00 3.73e-14  8.50e-01    64s
  20   6.16316734e+05 -1.77361657e+06  2.34e+00 3.38e-14  6.75e-01    67s
  21   5.78132633e+05 -1.02158169e+06  1.69e+00 2.31e-14  4.51e-01    68s
  22   5.03496487e+05 -2.93547516e+04  1.67e-01 1.33e-14  1.50e-01    71s
  23   4.93080928e+05  6.31247508e+04  3.25e-02 1.18e-14  1.21e-01    74s
  24   4.86153475e+05  1.48533487e+05  1.23e-02 9.10e-15  9.53e-02    76s
  25   4.82909090e+05  2.21212786e+05  1.03e-02 7.11e-15  7.38e-02    78s
  26   4.80542698e+05  2.55672820e+05  9.18e-03 6.11e-15  6.34e-02    79s
  27   4.69948245e+05  2.85835814e+05  6.78e-03 5.33e-15  5.19e-02    81s
  28   4.60659196e+05  3.15316487e+05  4.19e-03 4.00e-15  4.10e-02    83s
  29   4.55571375e+05  3.56370757e+05  3.22e-03 2.44e-15  2.80e-02    86s
  30   4.54321738e+05  3.82280751e+05  2.98e-03 1.83e-15  2.03e-02    89s
  31   4.55632651e+05  3.94613331e+05  2.72e-03 1.44e-15  1.72e-02    92s
  32   4.55027981e+05  4.29392528e+05  2.82e-04 7.24e-16  7.23e-03    96s
  33   4.53555356e+05  4.35538766e+05  1.02e-04 5.89e-16  5.08e-03    98s
  34   4.53193653e+05  4.36429776e+05  6.53e-05 5.89e-16  4.73e-03   101s
  35   4.52897275e+05  4.37652479e+05  4.95e-05 4.77e-16  4.30e-03   103s
  36   4.52447501e+05  4.38209583e+05  4.04e-05 4.90e-16  4.02e-03   105s
  37   4.52374541e+05  4.39166368e+05  3.96e-05 4.79e-16  3.73e-03   106s
  38   4.52047464e+05  4.39924495e+05  3.68e-05 4.35e-16  3.42e-03   108s
  39   4.51389611e+05  4.40839853e+05  2.88e-05 4.00e-16  2.98e-03   109s
  40   4.50791090e+05  4.41827860e+05  2.29e-05 3.58e-16  2.53e-03   112s
  41   4.50554118e+05  4.42714653e+05  2.06e-05 2.80e-16  2.21e-03   114s
  42   4.50163804e+05  4.43777604e+05  1.76e-05 2.13e-16  1.80e-03   117s
  43   4.49652535e+05  4.45431996e+05  1.37e-05 1.63e-16  1.19e-03   120s
  44   4.49377066e+05  4.46186164e+05  1.16e-05 1.61e-16  9.00e-04   123s
  45   4.49311801e+05  4.46498080e+05  1.08e-05 1.55e-16  7.94e-04   126s
  46   4.49274566e+05  4.46733504e+05  1.01e-05 1.52e-16  7.17e-04   129s
  47   4.49176089e+05  4.46920760e+05  8.85e-06 1.49e-16  6.36e-04   133s
  48   4.49099846e+05  4.47112253e+05  7.77e-06 1.56e-16  5.61e-04   136s
  49   4.49060804e+05  4.47226637e+05  7.22e-06 1.58e-16  5.18e-04   139s
  50   4.48983945e+05  4.47352680e+05  6.19e-06 1.65e-16  4.60e-04   142s
  51   4.48872931e+05  4.47568228e+05  4.92e-06 1.63e-16  3.68e-04   145s
  52   4.48796778e+05  4.47787740e+05  4.17e-06 1.40e-16  2.85e-04   148s
  53   4.48732138e+05  4.47896097e+05  3.51e-06 1.46e-16  2.36e-04   152s
  54   4.48694579e+05  4.47944799e+05  3.08e-06 1.54e-16  2.12e-04   155s
  55   4.48673865e+05  4.47982590e+05  2.84e-06 1.51e-16  1.95e-04   158s
  56   4.48651277e+05  4.48024505e+05  2.57e-06 1.42e-16  1.77e-04   161s
  57   4.48628408e+05  4.48056753e+05  2.30e-06 1.55e-16  1.61e-04   164s
  58   4.48606496e+05  4.48109353e+05  2.10e-06 1.52e-16  1.40e-04   167s
  59   4.48565210e+05  4.48185435e+05  1.72e-06 1.60e-16  1.07e-04   170s
  60   4.48529443e+05  4.48227844e+05  1.39e-06 1.26e-16  8.51e-05   173s
  61   4.48498084e+05  4.48257273e+05  1.09e-06 1.32e-16  6.79e-05   178s
  62   4.48479486e+05  4.48282279e+05  9.29e-07 1.24e-16  5.56e-05   182s
  63   4.48464913e+05  4.48296371e+05  7.93e-07 1.30e-16  4.76e-05   187s
  64   4.48459262e+05  4.48310613e+05  7.41e-07 1.35e-16  4.19e-05   193s
  65   4.48446660e+05  4.48318691e+05  6.27e-07 1.36e-16  3.61e-05   198s
  66   4.48438052e+05  4.48324729e+05  5.46e-07 1.63e-16  3.20e-05   203s
  67   4.48432184e+05  4.48328497e+05  4.92e-07 1.61e-16  2.93e-05   208s
  68   4.48426195e+05  4.48335112e+05  4.31e-07 1.95e-16  2.57e-05   214s
  69   4.48421171e+05  4.48341490e+05  3.83e-07 2.06e-16  2.25e-05   219s
  70   4.48419768e+05  4.48344073e+05  3.68e-07 2.02e-16  2.14e-05   224s
  71   4.48417676e+05  4.48348798e+05  3.51e-07 1.99e-16  1.94e-05   229s
  72   4.48413828e+05  4.48352815e+05  3.11e-07 1.74e-16  1.72e-05   235s
  73   4.48411421e+05  4.48354322e+05  2.88e-07 1.55e-16  1.61e-05   240s
  74   4.48408479e+05  4.48357499e+05  2.58e-07 1.81e-16  1.44e-05   246s
  75   4.48406757e+05  4.48359691e+05  2.41e-07 1.97e-16  1.33e-05   250s
  76   4.48405480e+05  4.48361711e+05  2.29e-07 1.81e-16  1.23e-05   256s
  77   4.48404094e+05  4.48364181e+05  2.16e-07 1.52e-16  1.13e-05   262s
  78   4.48401865e+05  4.48365781e+05  1.95e-07 1.78e-16  1.02e-05   267s
  79   4.48400896e+05  4.48367731e+05  1.85e-07 1.55e-16  9.36e-06   272s
  80   4.48399305e+05  4.48369713e+05  1.69e-07 2.13e-16  8.35e-06   278s
  81   4.48396267e+05  4.48371568e+05  1.38e-07 1.64e-16  6.97e-06   284s
  82   4.48393572e+05  4.48374764e+05  1.11e-07 1.58e-16  5.31e-06   290s
  83   4.48390904e+05  4.48376738e+05  8.51e-08 1.43e-16  4.00e-06   296s
  84   4.48389791e+05  4.48378310e+05  7.55e-08 1.31e-16  3.24e-06   302s
  85   4.48388385e+05  4.48379163e+05  5.95e-08 1.39e-16  2.60e-06   309s
  86   4.48387077e+05  4.48379906e+05  4.99e-08 1.32e-16  2.02e-06   316s
  87   4.48386581e+05  4.48380872e+05  4.36e-08 1.42e-16  1.61e-06   322s
  88   4.48385341e+05  4.48381297e+05  2.86e-08 4.53e-15  1.14e-06   328s
  89   4.48384103e+05  4.48381988e+05  1.61e-08 5.73e-15  5.97e-07   337s
  90   4.48383399e+05  4.48382289e+05  6.50e-09 3.37e-15  3.13e-07   347s
  91   4.48383180e+05  4.48382472e+05  1.14e-07 5.42e-12  2.00e-07   353s
  92   4.48383065e+05  4.48382543e+05  1.73e-07 6.45e-12  1.47e-07   359s
  93   4.48383023e+05  4.48382572e+05  1.63e-07 6.58e-12  1.27e-07   362s
  94   4.48382976e+05  4.48382596e+05  4.58e-08 6.51e-12  1.07e-07   366s
  95   4.48382961e+05  4.48382612e+05  3.74e-08 6.36e-12  9.84e-08   368s
  96   4.48382936e+05  4.48382644e+05  3.38e-08 5.15e-12  8.22e-08   371s
  97   4.48382913e+05  4.48382652e+05  2.70e-08 4.99e-12  7.38e-08   374s
  98   4.48382897e+05  4.48382664e+05  2.26e-08 4.63e-12  6.58e-08   376s
  99   4.48382883e+05  4.48382692e+05  2.45e-08 3.60e-12  5.36e-08   378s
 100   4.48382859e+05  4.48382702e+05  2.46e-08 3.05e-12  4.43e-08   381s
 101   4.48382842e+05  4.48382713e+05  2.14e-08 2.40e-12  3.64e-08   384s
 102   4.48382832e+05  4.48382717e+05  1.78e-08 2.15e-12  3.23e-08   387s
 103   4.48382821e+05  4.48382723e+05  1.96e-08 1.81e-12  2.76e-08   390s
 104   4.48382816e+05  4.48382726e+05  1.75e-08 1.67e-12  2.54e-08   393s
 105   4.48382809e+05  4.48382730e+05  1.50e-08 1.48e-12  2.24e-08   397s
 106   4.48382803e+05  4.48382732e+05  1.38e-08 1.34e-12  1.99e-08   399s
 107   4.48382795e+05  4.48382737e+05  2.82e-09 1.09e-12  1.63e-08   402s
 108   4.48382788e+05  4.48382741e+05  8.04e-10 8.83e-13  1.33e-08   405s
 109   4.48382782e+05  4.48382744e+05  5.15e-08 7.16e-13  1.09e-08   407s
 110   4.48382776e+05  4.48382747e+05  1.32e-07 6.65e-13  8.18e-09   410s
 111   4.48382774e+05  4.48382749e+05  1.43e-07 7.05e-13  6.94e-09   411s
 112   4.48382772e+05  4.48382750e+05  4.30e-07 6.16e-13  6.30e-09   414s
 113   4.48382768e+05  4.48382751e+05  8.68e-07 5.30e-13  4.85e-09   417s
 114   4.48382764e+05  4.48382751e+05  9.76e-07 5.24e-13  3.56e-09   418s
 115   4.48382761e+05  4.48382754e+05  6.00e-07 4.22e-13  2.13e-09   420s
 116   4.48382760e+05  4.48382754e+05  4.70e-07 3.05e-13  1.63e-09   423s
 117   4.48382759e+05  4.48382755e+05  2.96e-07 1.78e-13  9.87e-10   426s
 118   4.48382757e+05  4.48382756e+05  1.55e-07 1.16e-13  4.81e-10   428s
 119   4.48382757e+05  4.48382756e+05  1.29e-07 2.19e-13  3.91e-10   430s
 120   4.48382757e+05  4.48382756e+05  9.03e-08 1.70e-13  3.26e-10   431s
 121   4.48382756e+05  4.48382756e+05  2.98e-08 1.43e-13  1.41e-10   433s
 122   4.48382756e+05  4.48382756e+05  2.00e-08 5.34e-14  4.26e-11   435s
 123   4.48382756e+05  4.48382756e+05  4.00e-07 2.97e-14  7.57e-12   437s

Barrier solved model in 123 iterations and 436.84 seconds (273.65 work units)
Optimal objective 4.48382756e+05


Gurobi 13.0.2 (linux64) logging started Thu Jul 23 13:14:41 2026

Set parameter LogFile to value "outputs/batch_2207_res_step3/2058_FR_interconnected/logfile_2058_FR_interconnected.txt"
Gurobi Optimizer version 13.0.2 build v13.0.2rc1 (linux64 - "CentOS Stream 9")

CPU model: Intel(R) Xeon(R) Gold 6130 CPU @ 2.10GHz, instruction set [SSE2|AVX|AVX2|AVX512]
Thread count: 16 physical cores, 32 logical processors, using up to 32 threads

Non-default parameters:
Method  2
Crossover  0
NumericFocus  3
Presolve  2

Optimize a model with 9050884 rows, 6658150 columns and 26752156 nonzeros (Min)
Model fingerprint: 0x31318a56
Model has 1393190 linear objective coefficients
Coefficient statistics:
  Matrix range     [1e-04, 1e+02]
  Objective range  [6e-04, 3e+03]
  Bounds range     [0e+00, 0e+00]
  RHS range        [2e-02, 1e+05]

Presolve removed 7685110 rows and 4023667 columns (presolve time = 5s)...
Presolve removed 7947285 rows and 4478698 columns (presolve time = 10s)...
Presolve removed 7956045 rows and 4478698 columns (presolve time = 15s)...
Presolve removed 8043673 rows and 4487968 columns (presolve time = 20s)...
Presolve removed 8052433 rows and 4487968 columns
Presolve time: 23.02s
Presolved: 998451 rows, 2178942 columns, 5550150 nonzeros
Ordering time: 0.71s

Barrier statistics:
 AA' NZ     : 1.812e+06
 Factor NZ  : 1.477e+07 (roughly 1.0 GB of memory)
 Factor Ops : 1.484e+09 (less than 1 second per iteration)
 Threads    : 16

                  Objective                Residual
Iter       Primal          Dual         Primal    Dual     Compl     Time
   0   2.57498990e+10 -3.79367610e+11  1.15e+08 5.09e-14  6.73e+06    33s
   1   3.00631969e+10 -1.45606919e+11  2.50e+07 4.50e+01  1.47e+06    34s
   2   2.41770957e+10 -4.36508177e+10  3.83e+06 1.25e-12  2.31e+05    36s
   3   8.34608498e+09 -2.41103094e+10  6.56e+05 1.78e+00  4.45e+04    38s
   4   3.23949243e+09 -1.39503846e+10  2.07e+05 1.14e-12  1.51e+04    40s
   5   1.59693027e+09 -6.42833262e+09  9.60e+04 1.14e-12  6.23e+03    41s
   6   5.48774154e+08 -3.38992866e+09  3.18e+04 1.16e-12  2.19e+03    42s
   7   2.13095537e+08 -2.78351729e+09  1.17e+04 9.35e-13  1.22e+03    43s
   8   8.29751949e+07 -1.75569458e+09  3.88e+03 1.02e-12  6.24e+02    44s
   9   5.87448972e+07 -1.36136568e+09  2.66e+03 9.09e-13  4.64e+02    46s
  10   2.38159799e+07 -9.74663443e+08  6.37e+02 1.02e-12  2.99e+02    47s
  11   1.34732457e+07 -1.78779251e+08  1.78e+02 1.02e-12  5.64e+01    49s
  12   7.97776028e+06 -6.13417859e+07  7.18e+01 7.39e-13  2.02e+01    50s
  13   4.46614494e+06 -2.67426413e+07  3.61e+01 4.83e-13  9.06e+00    51s
  14   2.96830163e+06 -1.52562275e+07  2.55e+01 2.49e-13  5.29e+00    53s
  15   1.78812600e+06 -1.06616398e+07  1.69e+01 1.42e-13  3.61e+00    54s
  16   1.27521348e+06 -7.11843091e+06  1.21e+01 1.07e-13  2.43e+00    57s
  17   1.05678833e+06 -4.49144216e+06  9.81e+00 7.11e-14  1.61e+00    59s
  18   8.69394087e+05 -2.96551231e+06  7.69e+00 5.33e-14  1.11e+00    60s
  19   7.73208458e+05 -2.52536523e+06  6.37e+00 4.80e-14  9.55e-01    61s
  20   7.27323246e+05 -2.42048058e+06  5.66e+00 4.97e-14  9.12e-01    63s
  21   7.08939902e+05 -2.21773079e+06  5.36e+00 4.62e-14  8.48e-01    65s
  22   6.69465729e+05 -1.54364805e+06  4.56e+00 3.20e-14  6.41e-01    67s
  23   6.13060377e+05 -4.04117057e+05  3.31e+00 1.78e-14  2.94e-01    70s
  24   5.05770413e+05  7.92676082e+04  3.28e-01 8.44e-15  1.23e-01    72s
  25   4.93251978e+05  1.25726628e+05  7.91e-02 7.55e-15  1.06e-01    75s
  26   4.89503484e+05  1.85083360e+05  5.08e-02 6.66e-15  8.81e-02    77s
  27   4.83929480e+05  2.23636409e+05  3.04e-02 5.71e-15  7.53e-02    79s
  28   4.81527119e+05  2.46200148e+05  2.72e-02 5.33e-15  6.81e-02    80s
  29   4.80288826e+05  2.79479786e+05  2.55e-02 4.53e-15  5.81e-02    82s
  30   4.76609841e+05  2.95374976e+05  2.17e-02 4.40e-15  5.24e-02    83s
  31   4.71890433e+05  3.09797505e+05  1.78e-02 3.55e-15  4.69e-02    85s
  32   4.66451002e+05  3.23387746e+05  1.40e-02 2.78e-15  4.14e-02    87s
  33   4.60306854e+05  3.40451602e+05  1.02e-02 2.43e-15  3.47e-02    90s
  34   4.56713353e+05  3.62081249e+05  8.50e-03 1.92e-15  2.74e-02    93s
  35   4.54919293e+05  3.80183408e+05  7.70e-03 1.70e-15  2.16e-02    95s
  36   4.53375851e+05  4.11976090e+05  3.03e-03 1.01e-15  1.20e-02    97s
  37   4.52812926e+05  4.24982506e+05  9.17e-04 7.32e-16  8.05e-03    98s
  38   4.52447547e+05  4.32286071e+05  3.62e-04 5.22e-16  5.83e-03   100s
  39   4.52186697e+05  4.33799604e+05  2.33e-04 4.66e-16  5.32e-03   101s
  40   4.51935509e+05  4.34426335e+05  1.89e-04 4.39e-16  5.07e-03   103s
  41   4.50835165e+05  4.36539659e+05  1.32e-04 3.86e-16  4.14e-03   104s
  42   4.50472253e+05  4.39276601e+05  1.13e-04 3.19e-16  3.24e-03   105s
  43   4.50215180e+05  4.40496502e+05  1.01e-04 2.80e-16  2.81e-03   107s
  44   4.49804876e+05  4.42188995e+05  8.70e-05 2.26e-16  2.20e-03   110s
  45   4.49112893e+05  4.43836403e+05  6.33e-05 1.91e-16  1.53e-03   114s
  46   4.48857795e+05  4.45082015e+05  5.49e-05 1.81e-16  1.09e-03   117s
  47   4.48649284e+05  4.45578648e+05  4.73e-05 1.30e-16  8.89e-04   121s
  48   4.48528898e+05  4.45940366e+05  4.29e-05 1.42e-16  7.49e-04   125s
  49   4.48391341e+05  4.46097897e+05  3.59e-05 1.45e-16  6.64e-04   129s
  50   4.48343410e+05  4.46326332e+05  3.31e-05 1.19e-16  5.84e-04   132s
  51   4.48253791e+05  4.46473790e+05  2.83e-05 1.71e-16  5.15e-04   135s
  52   4.48207812e+05  4.46579967e+05  2.58e-05 1.66e-16  4.71e-04   138s
  53   4.48089965e+05  4.46809268e+05  2.01e-05 1.86e-16  3.71e-04   141s
  54   4.47991165e+05  4.46978200e+05  1.58e-05 1.42e-16  2.93e-04   145s
  55   4.47921430e+05  4.47089574e+05  1.29e-05 1.27e-16  2.41e-04   149s
  56   4.47881233e+05  4.47147860e+05  1.11e-05 1.45e-16  2.12e-04   152s
  57   4.47869757e+05  4.47182664e+05  1.06e-05 1.49e-16  1.99e-04   155s
  58   4.47851302e+05  4.47227896e+05  9.77e-06 1.86e-16  1.80e-04   158s
  59   4.47824069e+05  4.47269302e+05  8.47e-06 1.62e-16  1.61e-04   162s
  60   4.47795106e+05  4.47323026e+05  7.16e-06 1.39e-16  1.37e-04   166s
  61   4.47764969e+05  4.47366770e+05  6.09e-06 1.57e-16  1.15e-04   169s
  62   4.47732740e+05  4.47428346e+05  4.88e-06 1.47e-16  8.81e-05   173s
  63   4.47700850e+05  4.47475503e+05  3.75e-06 1.39e-16  6.52e-05   176s
  64   4.47670724e+05  4.47503881e+05  2.65e-06 1.11e-16  4.83e-05   181s
  65   4.47658006e+05  4.47532668e+05  2.20e-06 1.24e-16  3.63e-05   186s
  66   4.47644615e+05  4.47542425e+05  1.73e-06 1.13e-16  2.96e-05   192s
  67   4.47641462e+05  4.47548109e+05  1.61e-06 1.24e-16  2.70e-05   198s
  68   4.47636765e+05  4.47551866e+05  1.44e-06 1.42e-16  2.46e-05   204s
  69   4.47632382e+05  4.47555927e+05  1.28e-06 1.54e-16  2.21e-05   211s
  70   4.47627864e+05  4.47561006e+05  1.12e-06 1.42e-16  1.93e-05   217s
  71   4.47624816e+05  4.47565245e+05  1.00e-06 1.46e-16  1.72e-05   224s
  72   4.47623523e+05  4.47568156e+05  9.53e-07 1.51e-16  1.60e-05   230s
  73   4.47620760e+05  4.47570614e+05  8.52e-07 1.50e-16  1.45e-05   236s
  74   4.47619380e+05  4.47573262e+05  7.99e-07 1.55e-16  1.33e-05   243s
  75   4.47618850e+05  4.47576034e+05  7.81e-07 1.56e-16  1.24e-05   250s
  76   4.47614504e+05  4.47580023e+05  6.20e-07 1.42e-16  9.98e-06   256s
  77   4.47611052e+05  4.47583706e+05  4.93e-07 1.71e-16  7.91e-06   262s
  78   4.47608384e+05  4.47586515e+05  3.93e-07 1.46e-16  6.33e-06   268s
  79   4.47606373e+05  4.47588732e+05  3.17e-07 1.56e-16  5.10e-06   274s
  80   4.47604286e+05  4.47590862e+05  2.42e-07 1.37e-16  3.88e-06   280s
  81   4.47603353e+05  4.47591781e+05  2.04e-07 1.20e-16  3.35e-06   286s
  82   4.47603141e+05  4.47592967e+05  1.98e-07 1.27e-16  2.94e-06   292s
  83   4.47602283e+05  4.47593442e+05  1.63e-07 1.25e-16  2.56e-06   299s
  84   4.47601869e+05  4.47593840e+05  1.49e-07 1.37e-16  2.32e-06   306s
  85   4.47601307e+05  4.47594158e+05  1.26e-07 1.45e-16  2.07e-06   313s
  86   4.47600973e+05  4.47594548e+05  1.14e-07 1.46e-16  1.86e-06   320s
  87   4.47600825e+05  4.47595056e+05  1.08e-07 1.57e-16  1.67e-06   328s
  88   4.47600187e+05  4.47595552e+05  8.38e-08 1.03e-13  1.34e-06   335s
  89   4.47599953e+05  4.47595996e+05  7.50e-08 8.44e-14  1.14e-06   342s
  90   4.47599626e+05  4.47596292e+05  6.25e-08 1.89e-13  9.65e-07   349s
  91   4.47599363e+05  4.47596581e+05  5.30e-08 1.56e-13  8.05e-07   358s
  92   4.47599044e+05  4.47596837e+05  4.01e-08 1.28e-13  6.38e-07   367s
  93   4.47598976e+05  4.47596954e+05  3.75e-08 1.15e-13  5.85e-07   374s
  94   4.47598684e+05  4.47597147e+05  2.51e-08 9.27e-14  4.45e-07   385s
  95   4.47598411e+05  4.47597509e+05  1.60e-08 5.31e-14  2.61e-07   396s
  96   4.47598306e+05  4.47597643e+05  1.09e-08 3.81e-14  1.92e-07   412s
  97   4.47598214e+05  4.47597726e+05  2.29e-08 7.17e-13  1.41e-07   420s
  98   4.47598176e+05  4.47597797e+05  1.97e-08 5.24e-13  1.10e-07   430s
  99   4.47598136e+05  4.47597830e+05  4.10e-07 1.54e-12  8.86e-08   435s
 100   4.47598114e+05  4.47597873e+05  3.67e-07 1.56e-12  6.98e-08   439s
 101   4.47598091e+05  4.47597887e+05  2.73e-07 1.50e-12  5.90e-08   445s
 102   4.47598072e+05  4.47597910e+05  2.16e-07 1.17e-12  4.67e-08   450s
 103   4.47598052e+05  4.47597930e+05  1.59e-07 9.45e-13  3.55e-08   454s
 104   4.47598041e+05  4.47597942e+05  1.79e-07 8.96e-13  2.87e-08   458s
 105   4.47598031e+05  4.47597956e+05  6.79e-08 7.77e-13  2.18e-08   461s
 106   4.47598027e+05  4.47597961e+05  1.61e-08 1.74e-12  1.90e-08   463s
 107   4.47598022e+05  4.47597967e+05  6.66e-09 2.99e-12  1.57e-08   465s
 108   4.47598018e+05  4.47597975e+05  4.82e-08 3.96e-12  1.24e-08   467s
 109   4.47598013e+05  4.47597983e+05  1.47e-08 4.07e-12  8.92e-09   470s
 110   4.47598012e+05  4.47597987e+05  9.24e-08 2.91e-12  7.02e-09   473s
 111   4.47598009e+05  4.47597988e+05  1.33e-08 2.70e-12  6.05e-09   477s
 112   4.47598007e+05  4.47597989e+05  4.34e-09 2.43e-12  5.25e-09   480s
 113   4.47598006e+05  4.47597991e+05  5.02e-08 2.12e-12  4.54e-09   483s
 114   4.47598006e+05  4.47597992e+05  1.96e-07 1.78e-12  4.10e-09   486s
 115   4.47598005e+05  4.47597995e+05  2.24e-07 1.19e-12  2.90e-09   488s
 116   4.47598004e+05  4.47597995e+05  6.51e-07 1.16e-12  2.51e-09   490s
 117   4.47598003e+05  4.47597996e+05  7.55e-07 1.16e-12  2.12e-09   492s
 118   4.47598002e+05  4.47597997e+05  9.78e-07 1.15e-12  1.70e-09   493s
 119   4.47598002e+05  4.47597997e+05  1.06e-06 1.07e-12  1.35e-09   495s
 120   4.47598001e+05  4.47597997e+05  8.36e-07 1.01e-12  1.14e-09   497s
 121   4.47598001e+05  4.47597998e+05  6.07e-07 4.62e-13  7.33e-10   501s
 122   4.47598000e+05  4.47597999e+05  4.57e-07 3.32e-13  5.33e-10   503s
 123   4.47598000e+05  4.47597999e+05  3.76e-07 2.53e-13  4.37e-10   505s
 124   4.47598000e+05  4.47597999e+05  3.43e-07 2.80e-13  3.80e-10   507s
 125   4.47598000e+05  4.47597999e+05  3.05e-07 2.91e-13  3.17e-10   509s
 126   4.47598000e+05  4.47597999e+05  7.27e-08 2.38e-13  2.11e-10   511s
 127   4.47597999e+05  4.47597999e+05  6.70e-08 2.21e-13  1.86e-10   513s
 128   4.47597999e+05  4.47597999e+05  5.85e-08 1.79e-13  1.52e-10   515s
 129   4.47597999e+05  4.47597999e+05  8.10e-06 2.87e-13  5.57e-11   517s
 130   4.47597999e+05  4.47597999e+05  2.35e-06 1.42e-13  1.71e-11   519s
 131   4.47597999e+05  4.47597999e+05  3.17e-06 5.62e-14  2.60e-12   521s

Barrier solved model in 131 iterations and 520.89 seconds (297.00 work units)
Optimal objective 4.47597999e+05

