
Gurobi 13.0.2 (linux64) logging started Sun Jul 19 13:15:54 2026

Set parameter LogFile to value "outputs/batch_1707_res_step2/2056_FR_interconnected/logfile_2056_FR_interconnected.txt"
Gurobi Optimizer version 13.0.2 build v13.0.2rc1 (linux64 - "CentOS Stream 9")

CPU model: Intel(R) Xeon(R) Gold 6130 CPU @ 2.10GHz, instruction set [SSE2|AVX|AVX2|AVX512]
Thread count: 16 physical cores, 32 logical processors, using up to 32 threads

Non-default parameters:
Method  2
Crossover  0
NumericFocus  3
Presolve  2

Optimize a model with 9050784 rows, 6658150 columns and 26752274 nonzeros (Min)
Model fingerprint: 0x5c711e02
Model has 1393190 linear objective coefficients
Coefficient statistics:
  Matrix range     [1e-04, 1e+02]
  Objective range  [6e-04, 3e+03]
  Bounds range     [0e+00, 0e+00]
  RHS range        [3e-02, 1e+05]

Presolve removed 5502629 rows and 3416686 columns (presolve time = 5s)...
Presolve removed 5765763 rows and 3732335 columns (presolve time = 10s)...
Presolve removed 5765763 rows and 3732335 columns (presolve time = 15s)...
Presolve removed 5765763 rows and 3732335 columns (presolve time = 20s)...
Presolve removed 5765763 rows and 3732335 columns (presolve time = 25s)...
Presolve removed 5765763 rows and 3732335 columns (presolve time = 30s)...
Presolve removed 5765763 rows and 3732335 columns (presolve time = 35s)...
Presolve removed 5765763 rows and 3732335 columns (presolve time = 40s)...
Presolve removed 6501603 rows and 3732335 columns (presolve time = 45s)...
Presolve removed 6589215 rows and 3741125 columns (presolve time = 50s)...
Presolve removed 6589215 rows and 3741125 columns (presolve time = 55s)...
Presolve removed 6589215 rows and 3741125 columns (presolve time = 60s)...
Presolve removed 6589215 rows and 3741125 columns (presolve time = 65s)...
Presolve removed 6589215 rows and 3741125 columns (presolve time = 70s)...
Presolve removed 6589215 rows and 3741125 columns (presolve time = 75s)...
Presolve removed 6597975 rows and 3741125 columns
Presolve time: 75.86s
Presolved: 2452809 rows, 2925785 columns, 10112464 nonzeros
Elapsed ordering time = 5s
Elapsed ordering time = 10s
Ordering time: 14.37s

Barrier statistics:
 Dense cols : 95
 AA' NZ     : 6.090e+06
 Factor NZ  : 3.664e+07 (roughly 2.0 GB of memory)
 Factor Ops : 2.837e+09 (less than 1 second per iteration)
 Threads    : 16

                  Objective                Residual
Iter       Primal          Dual         Primal    Dual     Compl     Time
   0   6.89557516e+08 -6.72664280e+11  5.72e+08 3.95e-14  3.05e+07   146s
   1   7.51433219e+08 -3.95854881e+11  5.26e+08 2.06e+02  1.80e+07   154s
   2   9.58464023e+08 -2.61985309e+11  4.07e+08 6.46e+01  1.14e+07   164s
   3   1.57693445e+09 -1.68393152e+11  7.65e+07 2.43e+01  2.51e+06   175s
   4   1.65937729e+09 -5.34891213e+10  1.40e+07 3.21e+00  4.55e+05   185s
   5   1.60694030e+09 -2.41440079e+10  2.45e+06 4.11e-01  7.84e+04   192s
   6   1.26140520e+09 -1.18843182e+10  3.38e+05 5.52e-02  1.24e+04   199s
   7   5.80528080e+08 -4.74526087e+09  5.04e+04 9.10e-03  2.42e+03   208s
   8   2.50866886e+08 -3.57475582e+09  8.82e+03 5.93e-03  1.13e+03   215s
   9   1.32624469e+08 -2.19539454e+09  1.10e+03 2.99e-03  5.92e+02   227s
  10   5.99701030e+07 -3.22993598e+08  1.09e+02 2.16e-04  9.26e+01   244s
  11   1.66388219e+07 -6.42771326e+07  2.68e+01 4.64e-11  1.92e+01   257s
  12   6.52112428e+06 -2.96773429e+07  8.88e+00 8.64e-12  8.56e+00   266s
  13   4.27633716e+06 -1.46578978e+07  5.31e+00 2.73e-12  4.47e+00   275s
  14   2.55672682e+06 -7.37311279e+06  2.73e+00 2.73e-12  2.34e+00   283s
  15   1.88325506e+06 -4.12101971e+06  1.78e+00 2.13e-12  1.42e+00   288s
  16   1.50904167e+06 -2.82673060e+06  1.27e+00 3.18e-12  1.02e+00   301s
  17   1.33000367e+06 -2.28951672e+06  1.04e+00 1.53e-12  8.54e-01   310s
  18   1.19208592e+06 -1.24295848e+06  8.72e-01 1.59e-12  5.75e-01   323s
  19   9.79868406e+05 -7.70393066e+05  6.22e-01 9.24e-13  4.13e-01   332s
  20   8.25124156e+05 -5.45741386e+05  4.39e-01 9.59e-13  3.23e-01   346s
  21   7.53198625e+05 -2.08088083e+05  3.52e-01 1.36e-12  2.27e-01   364s
  22   6.72485537e+05 -7.68801886e+04  2.57e-01 6.82e-13  1.77e-01   378s
  23   6.19769087e+05  5.46910210e+04  1.95e-01 3.34e-13  1.33e-01   400s
  24   5.98526009e+05  9.59036857e+04  1.71e-01 2.27e-13  1.19e-01   414s
  25   5.81767203e+05  1.21417327e+05  1.52e-01 1.14e-12  1.09e-01   436s
  26   5.62927369e+05  1.58902391e+05  1.32e-01 2.13e-13  9.53e-02   457s
  27   5.33767385e+05  1.97222037e+05  1.00e-01 1.67e-13  7.94e-02   478s
  28   5.04004749e+05  2.53585148e+05  7.41e-02 6.82e-13  5.91e-02   496s
  29   4.84906619e+05  2.87317856e+05  5.81e-02 9.95e-14  4.66e-02   512s
  30   4.65576965e+05  3.10880275e+05  4.25e-02 2.27e-12  3.65e-02   529s
  31   4.53840325e+05  3.36146063e+05  3.34e-02 4.26e-14  2.78e-02   546s
  32   4.46755914e+05  3.50552278e+05  2.81e-02 1.33e-14  2.27e-02   562s
  33   4.45000523e+05  3.57201759e+05  2.68e-02 6.82e-13  2.07e-02   581s
  34   4.44129596e+05  3.62685262e+05  2.57e-02 1.36e-12  1.92e-02   600s
  35   4.37834647e+05  3.69780848e+05  2.05e-02 5.06e-14  1.61e-02   618s
  36   4.36377767e+05  3.76514839e+05  1.93e-02 1.14e-12  1.41e-02   637s
  37   4.32648637e+05  3.81058254e+05  1.63e-02 2.75e-14  1.22e-02   654s
  38   4.30662386e+05  3.84416084e+05  1.47e-02 5.33e-15  1.09e-02   669s
  39   4.27828372e+05  3.86720360e+05  1.23e-02 1.59e-12  9.70e-03   688s
  40   4.26625334e+05  3.88643547e+05  1.13e-02 1.14e-12  8.96e-03   707s
  41   4.25654002e+05  3.92456051e+05  1.05e-02 3.20e-14  7.83e-03   726s
  42   4.24198236e+05  3.94380835e+05  9.24e-03 1.36e-12  7.03e-03   744s
  43   4.23780339e+05  3.95053137e+05  8.90e-03 4.17e-14  6.78e-03   763s
  44   4.22536931e+05  3.96917302e+05  7.88e-03 1.69e-14  6.04e-03   780s
  45   4.21282124e+05  3.98213765e+05  6.92e-03 9.33e-15  5.44e-03   796s
  46   4.19962504e+05  3.99041329e+05  5.91e-03 9.09e-13  4.93e-03   813s
  47   4.19287212e+05  4.00298193e+05  5.41e-03 7.86e-15  4.48e-03   832s
  48   4.17972492e+05  4.01578868e+05  4.43e-03 1.13e-14  3.87e-03   850s
  49   4.17010466e+05  4.03440096e+05  3.75e-03 7.11e-15  3.20e-03   867s
  50   4.16499390e+05  4.03767610e+05  3.40e-03 2.27e-13  3.00e-03   885s
  51   4.16159453e+05  4.04250618e+05  3.17e-03 1.14e-12  2.81e-03   904s
  52   4.15742113e+05  4.04988220e+05  2.88e-03 9.09e-13  2.54e-03   921s
  53   4.15047936e+05  4.05828064e+05  2.41e-03 8.63e-15  2.17e-03   938s
  54   4.14686843e+05  4.06192932e+05  2.17e-03 9.53e-15  2.00e-03   952s
  55   4.14256680e+05  4.06523262e+05  1.88e-03 1.08e-14  1.82e-03   968s
  56   4.14026718e+05  4.07093312e+05  1.73e-03 9.09e-13  1.64e-03   983s
  57   4.13849339e+05  4.07398560e+05  1.62e-03 7.78e-15  1.52e-03   996s
  58   4.13609328e+05  4.07600903e+05  1.46e-03 8.76e-15  1.42e-03  1013s
  59   4.13465006e+05  4.07919364e+05  1.36e-03 2.27e-13  1.31e-03  1030s
  60   4.13265225e+05  4.08102624e+05  1.24e-03 7.11e-15  1.22e-03  1047s
  61   4.13124620e+05  4.08365614e+05  1.14e-03 8.36e-15  1.12e-03  1065s
  62   4.12988499e+05  4.08737840e+05  1.06e-03 2.05e-12  1.00e-03  1083s
  63   4.12927691e+05  4.08804131e+05  1.02e-03 6.62e-15  9.73e-04  1094s
  64   4.12789352e+05  4.09083547e+05  9.27e-04 6.14e-15  8.74e-04  1114s
  65   4.12706577e+05  4.09301490e+05  8.73e-04 7.14e-15  8.03e-04  1135s
  66   4.12578204e+05  4.09415755e+05  7.92e-04 7.46e-15  7.46e-04  1150s
  67   4.12473363e+05  4.09529964e+05  7.25e-04 1.14e-12  6.94e-04  1169s
  68   4.12451758e+05  4.09627674e+05  7.10e-04 9.09e-13  6.66e-04  1188s
  69   4.12378545e+05  4.09736150e+05  6.64e-04 1.59e-12  6.23e-04  1202s
  70   4.12306084e+05  4.09844572e+05  6.18e-04 4.55e-13  5.81e-04  1221s
  71   4.12210699e+05  4.09991756e+05  5.57e-04 5.85e-15  5.23e-04  1239s
  72   4.12157842e+05  4.10116506e+05  5.23e-04 1.14e-12  4.82e-04  1254s
  73   4.12050179e+05  4.10274636e+05  4.56e-04 8.76e-15  4.19e-04  1270s
  74   4.11962643e+05  4.10347191e+05  4.03e-04 5.80e-15  3.81e-04  1286s
  75   4.11918312e+05  4.10404244e+05  3.76e-04 1.07e-14  3.57e-04  1306s
  76   4.11902152e+05  4.10418143e+05  3.66e-04 7.11e-15  3.50e-04  1322s
  77   4.11880174e+05  4.10461156e+05  3.53e-04 4.55e-13  3.35e-04  1341s
  78   4.11816376e+05  4.10522958e+05  3.14e-04 8.60e-15  3.05e-04  1361s
  79   4.11793240e+05  4.10582987e+05  3.00e-04 7.11e-15  2.85e-04  1372s
  80   4.11763524e+05  4.10661631e+05  2.82e-04 7.37e-15  2.60e-04  1391s
  81   4.11707104e+05  4.10715765e+05  2.49e-04 7.72e-15  2.34e-04  1415s
  82   4.11664379e+05  4.10790695e+05  2.23e-04 2.73e-12  2.06e-04  1444s
  83   4.11645212e+05  4.10838111e+05  2.12e-04 3.18e-12  1.90e-04  1472s
  84   4.11629948e+05  4.10853091e+05  2.04e-04 1.12e-14  1.83e-04  1499s
  85   4.11606772e+05  4.10873920e+05  1.91e-04 1.14e-12  1.73e-04  1526s
  86   4.11582291e+05  4.10924224e+05  1.77e-04 9.09e-13  1.55e-04  1548s
  87   4.11564343e+05  4.10944065e+05  1.67e-04 2.96e-12  1.46e-04  1575s
  88   4.11520457e+05  4.10973321e+05  1.42e-04 7.11e-15  1.29e-04  1604s
  89   4.11488584e+05  4.11010373e+05  1.24e-04 9.09e-13  1.13e-04  1633s
  90   4.11463003e+05  4.11042525e+05  1.10e-04 7.39e-15  9.92e-05  1662s
  91   4.11445836e+05  4.11066300e+05  1.01e-04 1.02e-14  8.95e-05  1693s
  92   4.11429745e+05  4.11086996e+05  9.22e-05 3.64e-12  8.08e-05  1723s
  93   4.11405035e+05  4.11106468e+05  7.88e-05 4.09e-12  7.04e-05  1753s
  94   4.11391588e+05  4.11110445e+05  7.16e-05 1.59e-12  6.63e-05  1788s
  95   4.11380828e+05  4.11119788e+05  6.59e-05 2.27e-13  6.16e-05  1823s
  96   4.11376855e+05  4.11125583e+05  6.38e-05 2.27e-12  5.93e-05  1844s
  97   4.11369047e+05  4.11139505e+05  5.96e-05 9.09e-13  5.41e-05  1875s
  98   4.11348713e+05  4.11153922e+05  4.88e-05 8.36e-15  4.59e-05  1906s
  99   4.11341256e+05  4.11169286e+05  4.50e-05 7.42e-15  4.06e-05  1935s
 100   4.11333186e+05  4.11174408e+05  4.09e-05 1.59e-12  3.75e-05  1964s
 101   4.11323180e+05  4.11191538e+05  3.57e-05 5.29e-15  3.11e-05  1997s
 102   4.11320066e+05  4.11203464e+05  3.41e-05 2.27e-13  2.75e-05  2035s
 103   4.11315749e+05  4.11206794e+05  3.19e-05 6.11e-15  2.57e-05  2060s
 104   4.11311408e+05  4.11212206e+05  2.97e-05 2.27e-13  2.34e-05  2094s
 105   4.11305550e+05  4.11213844e+05  2.67e-05 7.11e-15  2.16e-05  2128s
 106   4.11298174e+05  4.11218836e+05  2.30e-05 7.11e-15  1.87e-05  2160s
 107   4.11293248e+05  4.11220615e+05  2.05e-05 7.21e-15  1.71e-05  2192s
 108   4.11287136e+05  4.11224592e+05  1.75e-05 7.63e-15  1.48e-05  2227s
 109   4.11280921e+05  4.11228465e+05  1.44e-05 1.82e-12  1.24e-05  2263s
 110   4.11278015e+05  4.11231233e+05  1.30e-05 9.09e-13  1.10e-05  2304s
 111   4.11273937e+05  4.11235005e+05  1.10e-05 7.11e-15  9.18e-06  2346s
 112   4.11271473e+05  4.11236580e+05  9.78e-06 2.27e-13  8.23e-06  2386s
 113   4.11270210e+05  4.11236976e+05  9.14e-06 3.55e-15  7.84e-06  2424s
 114   4.11268350e+05  4.11241116e+05  8.25e-06 1.59e-12  6.42e-06  2465s
 115   4.11265012e+05  4.11242015e+05  6.64e-06 6.59e-15  5.42e-06  2509s
 116   4.11262846e+05  4.11243283e+05  5.61e-06 2.50e-12  4.61e-06  2554s
 117   4.11260374e+05  4.11244592e+05  4.42e-06 2.05e-12  3.72e-06  2598s
 118   4.11259292e+05  4.11245753e+05  3.93e-06 7.11e-15  3.19e-06  2645s
 119   4.11257725e+05  4.11246321e+05  3.21e-06 1.07e-14  2.69e-06  2691s
 120   4.11257083e+05  4.11246876e+05  2.88e-06 7.39e-13  2.41e-06  2737s
 121   4.11256575e+05  4.11247533e+05  2.65e-06 1.59e-12  2.13e-06  2790s
 122   4.11256130e+05  4.11247763e+05  2.45e-06 1.07e-14  1.97e-06  2841s
 123   4.11255744e+05  4.11247829e+05  2.27e-06 1.14e-12  1.87e-06  2904s
 124   4.11255013e+05  4.11248112e+05  1.92e-06 2.05e-12  1.63e-06  2967s
 125   4.11254773e+05  4.11248265e+05  1.79e-06 8.81e-12  1.54e-06  3019s
 126   4.11254341e+05  4.11248605e+05  1.61e-06 7.62e-12  1.35e-06  3077s
 127   4.11253898e+05  4.11249097e+05  1.38e-06 6.14e-12  1.13e-06  3138s
 128   4.11253493e+05  4.11249427e+05  1.21e-06 4.26e-12  9.59e-07  3198s
 129   4.11253168e+05  4.11249662e+05  1.05e-06 3.52e-12  8.27e-07  3244s
 130   4.11252822e+05  4.11249837e+05  9.09e-07 2.90e-12  7.04e-07  3304s
 131   4.11252510e+05  4.11250077e+05  7.56e-07 2.05e-12  5.74e-07  3369s
 132   4.11252272e+05  4.11250212e+05  5.89e-07 9.06e-09  4.86e-07  3428s
 133   4.11252154e+05  4.11250270e+05  3.25e-07 7.32e-08  4.44e-07  3468s
 134   4.11251962e+05  4.11250397e+05  2.77e-07 9.43e-08  3.69e-07  3513s
 135   4.11251684e+05  4.11250479e+05  2.07e-07 8.43e-08  2.84e-07  3562s
 136   4.11251580e+05  4.11250556e+05  1.82e-07 5.23e-08  2.41e-07  3599s
 137   4.11251437e+05  4.11250603e+05  1.47e-07 3.02e-08  1.97e-07  3659s
 138   4.11251343e+05  4.11250647e+05  1.24e-07 2.43e-08  1.64e-07  3744s
 139   4.11251288e+05  4.11250685e+05  1.10e-07 2.05e-08  1.42e-07  3791s
 140   4.11251195e+05  4.11250705e+05  8.74e-08 1.62e-08  1.16e-07  3817s
 141   4.11251138e+05  4.11250737e+05  1.03e-07 5.12e-09  9.45e-08  3851s
 142   4.11251096e+05  4.11250755e+05  1.06e-07 2.98e-08  8.05e-08  3876s
 143   4.11251055e+05  4.11250769e+05  8.14e-08 2.38e-08  6.75e-08  3919s
 144   4.11251033e+05  4.11250776e+05  8.16e-08 2.02e-08  6.05e-08  3972s
 145   4.11251018e+05  4.11250783e+05  1.17e-07 2.94e-08  5.54e-08  4015s
 146   4.11250988e+05  4.11250790e+05  1.41e-07 2.39e-08  4.68e-08  4054s
 147   4.11250955e+05  4.11250795e+05  8.04e-08 4.00e-08  3.77e-08  4091s
 148   4.11250931e+05  4.11250802e+05  2.14e-07 4.72e-08  3.04e-08  4131s
 149   4.11250915e+05  4.11250807e+05  3.66e-07 3.82e-08  2.55e-08  4169s
 150   4.11250901e+05  4.11250808e+05  3.04e-07 3.58e-08  2.18e-08  4197s
 151   4.11250890e+05  4.11250812e+05  4.90e-07 3.06e-08  1.84e-08  4232s
 152   4.11250883e+05  4.11250815e+05  4.31e-07 2.58e-08  1.61e-08  4260s
 153   4.11250872e+05  4.11250816e+05  3.41e-07 2.18e-08  1.32e-08  4302s
 154   4.11250863e+05  4.11250819e+05  2.47e-07 2.27e-08  1.04e-08  4337s
 155   4.11250852e+05  4.11250821e+05  4.78e-07 1.74e-08  7.23e-09  4378s
 156   4.11250850e+05  4.11250821e+05  4.55e-07 1.61e-08  6.85e-09  4397s
 157   4.11250849e+05  4.11250822e+05  9.23e-07 1.49e-08  6.48e-09  4426s
 158   4.11250848e+05  4.11250822e+05  8.75e-07 1.40e-08  6.13e-09  4440s
 159   4.11250845e+05  4.11250823e+05  7.36e-07 1.20e-08  5.15e-09  4461s
 160   4.11250842e+05  4.11250824e+05  1.71e-06 9.16e-09  4.30e-09  4473s
 161   4.11250842e+05  4.11250824e+05  6.60e-06 9.09e-09  4.23e-09  4493s
 162   4.11250841e+05  4.11250825e+05  6.05e-06 7.85e-09  3.83e-09  4505s
 163   4.11250839e+05  4.11250825e+05  5.24e-06 6.84e-09  3.33e-09  4518s
 164   4.11250838e+05  4.11250825e+05  4.75e-06 6.41e-09  3.05e-09  4540s
 165   4.11250837e+05  4.11250826e+05  4.01e-06 5.23e-09  2.57e-09  4582s
 166   4.11250836e+05  4.11250826e+05  4.84e-04 5.06e-09  2.28e-09  4607s
 167   4.11250835e+05  4.11250826e+05  4.82e-04 5.03e-09  2.27e-09  4624s
 168   4.11250834e+05  4.11250826e+05  3.87e-04 4.56e-09  1.88e-09  4637s
 169   4.11250834e+05  4.11250826e+05  3.72e-04 3.74e-09  1.79e-09  4665s
 170   4.11250834e+05  4.11250826e+05  3.68e-04 3.69e-09  1.77e-09  4687s
 171   4.11250832e+05  4.11250827e+05  2.39e-04 2.61e-09  1.17e-09  4700s
 172   4.11250830e+05  4.11250827e+05  1.59e-04 1.64e-09  7.68e-10  4713s
 173   4.11250830e+05  4.11250827e+05  1.51e-04 1.48e-09  7.18e-10  4727s
 174   4.11250830e+05  4.11250827e+05  1.46e-04 1.45e-09  6.96e-10  4739s
 175   4.11250830e+05  4.11250827e+05  1.16e-04 1.24e-09  5.61e-10  4751s
 176   4.11250830e+05  4.11250827e+05  1.14e-04 1.19e-09  5.49e-10  4766s
 177   4.11250829e+05  4.11250828e+05  9.52e-05 7.33e-10  4.28e-10  4779s
 178   4.11250829e+05  4.11250828e+05  9.16e-05 5.63e-10  3.98e-10  4793s
 179   4.11250829e+05  4.11250828e+05  8.60e-05 5.40e-10  3.76e-10  4806s
 180   4.11250829e+05  4.11250828e+05  7.18e-05 4.56e-10  3.15e-10  4819s
 181   4.11250829e+05  4.11250828e+05  6.86e-05 3.62e-10  2.94e-10  4833s
 182   4.11250829e+05  4.11250828e+05  6.01e-05 3.68e-10  2.62e-10  4846s
 183   4.11250829e+05  4.11250828e+05  5.90e-05 3.57e-10  2.57e-10  4862s

Barrier solved model in 183 iterations and 4861.56 seconds (1284.93 work units)
Optimal objective 4.11250829e+05

