
Gurobi 13.0.2 (linux64) logging started Thu Jul 16 20:49:32 2026

Set parameter LogFile to value "outputs/batch_1007_res/2049_FR_interconnected/logfile_2049_FR_interconnected.txt"
Gurobi Optimizer version 13.0.2 build v13.0.2rc1 (linux64 - "CentOS Stream 9")

CPU model: Intel(R) Xeon(R) Gold 6130 CPU @ 2.10GHz, instruction set [SSE2|AVX|AVX2|AVX512]
Thread count: 16 physical cores, 32 logical processors, using up to 32 threads

Non-default parameters:
Method  2
Crossover  0
NumericFocus  3
Presolve  2

Optimize a model with 9050774 rows, 6658150 columns and 26752271 nonzeros (Min)
Model fingerprint: 0xef8f883e
Model has 1393190 linear objective coefficients
Coefficient statistics:
  Matrix range     [1e-04, 1e+02]
  Objective range  [6e-04, 3e+03]
  Bounds range     [0e+00, 0e+00]
  RHS range        [2e-02, 1e+05]

Presolve removed 5502619 rows and 3311566 columns (presolve time = 5s)...
Presolve removed 5765538 rows and 3627000 columns (presolve time = 11s)...
Presolve removed 5765538 rows and 3627000 columns (presolve time = 15s)...
Presolve removed 5765538 rows and 3627000 columns (presolve time = 20s)...
Presolve removed 5765538 rows and 3627000 columns (presolve time = 25s)...
Presolve removed 5765538 rows and 3627000 columns (presolve time = 30s)...
Presolve removed 5765538 rows and 3627000 columns (presolve time = 35s)...
Presolve removed 5765538 rows and 3627000 columns (presolve time = 40s)...
Presolve removed 6501378 rows and 3627000 columns (presolve time = 46s)...
Presolve removed 6588990 rows and 3635790 columns (presolve time = 50s)...
Presolve removed 6588990 rows and 3635790 columns (presolve time = 55s)...
Presolve removed 6588990 rows and 3635790 columns (presolve time = 60s)...
Presolve removed 6588990 rows and 3635790 columns (presolve time = 65s)...
Presolve removed 6588990 rows and 3635790 columns (presolve time = 70s)...
Presolve removed 6588990 rows and 3635790 columns (presolve time = 75s)...
Presolve removed 6588990 rows and 3635790 columns (presolve time = 80s)...
Presolve removed 6597750 rows and 3635790 columns
Presolve time: 81.18s
Presolved: 2453024 rows, 3031120 columns, 10218014 nonzeros
Ordering time: 3.58s

Barrier statistics:
 Dense cols : 95
 AA' NZ     : 6.091e+06
 Factor NZ  : 4.130e+07 (roughly 2.0 GB of memory)
 Factor Ops : 6.489e+09 (less than 1 second per iteration)
 Threads    : 16

                  Objective                Residual
Iter       Primal          Dual         Primal    Dual     Compl     Time
   0   5.21553265e+10 -6.72749205e+11  5.63e+08 3.95e-14  3.01e+07   176s
   1   5.35346204e+10 -3.94070845e+11  5.18e+08 2.06e+02  1.68e+07   180s
   2   7.89758916e+10 -2.69622518e+11  3.97e+08 8.99e+01  1.03e+07   186s
   3   2.00434362e+11 -1.70213276e+11  6.93e+07 2.80e+01  2.35e+06   193s
   4   1.55719090e+11 -5.26306960e+10  1.13e+07 3.41e+00  3.66e+05   199s
   5   6.49698200e+10 -2.69339783e+10  2.28e+06 8.80e-01  8.67e+04   203s
   6   2.04776603e+10 -1.81882413e+10  3.50e+05 4.46e-01  2.58e+04   207s
   7   9.77283251e+09 -1.06029425e+10  1.15e+05 1.98e-01  1.07e+04   211s
   8   3.62252213e+09 -4.40269659e+09  1.47e+04 5.97e-02  3.21e+03   215s
   9   8.14588517e+08 -1.15173518e+09  1.47e+03 1.27e-02  6.71e+02   221s
  10   3.11534018e+08 -1.62432039e+08  3.16e+02 8.40e-04  1.28e+02   226s
  11   9.46059405e+07 -5.68900271e+07  8.45e+01 1.01e-04  3.72e+01   231s
  12   3.13963226e+07 -4.37979064e+07  2.67e+01 8.40e-05  1.80e+01   241s
  13   2.07077228e+07 -2.38004130e+07  1.79e+01 4.92e-05  1.05e+01   249s
  14   1.32818843e+07 -1.35868966e+07  1.12e+01 2.17e-11  6.28e+00   254s
  15   1.07299142e+07 -1.09196118e+07  8.99e+00 1.85e-11  5.05e+00   259s
  16   8.72644554e+06 -8.17336180e+06  7.25e+00 1.10e-11  3.93e+00   265s
  17   4.35792358e+06 -4.35385148e+06  3.20e+00 7.84e-12  2.02e+00   270s
  18   2.50608780e+06 -2.15128157e+06  1.58e+00 3.74e-12  1.07e+00   277s
  19   1.79993309e+06 -1.46043454e+06  1.01e+00 2.76e-12  7.52e-01   282s
  20   1.42164750e+06 -8.70429634e+05  7.10e-01 1.78e-12  5.28e-01   289s
  21   1.03058749e+06 -4.42783116e+05  4.18e-01 9.88e-13  3.39e-01   298s
  22   9.17140956e+05 -1.99630003e+05  3.33e-01 9.09e-13  2.57e-01   305s
  23   8.17797473e+05 -6.37504193e+04  2.62e-01 7.39e-13  2.03e-01   311s
  24   7.60788487e+05 -2.16019280e+04  2.21e-01 5.58e-13  1.80e-01   316s
  25   7.27532086e+05 -7.98210601e+03  1.96e-01 5.61e-13  1.69e-01   321s
  26   6.92581223e+05  8.44439766e+04  1.71e-01 1.36e-12  1.40e-01   328s
  27   6.48531803e+05  1.21721460e+05  1.40e-01 1.82e-12  1.21e-01   338s
  28   6.20751343e+05  1.44471233e+05  1.21e-01 3.80e-13  1.10e-01   349s
  29   5.91659218e+05  1.85468755e+05  1.00e-01 3.41e-12  9.35e-02   362s
  30   5.74599506e+05  2.09600183e+05  8.90e-02 1.82e-12  8.40e-02   372s
  31   5.51855768e+05  2.34282304e+05  7.42e-02 2.52e-13  7.31e-02   382s
  32   5.29925351e+05  2.61758773e+05  6.14e-02 3.25e-13  6.17e-02   394s
  33   5.05807591e+05  2.86267119e+05  4.74e-02 9.09e-13  5.05e-02   404s
  34   4.89115651e+05  3.10886381e+05  3.78e-02 1.40e-13  4.10e-02   414s
  35   4.79244663e+05  3.30110195e+05  3.22e-02 2.05e-12  3.43e-02   425s
  36   4.72096829e+05  3.45268964e+05  2.83e-02 2.27e-13  2.92e-02   435s
  37   4.67059942e+05  3.51755206e+05  2.55e-02 1.15e-13  2.65e-02   442s
  38   4.62382917e+05  3.55721060e+05  2.30e-02 9.86e-14  2.46e-02   452s
  39   4.59179079e+05  3.63146340e+05  2.12e-02 4.55e-12  2.21e-02   462s
  40   4.56303805e+05  3.71444771e+05  1.95e-02 7.73e-14  1.95e-02   471s
  41   4.52005090e+05  3.74425071e+05  1.71e-02 1.59e-12  1.79e-02   481s
  42   4.48907015e+05  3.79408338e+05  1.54e-02 1.59e-12  1.60e-02   490s
  43   4.45145329e+05  3.84798107e+05  1.34e-02 5.33e-14  1.39e-02   499s
  44   4.40931365e+05  3.91197341e+05  1.11e-02 2.50e-12  1.14e-02   510s
  45   4.37816054e+05  3.96950700e+05  9.38e-03 4.53e-14  9.41e-03   520s
  46   4.36873414e+05  4.00409180e+05  8.88e-03 2.27e-13  8.39e-03   531s
  47   4.35056516e+05  4.02151326e+05  7.93e-03 2.27e-13  7.58e-03   540s
  48   4.33107035e+05  4.03769316e+05  6.89e-03 2.89e-14  6.75e-03   550s
  49   4.30899968e+05  4.05441633e+05  5.69e-03 1.42e-14  5.86e-03   562s
  50   4.29888226e+05  4.07980102e+05  5.15e-03 9.09e-13  5.04e-03   574s
  51   4.28998000e+05  4.08979977e+05  4.65e-03 2.50e-12  4.61e-03   586s
  52   4.28039346e+05  4.10426845e+05  4.12e-03 1.24e-14  4.05e-03   597s
  53   4.27573274e+05  4.11422635e+05  3.86e-03 1.55e-14  3.72e-03   610s
  54   4.27103723e+05  4.11853712e+05  3.60e-03 6.82e-13  3.51e-03   622s
  55   4.26433151e+05  4.12500659e+05  3.18e-03 6.82e-13  3.21e-03   636s
  56   4.26088684e+05  4.13054279e+05  2.98e-03 1.11e-14  3.00e-03   647s
  57   4.25386235e+05  4.13633816e+05  2.57e-03 1.14e-12  2.71e-03   659s
  58   4.24910442e+05  4.14275981e+05  2.31e-03 2.73e-12  2.45e-03   673s
  59   4.24565387e+05  4.14851129e+05  2.12e-03 8.22e-15  2.24e-03   686s
  60   4.24231830e+05  4.15357283e+05  1.93e-03 1.24e-14  2.04e-03   700s
  61   4.24028845e+05  4.15751272e+05  1.82e-03 1.33e-14  1.91e-03   713s
  62   4.23605136e+05  4.16169930e+05  1.59e-03 8.44e-15  1.71e-03   726s
  63   4.23466569e+05  4.16325106e+05  1.51e-03 5.44e-15  1.64e-03   737s
  64   4.23146403e+05  4.16603673e+05  1.34e-03 2.50e-12  1.51e-03   751s
  65   4.23007810e+05  4.17038684e+05  1.26e-03 6.55e-15  1.37e-03   764s
  66   4.22784648e+05  4.17669746e+05  1.14e-03 6.66e-15  1.18e-03   777s
  67   4.22642724e+05  4.17810176e+05  1.06e-03 4.77e-15  1.11e-03   791s
  68   4.22544863e+05  4.17948266e+05  1.01e-03 5.33e-15  1.06e-03   799s
  69   4.22355236e+05  4.18269867e+05  9.09e-04 2.27e-13  9.40e-04   810s
  70   4.22258975e+05  4.18411273e+05  8.58e-04 3.44e-15  8.86e-04   824s
  71   4.22047849e+05  4.18538798e+05  7.49e-04 4.55e-13  8.08e-04   835s
  72   4.21952425e+05  4.18679354e+05  6.98e-04 3.00e-15  7.53e-04   848s
  73   4.21784866e+05  4.18791016e+05  6.12e-04 2.96e-15  6.89e-04   863s
  74   4.21708823e+05  4.19029361e+05  5.73e-04 3.51e-15  6.17e-04   877s
  75   4.21617261e+05  4.19185041e+05  5.26e-04 4.55e-13  5.60e-04   890s
  76   4.21516394e+05  4.19291103e+05  4.76e-04 4.55e-13  5.12e-04   902s
  77   4.21426675e+05  4.19387306e+05  4.28e-04 3.03e-15  4.69e-04   915s
  78   4.21348213e+05  4.19537665e+05  3.89e-04 1.14e-12  4.17e-04   928s
  79   4.21308770e+05  4.19650142e+05  3.69e-04 4.95e-15  3.82e-04   940s
  80   4.21221590e+05  4.19771912e+05  3.26e-04 2.50e-12  3.34e-04   953s
  81   4.21183412e+05  4.19828543e+05  3.08e-04 3.55e-15  3.12e-04   963s
  82   4.21099583e+05  4.19881650e+05  2.68e-04 3.99e-15  2.80e-04   975s
  83   4.21073608e+05  4.19925827e+05  2.55e-04 1.59e-12  2.64e-04   988s
  84   4.21023034e+05  4.19957523e+05  2.32e-04 2.27e-13  2.45e-04  1003s
  85   4.20982457e+05  4.19981076e+05  2.13e-04 3.30e-15  2.31e-04  1020s
  86   4.20947573e+05  4.20024721e+05  1.96e-04 3.95e-15  2.12e-04  1036s
  87   4.20923424e+05  4.20062549e+05  1.85e-04 3.83e-15  1.98e-04  1054s
  88   4.20909680e+05  4.20098792e+05  1.78e-04 2.27e-12  1.87e-04  1069s
  89   4.20887120e+05  4.20117921e+05  1.68e-04 1.59e-12  1.77e-04  1087s
  90   4.20849885e+05  4.20147016e+05  1.50e-04 2.27e-13  1.62e-04  1108s
  91   4.20826403e+05  4.20187356e+05  1.39e-04 4.41e-15  1.47e-04  1123s
  92   4.20805970e+05  4.20233449e+05  1.30e-04 4.03e-15  1.32e-04  1144s
  93   4.20783126e+05  4.20251051e+05  1.19e-04 2.50e-12  1.22e-04  1164s
  94   4.20764802e+05  4.20262608e+05  1.11e-04 3.96e-15  1.16e-04  1180s
  95   4.20739235e+05  4.20283569e+05  9.89e-05 2.96e-12  1.05e-04  1200s
  96   4.20717423e+05  4.20297544e+05  8.90e-05 9.09e-13  9.67e-05  1221s
  97   4.20704099e+05  4.20305540e+05  8.29e-05 4.09e-15  9.17e-05  1238s
  98   4.20691328e+05  4.20325505e+05  7.71e-05 1.82e-12  8.42e-05  1260s
  99   4.20682501e+05  4.20345352e+05  7.30e-05 3.85e-15  7.76e-05  1281s
 100   4.20668327e+05  4.20354528e+05  6.65e-05 4.14e-15  7.22e-05  1302s
 101   4.20653278e+05  4.20367414e+05  5.96e-05 1.14e-12  6.58e-05  1323s
 102   4.20645966e+05  4.20387982e+05  5.62e-05 1.82e-12  5.94e-05  1345s
 103   4.20630781e+05  4.20405430e+05  4.94e-05 1.59e-12  5.19e-05  1368s
 104   4.20622223e+05  4.20413575e+05  4.57e-05 4.55e-13  4.80e-05  1389s
 105   4.20618145e+05  4.20415223e+05  4.39e-05 5.22e-15  4.67e-05  1414s
 106   4.20614085e+05  4.20419002e+05  4.21e-05 1.14e-12  4.49e-05  1426s
 107   4.20606611e+05  4.20429636e+05  3.88e-05 2.96e-12  4.07e-05  1448s
 108   4.20601651e+05  4.20434453e+05  3.67e-05 2.27e-13  3.85e-05  1468s
 109   4.20595359e+05  4.20442230e+05  3.40e-05 3.99e-15  3.52e-05  1490s
 110   4.20588874e+05  4.20447125e+05  3.11e-05 4.90e-15  3.26e-05  1512s
 111   4.20582674e+05  4.20453024e+05  2.84e-05 3.87e-15  2.98e-05  1530s
 112   4.20575636e+05  4.20464091e+05  2.53e-05 4.54e-15  2.57e-05  1553s
 113   4.20569175e+05  4.20468362e+05  2.25e-05 5.46e-15  2.32e-05  1575s
 114   4.20565635e+05  4.20470562e+05  2.10e-05 4.74e-15  2.19e-05  1595s
 115   4.20560174e+05  4.20472295e+05  1.86e-05 9.09e-13  2.02e-05  1610s
 116   4.20555419e+05  4.20475778e+05  1.66e-05 4.63e-15  1.83e-05  1636s
 117   4.20553305e+05  4.20476989e+05  1.57e-05 4.41e-15  1.76e-05  1659s
 118   4.20552226e+05  4.20477929e+05  1.52e-05 5.47e-15  1.71e-05  1672s
 119   4.20548814e+05  4.20481693e+05  1.38e-05 6.82e-13  1.55e-05  1696s
 120   4.20546500e+05  4.20483091e+05  1.28e-05 4.77e-15  1.46e-05  1721s
 121   4.20544878e+05  4.20484674e+05  1.21e-05 5.33e-15  1.39e-05  1741s
 122   4.20542761e+05  4.20486614e+05  1.12e-05 9.09e-13  1.29e-05  1769s
 123   4.20541517e+05  4.20488401e+05  1.07e-05 2.50e-12  1.22e-05  1790s
 124   4.20539492e+05  4.20490246e+05  9.89e-06 5.33e-15  1.13e-05  1815s
 125   4.20536727e+05  4.20492316e+05  8.76e-06 6.11e-15  1.02e-05  1840s
 126   4.20534750e+05  4.20494284e+05  7.94e-06 6.18e-15  9.32e-06  1865s
 127   4.20532865e+05  4.20496556e+05  7.18e-06 3.85e-15  8.36e-06  1888s
 128   4.20531442e+05  4.20497240e+05  6.60e-06 4.78e-15  7.87e-06  1914s
 129   4.20529818e+05  4.20498542e+05  5.91e-06 2.96e-12  7.20e-06  1941s
 130   4.20528597e+05  4.20500105e+05  5.47e-06 3.55e-15  6.56e-06  1967s
 131   4.20526060e+05  4.20501539e+05  4.41e-06 4.55e-13  5.64e-06  1991s
 132   4.20525326e+05  4.20503188e+05  4.11e-06 4.65e-15  5.10e-06  2019s
 133   4.20524547e+05  4.20504855e+05  3.81e-06 4.15e-15  4.53e-06  2046s
 134   4.20523432e+05  4.20505697e+05  3.33e-06 3.55e-15  4.08e-06  2073s
 135   4.20522735e+05  4.20506571e+05  3.05e-06 1.36e-12  3.72e-06  2096s
 136   4.20522009e+05  4.20507189e+05  2.75e-06 4.26e-15  3.41e-06  2118s
 137   4.20521756e+05  4.20507410e+05  2.68e-06 4.37e-15  3.30e-06  2140s
 138   4.20521228e+05  4.20507996e+05  2.45e-06 2.27e-12  3.05e-06  2167s
 139   4.20520961e+05  4.20508490e+05  2.36e-06 6.82e-13  2.87e-06  2184s
 140   4.20520242e+05  4.20509177e+05  2.07e-06 6.82e-13  2.55e-06  2216s
 141   4.20519852e+05  4.20509472e+05  1.91e-06 3.88e-15  2.39e-06  2236s
 142   4.20519030e+05  4.20509829e+05  1.60e-06 1.82e-12  2.12e-06  2260s
 143   4.20518644e+05  4.20510681e+05  1.45e-06 4.48e-15  1.83e-06  2285s
 144   4.20518470e+05  4.20510938e+05  1.39e-06 5.18e-15  1.73e-06  2304s
 145   4.20518182e+05  4.20511216e+05  1.28e-06 3.90e-15  1.60e-06  2328s
 146   4.20517950e+05  4.20511418e+05  1.20e-06 3.95e-15  1.50e-06  2354s
 147   4.20517688e+05  4.20511598e+05  1.09e-06 5.33e-15  1.40e-06  2370s
 148   4.20517382e+05  4.20511694e+05  9.86e-07 5.33e-15  1.31e-06  2396s
 149   4.20517120e+05  4.20512082e+05  8.58e-07 5.33e-15  1.16e-06  2418s
 150   4.20516921e+05  4.20512214e+05  7.78e-07 1.36e-12  1.08e-06  2438s
 151   4.20516781e+05  4.20512304e+05  7.31e-07 3.55e-15  1.03e-06  2454s
 152   4.20516672e+05  4.20512575e+05  6.88e-07 1.36e-12  9.43e-07  2477s
 153   4.20516573e+05  4.20512712e+05  6.48e-07 4.52e-15  8.89e-07  2503s
 154   4.20516428e+05  4.20512840e+05  5.92e-07 3.55e-15  8.26e-07  2530s
 155   4.20516261e+05  4.20513036e+05  5.35e-07 3.55e-15  7.42e-07  2563s
 156   4.20516187e+05  4.20513219e+05  5.30e-07 9.09e-13  6.83e-07  2593s
 157   4.20515996e+05  4.20513411e+05  4.52e-07 2.51e-11  5.95e-07  2623s
 158   4.20515715e+05  4.20513605e+05  3.34e-07 2.00e-11  4.86e-07  2656s
 159   4.20515654e+05  4.20513719e+05  2.87e-07 1.75e-11  4.45e-07  2680s
 160   4.20515581e+05  4.20513745e+05  2.67e-07 1.70e-11  4.23e-07  2710s
 161   4.20515500e+05  4.20513905e+05  2.45e-07 1.67e-11  3.67e-07  2743s
 162   4.20515421e+05  4.20513981e+05  8.23e-07 4.29e-09  3.32e-07  2759s
 163   4.20515367e+05  4.20514035e+05  7.33e-07 4.00e-09  3.07e-07  2794s
 164   4.20515301e+05  4.20514089e+05  6.58e-07 3.72e-09  2.79e-07  2824s
 165   4.20515255e+05  4.20514159e+05  5.89e-07 3.34e-09  2.52e-07  2853s
 166   4.20515234e+05  4.20514206e+05  7.03e-07 3.13e-09  2.37e-07  2873s
 167   4.20515210e+05  4.20514216e+05  6.59e-07 3.19e-09  2.29e-07  2897s
 168   4.20515171e+05  4.20514287e+05  5.76e-07 3.39e-09  2.04e-07  2931s
 169   4.20515138e+05  4.20514370e+05  5.04e-07 2.85e-09  1.77e-07  2967s
 170   4.20515076e+05  4.20514401e+05  9.03e-06 1.12e-08  1.55e-07  2987s
 171   4.20515047e+05  4.20514454e+05  7.70e-06 1.15e-08  1.36e-07  3010s
 172   4.20515031e+05  4.20514492e+05  7.17e-06 1.01e-08  1.24e-07  3028s
 173   4.20514985e+05  4.20514518e+05  5.72e-06 7.40e-09  1.08e-07  3059s
 174   4.20514960e+05  4.20514564e+05  4.81e-06 6.20e-09  9.12e-08  3084s
 175   4.20514948e+05  4.20514597e+05  4.41e-06 4.65e-09  8.07e-08  3108s
 176   4.20514924e+05  4.20514621e+05  3.61e-06 2.33e-09  6.98e-08  3126s
 177   4.20514914e+05  4.20514642e+05  3.57e-06 2.25e-09  6.26e-08  3139s
 178   4.20514897e+05  4.20514655e+05  2.65e-06 3.40e-08  5.56e-08  3152s
 179   4.20514883e+05  4.20514668e+05  2.73e-06 3.45e-08  4.95e-08  3165s
 180   4.20514875e+05  4.20514677e+05  2.46e-06 3.19e-08  4.54e-08  3181s
 181   4.20514862e+05  4.20514697e+05  1.87e-06 4.07e-08  3.80e-08  3198s
 182   4.20514853e+05  4.20514716e+05  3.40e-06 9.31e-08  3.15e-08  3214s
 183   4.20514844e+05  4.20514725e+05  2.82e-06 8.27e-08  2.72e-08  3229s
 184   4.20514839e+05  4.20514733e+05  2.37e-06 7.36e-08  2.46e-08  3242s
 185   4.20514835e+05  4.20514739e+05  2.20e-06 6.13e-08  2.22e-08  3262s
 186   4.20514831e+05  4.20514745e+05  1.97e-06 5.36e-08  1.98e-08  3277s
 187   4.20514826e+05  4.20514751e+05  1.86e-06 4.90e-08  1.74e-08  3293s
 188   4.20514824e+05  4.20514758e+05  1.64e-06 4.20e-08  1.51e-08  3312s
 189   4.20514821e+05  4.20514763e+05  9.25e-07 2.85e-08  1.34e-08  3331s
 190   4.20514819e+05  4.20514764e+05  1.71e-06 2.70e-08  1.26e-08  3351s
 191   4.20514816e+05  4.20514768e+05  1.96e-06 2.47e-08  1.11e-08  3367s
 192   4.20514815e+05  4.20514771e+05  1.93e-06 2.26e-08  1.00e-08  3389s
 193   4.20514812e+05  4.20514775e+05  3.09e-06 1.93e-08  8.65e-09  3414s
 194   4.20514812e+05  4.20514777e+05  3.14e-06 2.17e-08  8.04e-09  3429s
 195   4.20514811e+05  4.20514779e+05  1.91e-06 2.06e-08  7.31e-09  3448s
 196   4.20514809e+05  4.20514781e+05  1.55e-06 2.12e-08  6.48e-09  3466s
 197   4.20514808e+05  4.20514782e+05  2.36e-06 1.97e-08  5.99e-09  3480s
 198   4.20514808e+05  4.20514783e+05  2.26e-06 1.85e-08  5.58e-09  3502s
 199   4.20514807e+05  4.20514785e+05  2.78e-06 1.70e-08  5.07e-09  3518s
 200   4.20514806e+05  4.20514786e+05  2.86e-06 1.59e-08  4.72e-09  3538s
 201   4.20514806e+05  4.20514787e+05  2.94e-06 1.48e-08  4.44e-09  3552s
 202   4.20514806e+05  4.20514788e+05  2.52e-06 1.35e-08  4.09e-09  3562s
 203   4.20514805e+05  4.20514789e+05  2.67e-06 1.24e-08  3.72e-09  3577s
 204   4.20514804e+05  4.20514790e+05  4.00e-06 1.69e-08  3.29e-09  3597s
 205   4.20514804e+05  4.20514791e+05  4.22e-06 1.52e-08  2.93e-09  3611s
 206   4.20514803e+05  4.20514792e+05  4.37e-06 1.41e-08  2.68e-09  3627s
 207   4.20514803e+05  4.20514793e+05  2.48e-05 1.26e-08  2.38e-09  3643s
 208   4.20514802e+05  4.20514793e+05  2.03e-05 1.16e-08  2.13e-09  3657s
 209   4.20514802e+05  4.20514793e+05  2.02e-05 1.15e-08  2.12e-09  3670s
 210   4.20514802e+05  4.20514794e+05  1.94e-05 1.06e-08  1.97e-09  3685s

Barrier solved model in 210 iterations and 3685.29 seconds (1525.60 work units)
Optimal objective 4.20514802e+05


Gurobi 13.0.2 (linux64) logging started Fri Jul 17 09:44:52 2026

Set parameter LogFile to value "outputs/batch_1007_res/2049_FR_interconnected/logfile_2049_FR_interconnected.txt"
Gurobi Optimizer version 13.0.2 build v13.0.2rc1 (linux64 - "CentOS Stream 9")

CPU model: Intel(R) Xeon(R) Gold 6130 CPU @ 2.10GHz, instruction set [SSE2|AVX|AVX2|AVX512]
Thread count: 16 physical cores, 32 logical processors, using up to 32 threads

Non-default parameters:
Method  2
Crossover  0
NumericFocus  3
Presolve  2

Optimize a model with 9050784 rows, 6658150 columns and 26699721 nonzeros (Min)
Model fingerprint: 0x0c55e216
Model has 1393190 linear objective coefficients
Coefficient statistics:
  Matrix range     [1e-04, 1e+02]
  Objective range  [6e-04, 3e+03]
  Bounds range     [0e+00, 0e+00]
  RHS range        [2e-02, 1e+05]

Presolve removed 5598989 rows and 3591886 columns (presolve time = 6s)...
Presolve removed 5665899 rows and 3650000 columns (presolve time = 10s)...
Presolve removed 5923228 rows and 3907320 columns (presolve time = 15s)...
Presolve removed 5923228 rows and 3907320 columns (presolve time = 20s)...
Presolve removed 5923228 rows and 3907320 columns (presolve time = 25s)...
Presolve removed 5923228 rows and 3907320 columns (presolve time = 30s)...
Presolve removed 5923228 rows and 3907320 columns (presolve time = 35s)...
Presolve removed 5923228 rows and 3907320 columns (presolve time = 40s)...
Presolve removed 5923228 rows and 3907320 columns (presolve time = 45s)...
Presolve removed 6632788 rows and 3907320 columns (presolve time = 50s)...
Presolve removed 6720400 rows and 3916110 columns (presolve time = 55s)...
Presolve removed 6720400 rows and 3916110 columns (presolve time = 60s)...
Presolve removed 6720400 rows and 3916110 columns (presolve time = 65s)...
Presolve removed 6720400 rows and 3916110 columns (presolve time = 70s)...
Presolve removed 6720400 rows and 3916110 columns (presolve time = 75s)...
Presolve removed 6720400 rows and 3916110 columns (presolve time = 80s)...
Presolve removed 6729160 rows and 3916110 columns
Presolve time: 83.52s
Presolved: 2321624 rows, 2750800 columns, 9315734 nonzeros
Elapsed ordering time = 7s
Elapsed ordering time = 10s
Elapsed ordering time = 15s
Ordering time: 20.47s

Barrier statistics:
 Dense cols : 95
 AA' NZ     : 5.228e+06
 Factor NZ  : 3.355e+07 (roughly 2.0 GB of memory)
 Factor Ops : 2.471e+09 (less than 1 second per iteration)
 Threads    : 16

                  Objective                Residual
Iter       Primal          Dual         Primal    Dual     Compl     Time
   0   3.29530840e+08 -1.61251898e+11  1.10e+08 1.82e-14  6.75e+06   175s
   1   3.48355685e+08 -1.06416256e+11  1.03e+08 3.33e+02  4.45e+06   181s
   2   4.38864215e+08 -7.29707832e+10  7.51e+07 1.22e+02  2.62e+06   188s
   3   6.43181994e+08 -4.37423390e+10  1.42e+07 1.12e+01  5.01e+05   197s
   4   6.45786476e+08 -2.08602172e+10  2.08e+06 1.41e+00  7.87e+04   204s
   5   5.64660200e+08 -9.04844931e+09  3.32e+05 2.05e-01  1.32e+04   209s
   6   3.19003095e+08 -3.66583643e+09  4.94e+04 4.15e-02  2.44e+03   213s
   7   1.50103199e+08 -2.96488259e+09  8.17e+03 3.15e-02  1.13e+03   218s
   8   8.83902687e+07 -6.68435808e+08  1.58e+03 3.07e-03  2.30e+02   225s
   9   3.24840329e+07 -2.82416986e+08  1.57e+02 3.92e-04  8.55e+01   233s
  10   1.59437633e+07 -1.85661121e+08  3.78e+01 4.80e-10  5.31e+01   240s
  11   7.03584848e+06 -5.48339526e+07  1.05e+01 9.82e-11  1.60e+01   251s
  12   3.70584855e+06 -1.87679519e+07  4.09e+00 1.61e-11  5.75e+00   266s
  13   2.39323133e+06 -7.47663973e+06  2.16e+00 8.98e-12  2.52e+00   274s
  14   1.79271443e+06 -5.38294566e+06  1.35e+00 7.73e-12  1.83e+00   280s
  15   1.51594579e+06 -3.65081057e+06  1.02e+00 5.46e-12  1.32e+00   286s
  16   1.28099325e+06 -2.37269197e+06  7.84e-01 5.00e-12  9.30e-01   293s
  17   1.14971520e+06 -1.48289480e+06  6.61e-01 3.64e-12  6.70e-01   298s
  18   9.51595271e+05 -8.83230125e+05  4.74e-01 7.73e-12  4.67e-01   306s
  19   8.51152414e+05 -4.60610262e+05  3.76e-01 4.32e-12  3.34e-01   316s
  20   7.40584363e+05 -2.79696642e+05  2.72e-01 1.82e-12  2.60e-01   329s
  21   7.21890250e+05 -1.23795479e+05  2.54e-01 6.37e-12  2.15e-01   339s
  22   6.45018656e+05  9.08418090e+03  1.80e-01 1.36e-12  1.62e-01   350s
  23   6.12168728e+05  8.25054769e+04  1.48e-01 8.19e-12  1.35e-01   362s
  24   5.86764522e+05  1.37637032e+05  1.24e-01 4.32e-12  1.14e-01   375s
  25   5.65861257e+05  1.90609775e+05  1.04e-01 2.05e-12  9.54e-02   390s
  26   5.38716064e+05  2.20010103e+05  7.92e-02 1.00e-11  8.10e-02   403s
  27   5.18626253e+05  2.60884790e+05  6.45e-02 5.00e-12  6.55e-02   416s
  28   4.95562265e+05  2.99023531e+05  4.87e-02 1.00e-11  5.00e-02   429s
  29   4.81325452e+05  3.24851847e+05  3.92e-02 2.73e-12  3.98e-02   440s
  30   4.72530033e+05  3.38800466e+05  3.35e-02 3.87e-12  3.40e-02   450s
  31   4.63292135e+05  3.53356244e+05  2.76e-02 2.96e-12  2.80e-02   460s
  32   4.58805307e+05  3.67085020e+05  2.48e-02 8.19e-12  2.33e-02   473s
  33   4.54812323e+05  3.70895692e+05  2.24e-02 1.82e-12  2.13e-02   486s
  34   4.49833277e+05  3.78627710e+05  1.94e-02 3.64e-12  1.81e-02   496s
  35   4.47662992e+05  3.84208294e+05  1.81e-02 2.73e-12  1.61e-02   507s
  36   4.42444370e+05  3.87345815e+05  1.49e-02 3.64e-12  1.40e-02   519s
  37   4.41404395e+05  3.89530833e+05  1.43e-02 1.00e-11  1.32e-02   528s
  38   4.39579745e+05  3.91845907e+05  1.32e-02 4.55e-12  1.21e-02   540s
  39   4.38984581e+05  3.92661283e+05  1.28e-02 1.82e-12  1.18e-02   547s
  40   4.38470290e+05  3.93779146e+05  1.25e-02 3.64e-12  1.14e-02   555s
  41   4.37071930e+05  3.95318596e+05  1.17e-02 8.19e-12  1.06e-02   567s
  42   4.36329868e+05  3.97184531e+05  1.12e-02 2.96e-12  9.95e-03   580s
  43   4.34184097e+05  3.98262682e+05  9.89e-03 2.05e-12  9.13e-03   594s
  44   4.32651923e+05  4.02130628e+05  8.97e-03 3.41e-12  7.76e-03   607s
  45   4.31325409e+05  4.03493534e+05  8.11e-03 2.50e-12  7.08e-03   621s
  46   4.29743735e+05  4.04911661e+05  7.12e-03 6.37e-12  6.31e-03   636s
  47   4.28412722e+05  4.05764440e+05  6.28e-03 3.64e-12  5.76e-03   650s
  48   4.27617682e+05  4.06663345e+05  5.77e-03 2.27e-12  5.33e-03   665s
  49   4.26989389e+05  4.07057346e+05  5.37e-03 6.37e-12  5.07e-03   678s
  50   4.26748080e+05  4.07277488e+05  5.22e-03 8.64e-12  4.95e-03   691s
  51   4.26172137e+05  4.07982150e+05  4.85e-03 2.27e-12  4.63e-03   707s
  52   4.25825547e+05  4.08509744e+05  4.62e-03 2.73e-12  4.40e-03   721s
  53   4.25511204e+05  4.09271775e+05  4.41e-03 5.46e-12  4.13e-03   734s
  54   4.25135087e+05  4.09913351e+05  4.16e-03 2.50e-12  3.87e-03   750s
  55   4.24510421e+05  4.10735864e+05  3.75e-03 2.50e-12  3.50e-03   765s
  56   4.23873479e+05  4.11173119e+05  3.33e-03 2.73e-12  3.23e-03   780s
  57   4.23669068e+05  4.11692365e+05  3.20e-03 5.00e-12  3.05e-03   793s
  58   4.23385154e+05  4.11829018e+05  3.01e-03 5.46e-12  2.94e-03   805s
  59   4.23176033e+05  4.12497712e+05  2.88e-03 4.09e-12  2.72e-03   820s
  60   4.23066964e+05  4.12956309e+05  2.80e-03 1.27e-11  2.57e-03   832s
  61   4.22428977e+05  4.13376327e+05  2.37e-03 1.46e-11  2.30e-03   845s
  62   4.22221166e+05  4.14161289e+05  2.23e-03 4.32e-12  2.05e-03   859s
  63   4.21843982e+05  4.14500337e+05  1.99e-03 4.09e-12  1.87e-03   874s
  64   4.21425796e+05  4.15098397e+05  1.73e-03 3.18e-12  1.61e-03   889s
  65   4.21195830e+05  4.15333235e+05  1.58e-03 3.18e-12  1.49e-03   904s
  66   4.21060056e+05  4.15495008e+05  1.49e-03 3.64e-12  1.41e-03   913s
  67   4.20872800e+05  4.15605224e+05  1.37e-03 3.41e-12  1.34e-03   931s
  68   4.20781575e+05  4.15771024e+05  1.32e-03 5.68e-12  1.27e-03   942s
  69   4.20684322e+05  4.15943703e+05  1.25e-03 5.46e-12  1.21e-03   961s
  70   4.20465660e+05  4.16082748e+05  1.11e-03 7.05e-12  1.11e-03   975s
  71   4.20258518e+05  4.16262607e+05  9.83e-04 3.41e-12  1.02e-03   990s
  72   4.20169147e+05  4.16401419e+05  9.29e-04 5.91e-12  9.58e-04  1005s
  73   4.20042123e+05  4.16733544e+05  8.52e-04 2.73e-12  8.41e-04  1021s
  74   4.19920623e+05  4.17032416e+05  7.79e-04 3.64e-12  7.34e-04  1036s
  75   4.19802381e+05  4.17106099e+05  7.09e-04 7.28e-12  6.86e-04  1053s
  76   4.19700159e+05  4.17229912e+05  6.48e-04 5.46e-12  6.28e-04  1067s
  77   4.19606034e+05  4.17332718e+05  5.93e-04 2.96e-12  5.78e-04  1083s
  78   4.19504811e+05  4.17421685e+05  5.33e-04 4.09e-12  5.30e-04  1098s
  79   4.19403980e+05  4.17607477e+05  4.72e-04 2.73e-12  4.57e-04  1113s
  80   4.19368363e+05  4.17736061e+05  4.51e-04 4.55e-12  4.15e-04  1127s
  81   4.19279350e+05  4.17782206e+05  4.00e-04 3.64e-12  3.81e-04  1145s
  82   4.19212901e+05  4.17866773e+05  3.62e-04 2.73e-12  3.42e-04  1160s
  83   4.19151291e+05  4.17904499e+05  3.27e-04 5.91e-12  3.17e-04  1178s
  84   4.19098106e+05  4.17986364e+05  2.97e-04 7.28e-12  2.83e-04  1195s
  85   4.19076477e+05  4.17996445e+05  2.85e-04 5.00e-12  2.75e-04  1206s
  86   4.19023692e+05  4.18068583e+05  2.55e-04 5.68e-12  2.43e-04  1221s
  87   4.18984313e+05  4.18130711e+05  2.34e-04 6.37e-12  2.17e-04  1236s
  88   4.18939298e+05  4.18157740e+05  2.09e-04 2.05e-12  1.99e-04  1253s
  89   4.18878917e+05  4.18200984e+05  1.75e-04 3.41e-12  1.72e-04  1267s
  90   4.18847480e+05  4.18242911e+05  1.58e-04 6.37e-12  1.54e-04  1284s
  91   4.18820373e+05  4.18285943e+05  1.43e-04 4.77e-12  1.36e-04  1297s
  92   4.18795756e+05  4.18301298e+05  1.29e-04 2.73e-12  1.26e-04  1312s
  93   4.18778537e+05  4.18331848e+05  1.20e-04 4.55e-12  1.14e-04  1329s
  94   4.18764515e+05  4.18352146e+05  1.12e-04 3.41e-12  1.05e-04  1347s
  95   4.18755511e+05  4.18367779e+05  1.07e-04 2.73e-12  9.86e-05  1362s
  96   4.18727795e+05  4.18382155e+05  9.24e-05 4.77e-12  8.79e-05  1377s
  97   4.18708789e+05  4.18395059e+05  8.24e-05 1.82e-12  7.98e-05  1392s
  98   4.18697352e+05  4.18412813e+05  7.63e-05 2.27e-12  7.23e-05  1408s
  99   4.18686360e+05  4.18422490e+05  7.05e-05 3.41e-12  6.71e-05  1418s
 100   4.18676614e+05  4.18436394e+05  6.54e-05 4.09e-12  6.11e-05  1433s
 101   4.18659656e+05  4.18442821e+05  5.64e-05 2.73e-12  5.51e-05  1448s
 102   4.18650864e+05  4.18460666e+05  5.18e-05 7.73e-12  4.84e-05  1463s
 103   4.18646395e+05  4.18468570e+05  4.95e-05 3.41e-12  4.52e-05  1477s
 104   4.18637524e+05  4.18475940e+05  4.48e-05 2.73e-12  4.11e-05  1489s
 105   4.18630022e+05  4.18479587e+05  4.10e-05 1.00e-11  3.82e-05  1502s
 106   4.18624452e+05  4.18487356e+05  3.81e-05 2.96e-12  3.49e-05  1518s
 107   4.18622787e+05  4.18489202e+05  3.73e-05 5.46e-12  3.40e-05  1529s
 108   4.18615925e+05  4.18494364e+05  3.39e-05 4.09e-12  3.09e-05  1545s
 109   4.18611566e+05  4.18496939e+05  3.17e-05 2.05e-12  2.91e-05  1567s
 110   4.18605035e+05  4.18504367e+05  2.83e-05 2.73e-12  2.56e-05  1581s
 111   4.18601239e+05  4.18509687e+05  2.64e-05 3.64e-12  2.33e-05  1600s
 112   4.18596679e+05  4.18511723e+05  2.42e-05 4.55e-12  2.16e-05  1615s
 113   4.18593913e+05  4.18516564e+05  2.28e-05 7.28e-12  1.97e-05  1636s
 114   4.18590257e+05  4.18520809e+05  2.10e-05 6.37e-12  1.77e-05  1659s
 115   4.18586899e+05  4.18522335e+05  1.93e-05 2.96e-12  1.64e-05  1681s
 116   4.18583758e+05  4.18524324e+05  1.78e-05 4.09e-12  1.51e-05  1701s
 117   4.18581506e+05  4.18527031e+05  1.66e-05 2.50e-12  1.39e-05  1720s
 118   4.18579384e+05  4.18528492e+05  1.56e-05 4.55e-12  1.29e-05  1744s
 119   4.18577715e+05  4.18528777e+05  1.48e-05 2.27e-12  1.24e-05  1759s
 120   4.18576142e+05  4.18530792e+05  1.40e-05 6.37e-12  1.15e-05  1783s
 121   4.18573928e+05  4.18532378e+05  1.29e-05 6.37e-12  1.06e-05  1806s
 122   4.18570879e+05  4.18533922e+05  1.14e-05 2.50e-12  9.40e-06  1831s
 123   4.18568034e+05  4.18536403e+05  1.00e-05 6.37e-12  8.04e-06  1856s
 124   4.18565837e+05  4.18537118e+05  8.99e-06 5.23e-12  7.30e-06  1879s
 125   4.18564182e+05  4.18538972e+05  8.19e-06 6.37e-12  6.41e-06  1905s
 126   4.18563090e+05  4.18540068e+05  7.66e-06 6.37e-12  5.85e-06  1927s
 127   4.18562702e+05  4.18540540e+05  7.47e-06 1.09e-11  5.63e-06  1949s
 128   4.18561293e+05  4.18541364e+05  6.79e-06 3.18e-12  5.07e-06  1975s
 129   4.18559772e+05  4.18541746e+05  6.06e-06 6.37e-12  4.58e-06  2004s
 130   4.18557918e+05  4.18542776e+05  5.16e-06 7.28e-12  3.85e-06  2031s
 131   4.18556930e+05  4.18543319e+05  4.69e-06 5.46e-12  3.46e-06  2067s
 132   4.18556214e+05  4.18543716e+05  4.35e-06 1.14e-12  3.18e-06  2095s
 133   4.18555646e+05  4.18543854e+05  4.08e-06 5.00e-12  3.00e-06  2128s
 134   4.18554702e+05  4.18544381e+05  3.63e-06 3.18e-12  2.62e-06  2159s
 135   4.18554080e+05  4.18544564e+05  3.32e-06 2.50e-12  2.42e-06  2181s
 136   4.18553210e+05  4.18544999e+05  2.90e-06 5.46e-12  2.09e-06  2213s
 137   4.18552512e+05  4.18545513e+05  2.56e-06 6.37e-12  1.78e-06  2250s
 138   4.18551613e+05  4.18545826e+05  2.12e-06 1.82e-12  1.47e-06  2284s
 139   4.18551268e+05  4.18546063e+05  1.96e-06 1.36e-12  1.32e-06  2315s
 140   4.18550636e+05  4.18546343e+05  1.65e-06 3.64e-12  1.09e-06  2348s
 141   4.18550254e+05  4.18546486e+05  1.47e-06 4.55e-12  9.58e-07  2375s
 142   4.18549762e+05  4.18546546e+05  1.24e-06 5.57e-12  8.18e-07  2397s
 143   4.18549471e+05  4.18546621e+05  1.10e-06 3.75e-12  7.25e-07  2413s
 144   4.18549318e+05  4.18546701e+05  1.05e-06 4.55e-12  6.65e-07  2439s
 145   4.18549109e+05  4.18546768e+05  9.53e-07 6.37e-12  5.95e-07  2460s
 146   4.18548986e+05  4.18546788e+05  8.88e-07 6.37e-12  5.59e-07  2478s
 147   4.18548882e+05  4.18546821e+05  8.36e-07 1.00e-11  5.24e-07  2495s
 148   4.18548832e+05  4.18546849e+05  8.15e-07 5.46e-12  5.04e-07  2518s
 149   4.18548766e+05  4.18546892e+05  7.85e-07 2.50e-12  4.77e-07  2545s
 150   4.18548523e+05  4.18546944e+05  6.59e-07 1.53e-11  4.01e-07  2570s
 151   4.18548426e+05  4.18546994e+05  6.10e-07 1.28e-11  3.64e-07  2590s
 152   4.18548348e+05  4.18547019e+05  5.76e-07 1.33e-11  3.38e-07  2614s
 153   4.18548195e+05  4.18547034e+05  4.97e-07 5.74e-12  2.95e-07  2650s
 154   4.18548000e+05  4.18547049e+05  4.02e-07 2.09e-11  2.42e-07  2696s
 155   4.18547940e+05  4.18547083e+05  7.81e-07 2.35e-08  2.18e-07  2742s
 156   4.18547860e+05  4.18547098e+05  6.49e-07 2.06e-08  1.94e-07  2780s
 157   4.18547722e+05  4.18547116e+05  2.04e-06 9.38e-08  1.54e-07  2815s
 158   4.18547638e+05  4.18547138e+05  1.72e-06 7.34e-08  1.27e-07  2862s
 159   4.18547568e+05  4.18547146e+05  1.52e-06 6.20e-08  1.07e-07  2888s
 160   4.18547555e+05  4.18547153e+05  1.44e-06 4.48e-08  1.02e-07  2910s
 161   4.18547511e+05  4.18547159e+05  1.24e-06 4.12e-08  8.93e-08  2958s
 162   4.18547479e+05  4.18547168e+05  1.11e-06 3.49e-08  7.90e-08  2974s
 163   4.18547465e+05  4.18547170e+05  1.05e-06 3.34e-08  7.50e-08  2982s
 164   4.18547422e+05  4.18547176e+05  9.07e-07 2.72e-08  6.24e-08  3015s
 165   4.18547391e+05  4.18547182e+05  6.49e-07 6.98e-08  5.32e-08  3030s
 166   4.18547352e+05  4.18547186e+05  5.46e-07 2.35e-07  4.22e-08  3047s
 167   4.18547330e+05  4.18547190e+05  4.23e-07 1.99e-07  3.57e-08  3062s
 168   4.18547319e+05  4.18547192e+05  5.98e-07 1.72e-07  3.22e-08  3081s
 169   4.18547304e+05  4.18547195e+05  1.43e-06 1.40e-07  2.77e-08  3103s
 170   4.18547299e+05  4.18547197e+05  1.37e-06 1.21e-07  2.61e-08  3128s
 171   4.18547295e+05  4.18547197e+05  1.30e-06 1.14e-07  2.48e-08  3154s
 172   4.18547283e+05  4.18547199e+05  1.23e-06 9.51e-08  2.13e-08  3187s
 173   4.18547270e+05  4.18547200e+05  4.00e-06 7.68e-08  1.78e-08  3208s
 174   4.18547254e+05  4.18547202e+05  1.65e-05 3.45e-08  1.32e-08  3246s
 175   4.18547246e+05  4.18547203e+05  1.53e-05 2.94e-08  1.10e-08  3288s
 176   4.18547239e+05  4.18547204e+05  1.27e-05 1.94e-08  8.94e-09  3319s
 177   4.18547239e+05  4.18547204e+05  4.31e-04 1.94e-08  8.94e-09  3344s
 178   4.18547236e+05  4.18547205e+05  3.78e-04 1.70e-08  8.06e-09  3366s
 179   4.18547230e+05  4.18547205e+05  2.89e-04 1.30e-08  6.20e-09  3387s
 180   4.18547226e+05  4.18547206e+05  2.44e-04 1.02e-08  5.22e-09  3402s
 181   4.18547226e+05  4.18547206e+05  2.40e-04 1.02e-08  5.22e-09  3424s
 182   4.18547225e+05  4.18547206e+05  2.27e-04 8.98e-09  4.97e-09  3436s
 183   4.18547219e+05  4.18547206e+05  1.46e-04 7.86e-09  3.32e-09  3454s
 184   4.18547216e+05  4.18547207e+05  1.07e-04 5.03e-09  2.43e-09  3464s
 185   4.18547214e+05  4.18547207e+05  8.45e-05 2.68e-09  1.88e-09  3475s
 186   4.18547214e+05  4.18547207e+05  7.68e-05 2.41e-09  1.70e-09  3489s
 187   4.18547213e+05  4.18547207e+05  7.09e-05 2.20e-09  1.57e-09  3499s
 188   4.18547212e+05  4.18547207e+05  5.21e-05 1.37e-09  1.15e-09  3508s
 189   4.18547211e+05  4.18547207e+05  4.28e-05 1.18e-09  9.48e-10  3515s
 190   4.18547210e+05  4.18547207e+05  2.97e-05 8.15e-10  6.61e-10  3522s
 191   4.18547209e+05  4.18547207e+05  2.41e-05 6.04e-10  5.37e-10  3528s
 192   4.18547209e+05  4.18547207e+05  2.21e-05 5.80e-10  4.94e-10  3537s
 193   4.18547209e+05  4.18547207e+05  1.76e-05 4.14e-10  3.93e-10  3545s
 194   4.18547208e+05  4.18547207e+05  6.73e-06 1.54e-10  1.59e-10  3552s

Barrier solved model in 194 iterations and 3552.48 seconds (1101.44 work units)
Optimal objective 4.18547208e+05

