
Gurobi 13.0.2 (linux64) logging started Thu Jul 30 03:47:38 2026

Set parameter LogFile to value "outputs/batch_step2_2060/2060_FR_interconnected/logfile_2060_FR_interconnected.txt"
Gurobi Optimizer version 13.0.2 build v13.0.2rc1 (linux64 - "CentOS Stream 9")

CPU model: Intel(R) Xeon(R) Gold 6130 CPU @ 2.10GHz, instruction set [SSE2|AVX|AVX2|AVX512]
Thread count: 16 physical cores, 32 logical processors, using up to 32 threads

Non-default parameters:
Method  2
Crossover  0
NumericFocus  3
Presolve  2

Optimize a model with 9050783 rows, 6658150 columns and 26752198 nonzeros (Min)
Model fingerprint: 0x52790d9d
Model has 1393190 linear objective coefficients
Coefficient statistics:
  Matrix range     [1e-04, 1e+02]
  Objective range  [6e-04, 3e+03]
  Bounds range     [0e+00, 0e+00]
  RHS range        [3e-02, 1e+05]

Presolve removed 5371226 rows and 3416681 columns (presolve time = 5s)...
Presolve removed 5634585 rows and 3680000 columns (presolve time = 10s)...
Presolve removed 5654585 rows and 3700000 columns (presolve time = 18s)...
Presolve removed 5664585 rows and 3710000 columns (presolve time = 22s)...
Presolve removed 5674585 rows and 3720000 columns (presolve time = 28s)...
Presolve removed 5684585 rows and 3730000 columns (presolve time = 32s)...
Presolve removed 5686872 rows and 3732278 columns (presolve time = 35s)...
Presolve removed 5686872 rows and 3732278 columns (presolve time = 40s)...
Presolve removed 5686872 rows and 3732278 columns (presolve time = 45s)...
Presolve removed 5686872 rows and 3732278 columns (presolve time = 50s)...
Presolve removed 5686872 rows and 3732278 columns (presolve time = 55s)...
Presolve removed 5686872 rows and 3732278 columns (presolve time = 60s)...
Presolve removed 5686872 rows and 3732278 columns (presolve time = 65s)...
Presolve removed 6571644 rows and 3741068 columns (presolve time = 70s)...
Presolve removed 6571644 rows and 3741068 columns (presolve time = 75s)...
Presolve removed 6571644 rows and 3741068 columns (presolve time = 80s)...
Presolve removed 6571644 rows and 3741068 columns (presolve time = 85s)...
Presolve removed 6571644 rows and 3741068 columns (presolve time = 90s)...
Presolve removed 6571644 rows and 3741068 columns (presolve time = 95s)...
Presolve removed 6580404 rows and 3741068 columns
Presolve time: 98.90s
Presolved: 2470379 rows, 2925842 columns, 10217690 nonzeros
Elapsed ordering time = 5s
Ordering time: 10.98s

Barrier statistics:
 Dense cols : 104
 AA' NZ     : 6.213e+06
 Factor NZ  : 3.741e+07 (roughly 2.0 GB of memory)
 Factor Ops : 2.942e+09 (less than 1 second per iteration)
 Threads    : 16

                  Objective                Residual
Iter       Primal          Dual         Primal    Dual     Compl     Time
   0   6.17564750e+08 -6.86534144e+11  6.19e+08 1.14e-13  3.08e+07   162s
   1   6.36870355e+08 -6.79936993e+11  6.04e+08 8.60e+02  3.01e+07   165s
   2   6.55434666e+08 -6.32515768e+11  5.89e+08 7.40e+02  2.73e+07   168s
   3   7.48621548e+08 -5.00642713e+11  5.18e+08 3.55e+02  1.95e+07   173s
   4   8.46542876e+08 -3.34910639e+11  4.40e+08 1.26e+02  1.26e+07   176s
   5   1.02926787e+09 -2.15820658e+11  3.25e+08 4.15e+01  8.09e+06   181s
   6   1.56746676e+09 -1.41702130e+11  6.38e+07 1.28e+01  1.79e+06   186s
   7   1.64388021e+09 -7.10869194e+10  1.11e+07 3.11e+00  3.40e+05   189s
   8   1.60639253e+09 -4.43618190e+10  3.09e+06 9.10e-01  9.92e+04   192s
   9   1.48573470e+09 -2.48551358e+10  1.01e+06 2.52e-01  3.27e+04   194s
  10   1.16664909e+09 -1.12772436e+10  3.93e+05 5.94e-02  1.14e+04   197s
  11   6.99234248e+08 -8.99893596e+09  1.28e+05 4.03e-02  5.31e+03   200s
  12   4.95587638e+08 -5.95648224e+09  5.10e+04 2.31e-02  2.75e+03   203s
  13   2.61067447e+08 -2.37009798e+09  7.67e+03 6.77e-03  8.24e+02   206s
  14   1.23350087e+08 -5.08997782e+08  9.12e+02 8.97e-04  1.69e+02   209s
  15   3.66980512e+07 -1.77590068e+08  1.27e+02 2.77e-04  5.31e+01   212s
  16   1.51671783e+07 -4.75559092e+07  3.95e+01 3.55e-05  1.51e+01   216s
  17   6.55837935e+06 -2.33985108e+07  1.37e+01 3.97e-12  7.14e+00   220s
  18   3.98365338e+06 -1.41191953e+07  7.52e+00 2.32e-12  4.30e+00   223s
  19   2.52643458e+06 -5.26200688e+06  3.95e+00 2.01e-11  1.85e+00   227s
  20   1.82782929e+06 -3.22431141e+06  2.50e+00 1.15e-11  1.20e+00   232s
  21   1.43118622e+06 -2.04895423e+06  1.76e+00 5.12e-12  8.23e-01   237s
  22   1.18745741e+06 -1.34323667e+06  1.31e+00 1.36e-12  5.99e-01   240s
  23   1.05363108e+06 -8.99417259e+05  1.06e+00 1.59e-12  4.62e-01   243s
  24   9.33408623e+05 -4.88508458e+05  8.47e-01 2.27e-12  3.36e-01   246s
  25   8.37838607e+05 -3.75668722e+05  6.77e-01 5.40e-12  2.87e-01   250s
  26   7.32361184e+05 -1.57510266e+05  4.90e-01 1.71e-13  2.10e-01   255s
  27   6.62477927e+05 -3.51416573e+04  3.67e-01 2.27e-13  1.65e-01   260s
  28   6.18206880e+05  4.62046516e+04  2.89e-01 1.59e-12  1.35e-01   265s
  29   5.90696234e+05  1.00859766e+05  2.42e-01 9.09e-13  1.16e-01   269s
  30   5.76133908e+05  1.47053333e+05  2.17e-01 2.27e-12  1.01e-01   275s
  31   5.47408123e+05  1.86791282e+05  1.67e-01 2.56e-13  8.53e-02   282s
  32   5.22067240e+05  2.38085071e+05  1.29e-01 5.97e-13  6.71e-02   289s
  33   4.97774835e+05  2.76160766e+05  9.58e-02 6.11e-13  5.24e-02   295s
  34   4.87414167e+05  3.01234525e+05  8.25e-02 8.95e-13  4.40e-02   302s
  35   4.74344786e+05  3.21515942e+05  6.67e-02 1.59e-12  3.61e-02   307s
  36   4.63988853e+05  3.46274235e+05  5.47e-02 1.56e-13  2.78e-02   314s
  37   4.56354593e+05  3.64286052e+05  4.60e-02 1.42e-14  2.18e-02   320s
  38   4.49005789e+05  3.70390821e+05  3.79e-02 4.26e-13  1.86e-02   325s
  39   4.43458680e+05  3.74973530e+05  3.17e-02 1.56e-13  1.62e-02   331s
  40   4.39966310e+05  3.81638617e+05  2.77e-02 2.05e-12  1.38e-02   336s
  41   4.36258140e+05  3.84506738e+05  2.36e-02 8.53e-14  1.22e-02   341s
  42   4.33510521e+05  3.87416025e+05  2.06e-02 1.56e-13  1.09e-02   347s
  43   4.31925018e+05  3.91423126e+05  1.87e-02 2.05e-12  9.57e-03   354s
  44   4.29653005e+05  3.94591035e+05  1.59e-02 1.59e-12  8.29e-03   360s
  45   4.28410140e+05  3.95637539e+05  1.44e-02 1.28e-13  7.75e-03   365s
  46   4.26855102e+05  3.99006148e+05  1.25e-02 1.36e-12  6.58e-03   371s
  47   4.25597148e+05  4.00915952e+05  1.10e-02 1.28e-13  5.83e-03   376s
  48   4.24736743e+05  4.02939151e+05  1.00e-02 2.27e-12  5.15e-03   382s
  49   4.23823573e+05  4.04705200e+05  8.91e-03 9.95e-14  4.52e-03   389s
  50   4.22698035e+05  4.05373343e+05  7.62e-03 1.36e-12  4.10e-03   395s
  51   4.22085762e+05  4.06975206e+05  6.89e-03 9.77e-15  3.57e-03   401s
  52   4.21610999e+05  4.07504431e+05  6.34e-03 6.22e-15  3.33e-03   409s
  53   4.20779060e+05  4.08419090e+05  5.32e-03 2.27e-13  2.92e-03   416s
  54   4.20359728e+05  4.09237618e+05  4.83e-03 2.84e-14  2.63e-03   422s
  55   4.19968149e+05  4.09743963e+05  4.39e-03 2.84e-14  2.42e-03   430s
  56   4.19555171e+05  4.10450772e+05  3.92e-03 5.11e-15  2.15e-03   437s
  57   4.19232955e+05  4.11092488e+05  3.56e-03 2.84e-14  1.92e-03   445s
  58   4.18977176e+05  4.11486834e+05  3.28e-03 2.50e-12  1.77e-03   454s
  59   4.18748275e+05  4.12384030e+05  3.04e-03 2.96e-12  1.50e-03   463s
  60   4.18531975e+05  4.12531584e+05  2.80e-03 2.84e-14  1.42e-03   472s
  61   4.18306477e+05  4.12871004e+05  2.57e-03 7.55e-15  1.28e-03   481s
  62   4.18087888e+05  4.13093704e+05  2.34e-03 2.27e-13  1.18e-03   490s
  63   4.17965512e+05  4.13718769e+05  2.21e-03 2.50e-12  1.00e-03   499s
  64   4.17740518e+05  4.13900100e+05  1.98e-03 2.05e-12  9.08e-04   506s
  65   4.17609541e+05  4.14007391e+05  1.85e-03 6.66e-15  8.51e-04   515s
  66   4.17476933e+05  4.14101280e+05  1.71e-03 1.36e-12  7.98e-04   522s
  67   4.17266469e+05  4.14190954e+05  1.50e-03 4.26e-14  7.27e-04   529s
  68   4.17199156e+05  4.14331893e+05  1.43e-03 9.09e-13  6.78e-04   535s
  69   4.17086528e+05  4.14466938e+05  1.32e-03 1.36e-12  6.19e-04   542s
  70   4.16983235e+05  4.14549031e+05  1.21e-03 4.55e-13  5.75e-04   550s
  71   4.16899884e+05  4.14637771e+05  1.13e-03 2.96e-12  5.35e-04   554s
  72   4.16741582e+05  4.14750557e+05  9.68e-04 5.11e-15  4.71e-04   562s
  73   4.16668730e+05  4.14846921e+05  8.94e-04 1.14e-12  4.31e-04   569s
  74   4.16572309e+05  4.14881360e+05  8.00e-04 6.00e-15  4.00e-04   576s
  75   4.16538444e+05  4.14944027e+05  7.67e-04 7.11e-14  3.77e-04   585s
  76   4.16468089e+05  4.14997736e+05  6.97e-04 1.42e-14  3.48e-04   594s
  77   4.16423765e+05  4.15047990e+05  6.54e-04 1.20e-14  3.25e-04   602s
  78   4.16411823e+05  4.15096653e+05  6.42e-04 3.49e-15  3.11e-04   611s
  79   4.16343827e+05  4.15136579e+05  5.76e-04 1.14e-12  2.85e-04   620s
  80   4.16311864e+05  4.15175227e+05  5.44e-04 4.55e-13  2.69e-04   629s
  81   4.16242623e+05  4.15238249e+05  4.75e-04 1.22e-14  2.37e-04   642s
  82   4.16196555e+05  4.15294755e+05  4.29e-04 1.82e-12  2.13e-04   655s
  83   4.16162153e+05  4.15347894e+05  3.96e-04 9.09e-13  1.92e-04   670s
  84   4.16115418e+05  4.15392124e+05  3.50e-04 1.14e-12  1.71e-04   685s
  85   4.16057047e+05  4.15436631e+05  2.93e-04 6.82e-13  1.47e-04   700s
  86   4.16025492e+05  4.15459980e+05  2.63e-04 3.55e-15  1.34e-04   715s
  87   4.16007089e+05  4.15486598e+05  2.45e-04 2.27e-13  1.23e-04   727s
  88   4.15983532e+05  4.15494011e+05  2.23e-04 2.27e-13  1.16e-04   742s
  89   4.15969219e+05  4.15531246e+05  2.09e-04 1.42e-14  1.04e-04   758s
  90   4.15935537e+05  4.15559287e+05  1.78e-04 4.55e-13  8.89e-05   774s
  91   4.15916241e+05  4.15578008e+05  1.59e-04 9.09e-13  7.99e-05   789s
  92   4.15901790e+05  4.15593045e+05  1.44e-04 5.33e-15  7.30e-05   804s
  93   4.15887485e+05  4.15607014e+05  1.31e-04 1.14e-12  6.63e-05   820s
  94   4.15879364e+05  4.15619640e+05  1.23e-04 1.14e-12  6.14e-05   834s
  95   4.15864017e+05  4.15636930e+05  1.09e-04 5.44e-15  5.37e-05   850s
  96   4.15855811e+05  4.15644352e+05  1.01e-04 4.55e-13  5.00e-05   864s
  97   4.15847067e+05  4.15656561e+05  9.31e-05 1.33e-14  4.50e-05   881s
  98   4.15838943e+05  4.15658588e+05  8.55e-05 7.33e-15  4.26e-05   898s
  99   4.15829338e+05  4.15669061e+05  7.65e-05 5.66e-15  3.79e-05   916s
 100   4.15823293e+05  4.15673611e+05  7.09e-05 1.42e-14  3.54e-05   930s
 101   4.15817754e+05  4.15680426e+05  6.57e-05 1.42e-14  3.25e-05   947s
 102   4.15812708e+05  4.15685726e+05  6.10e-05 2.27e-13  3.00e-05   966s
 103   4.15804938e+05  4.15690198e+05  5.37e-05 1.82e-12  2.71e-05   984s
 104   4.15802615e+05  4.15697379e+05  5.15e-05 8.66e-15  2.49e-05  1002s
 105   4.15794648e+05  4.15698744e+05  4.41e-05 1.14e-12  2.27e-05  1021s
 106   4.15789375e+05  4.15706175e+05  3.92e-05 1.42e-14  1.97e-05  1041s
 107   4.15785043e+05  4.15709780e+05  3.51e-05 1.59e-12  1.78e-05  1060s
 108   4.15781465e+05  4.15714907e+05  3.19e-05 4.52e-15  1.57e-05  1080s
 109   4.15779267e+05  4.15717257e+05  2.99e-05 1.42e-14  1.47e-05  1100s
 110   4.15777601e+05  4.15718554e+05  2.84e-05 1.14e-12  1.40e-05  1116s
 111   4.15775275e+05  4.15721448e+05  2.63e-05 2.84e-14  1.27e-05  1135s
 112   4.15774179e+05  4.15722881e+05  2.53e-05 9.09e-13  1.21e-05  1151s
 113   4.15769822e+05  4.15725729e+05  2.14e-05 4.13e-15  1.04e-05  1167s
 114   4.15768658e+05  4.15727306e+05  2.03e-05 2.05e-12  9.77e-06  1188s
 115   4.15767259e+05  4.15729521e+05  1.91e-05 3.55e-15  8.92e-06  1206s
 116   4.15765400e+05  4.15730931e+05  1.74e-05 5.11e-15  8.15e-06  1223s
 117   4.15764257e+05  4.15731298e+05  1.64e-05 1.42e-14  7.79e-06  1237s
 118   4.15763343e+05  4.15731885e+05  1.56e-05 4.66e-15  7.44e-06  1248s
 119   4.15761923e+05  4.15732631e+05  1.43e-05 9.33e-15  6.92e-06  1263s
 120   4.15761017e+05  4.15733549e+05  1.35e-05 5.77e-15  6.49e-06  1277s
 121   4.15758612e+05  4.15734522e+05  1.14e-05 6.82e-13  5.69e-06  1292s
 122   4.15757881e+05  4.15735402e+05  1.08e-05 5.33e-15  5.31e-06  1307s
 123   4.15756659e+05  4.15736766e+05  9.69e-06 7.44e-15  4.70e-06  1320s
 124   4.15755746e+05  4.15737856e+05  8.91e-06 7.55e-15  4.23e-06  1335s
 125   4.15754679e+05  4.15737981e+05  7.96e-06 6.82e-13  3.95e-06  1352s
 126   4.15753655e+05  4.15738718e+05  7.06e-06 4.26e-14  3.53e-06  1366s
 127   4.15753479e+05  4.15738976e+05  6.89e-06 1.82e-12  3.43e-06  1377s
 128   4.15752821e+05  4.15739489e+05  6.32e-06 6.82e-13  3.15e-06  1394s
 129   4.15751873e+05  4.15740366e+05  5.49e-06 1.36e-12  2.72e-06  1417s
 130   4.15751443e+05  4.15741221e+05  5.11e-06 1.36e-12  2.42e-06  1441s
 131   4.15751083e+05  4.15741577e+05  4.79e-06 2.05e-12  2.25e-06  1462s
 132   4.15750388e+05  4.15742026e+05  4.18e-06 1.14e-13  1.98e-06  1481s
 133   4.15749728e+05  4.15742420e+05  3.60e-06 9.09e-13  1.73e-06  1496s
 134   4.15749264e+05  4.15742940e+05  3.19e-06 2.27e-13  1.49e-06  1516s
 135   4.15748966e+05  4.15743122e+05  2.94e-06 9.09e-13  1.38e-06  1531s
 136   4.15748571e+05  4.15743199e+05  2.60e-06 6.82e-13  1.27e-06  1553s
 137   4.15748342e+05  4.15743277e+05  2.39e-06 1.48e-12  1.20e-06  1572s
 138   4.15748082e+05  4.15743512e+05  2.19e-06 2.27e-13  1.08e-06  1591s
 139   4.15747944e+05  4.15743737e+05  2.07e-06 6.82e-13  9.94e-07  1612s
 140   4.15747730e+05  4.15743895e+05  1.89e-06 1.36e-12  9.06e-07  1632s
 141   4.15747526e+05  4.15743957e+05  1.71e-06 1.82e-12  8.44e-07  1652s
 142   4.15747329e+05  4.15744163e+05  1.55e-06 1.14e-12  7.49e-07  1674s
 143   4.15747190e+05  4.15744202e+05  1.43e-06 1.25e-12  7.06e-07  1690s
 144   4.15747112e+05  4.15744303e+05  1.35e-06 2.39e-12  6.64e-07  1715s
 145   4.15746886e+05  4.15744483e+05  1.17e-06 1.25e-12  5.68e-07  1737s
 146   4.15746719e+05  4.15744719e+05  1.03e-06 2.39e-12  4.73e-07  1763s
 147   4.15746458e+05  4.15744832e+05  8.14e-07 2.84e-12  3.85e-07  1790s
 148   4.15746307e+05  4.15744972e+05  6.74e-07 7.96e-13  3.15e-07  1811s
 149   4.15746199e+05  4.15745114e+05  5.73e-07 6.88e-12  2.56e-07  1835s
 150   4.15746146e+05  4.15745175e+05  6.64e-05 4.00e-09  2.29e-07  1853s
 151   4.15746060e+05  4.15745204e+05  1.51e-04 3.30e-09  2.02e-07  1873s
 152   4.15745984e+05  4.15745232e+05  1.96e-04 1.27e-09  1.78e-07  1889s
 153   4.15745918e+05  4.15745260e+05  4.60e-04 9.08e-10  1.56e-07  1911s
 154   4.15745860e+05  4.15745295e+05  3.70e-04 4.25e-10  1.34e-07  1927s
 155   4.15745845e+05  4.15745322e+05  3.61e-04 3.13e-09  1.24e-07  1938s
 156   4.15745828e+05  4.15745324e+05  3.42e-04 3.04e-09  1.19e-07  1959s
 157   4.15745813e+05  4.15745356e+05  3.41e-04 1.25e-08  1.08e-07  1970s
 158   4.15745783e+05  4.15745365e+05  3.05e-04 1.17e-08  9.86e-08  1984s
 159   4.15745772e+05  4.15745371e+05  3.00e-04 1.41e-08  9.47e-08  1995s
 160   4.15745764e+05  4.15745387e+05  2.91e-04 1.59e-08  8.90e-08  2001s
 161   4.15745737e+05  4.15745395e+05  2.60e-04 1.60e-08  8.10e-08  2012s
 162   4.15745708e+05  4.15745405e+05  2.27e-04 3.36e-08  7.16e-08  2030s
 163   4.15745688e+05  4.15745413e+05  2.07e-04 2.89e-08  6.51e-08  2045s
 164   4.15745662e+05  4.15745430e+05  1.76e-04 2.33e-08  5.48e-08  2064s
 165   4.15745646e+05  4.15745434e+05  1.58e-04 2.12e-08  5.00e-08  2077s
 166   4.15745633e+05  4.15745447e+05  1.44e-04 1.75e-08  4.42e-08  2097s
 167   4.15745606e+05  4.15745457e+05  1.01e-04 1.00e-08  3.50e-08  2106s
 168   4.15745588e+05  4.15745465e+05  8.36e-05 6.37e-09  2.91e-08  2117s
 169   4.15745583e+05  4.15745468e+05  7.84e-05 6.85e-09  2.71e-08  2127s
 170   4.15745577e+05  4.15745471e+05  7.35e-05 1.26e-07  2.50e-08  2143s
 171   4.15745572e+05  4.15745473e+05  6.73e-05 1.32e-07  2.35e-08  2155s
 172   4.15745565e+05  4.15745477e+05  6.12e-05 1.10e-07  2.07e-08  2177s
 173   4.15745561e+05  4.15745479e+05  5.81e-05 1.04e-07  1.95e-08  2187s
 174   4.15745557e+05  4.15745482e+05  5.61e-05 9.01e-08  1.76e-08  2197s
 175   4.15745546e+05  4.15745484e+05  4.59e-05 8.10e-08  1.47e-08  2218s
 176   4.15745544e+05  4.15745487e+05  4.46e-05 6.79e-08  1.34e-08  2232s
 177   4.15745538e+05  4.15745488e+05  3.87e-05 6.52e-08  1.18e-08  2246s
 178   4.15745536e+05  4.15745491e+05  3.64e-05 5.15e-08  1.06e-08  2261s
 179   4.15745533e+05  4.15745492e+05  3.23e-05 4.64e-08  9.56e-09  2270s
 180   4.15745531e+05  4.15745494e+05  3.06e-05 4.08e-08  8.93e-09  2280s
 181   4.15745531e+05  4.15745495e+05  2.96e-05 3.43e-08  8.48e-09  2289s
 182   4.15745528e+05  4.15745495e+05  2.64e-05 3.22e-08  7.77e-09  2301s
 183   4.15745525e+05  4.15745496e+05  2.25e-05 3.05e-08  6.93e-09  2308s
 184   4.15745525e+05  4.15745496e+05  2.24e-05 3.04e-08  6.92e-09  2323s
 185   4.15745523e+05  4.15745497e+05  1.95e-05 2.59e-08  6.08e-09  2348s
 186   4.15745522e+05  4.15745497e+05  1.83e-05 6.87e-09  5.76e-09  2361s
 187   4.15745519e+05  4.15745498e+05  1.48e-05 5.25e-09  4.82e-09  2373s
 188   4.15745518e+05  4.15745499e+05  1.41e-05 5.00e-09  4.62e-09  2383s
 189   4.15745518e+05  4.15745499e+05  1.39e-05 4.90e-09  4.57e-09  2391s
 190   4.15745517e+05  4.15745499e+05  1.30e-05 4.42e-09  4.30e-09  2400s
 191   4.15745517e+05  4.15745499e+05  2.03e-05 4.31e-09  4.22e-09  2411s
 192   4.15745515e+05  4.15745499e+05  1.77e-05 4.01e-09  3.75e-09  2418s
 193   4.15745515e+05  4.15745500e+05  1.72e-05 3.53e-09  3.57e-09  2428s
 194   4.15745514e+05  4.15745500e+05  1.58e-05 3.46e-09  3.34e-09  2434s
 195   4.15745514e+05  4.15745500e+05  1.57e-05 3.39e-09  3.29e-09  2444s
 196   4.15745513e+05  4.15745500e+05  1.47e-05 3.14e-09  3.08e-09  2451s
 197   4.15745513e+05  4.15745501e+05  1.37e-05 2.85e-09  2.85e-09  2456s
 198   4.15745512e+05  4.15745501e+05  1.21e-05 2.71e-09  2.57e-09  2461s
 199   4.15745511e+05  4.15745501e+05  1.10e-05 2.50e-09  2.34e-09  2466s
 200   4.15745511e+05  4.15745501e+05  1.30e-05 2.17e-09  2.23e-09  2476s
 201   4.15745510e+05  4.15745501e+05  1.16e-05 1.98e-09  2.00e-09  2481s
 202   4.15745510e+05  4.15745501e+05  1.16e-05 1.96e-09  1.99e-09  2486s

Barrier solved model in 202 iterations and 2486.50 seconds (1469.42 work units)
Optimal objective 4.15745510e+05

