
Gurobi 13.0.2 (linux64) logging started Tue Jul 21 08:22:29 2026

Set parameter LogFile to value "outputs/batch_2007_res_step1/2047_FR_alone/logfile_2047_FR_alone.txt"
Gurobi Optimizer version 13.0.2 build v13.0.2rc1 (linux64 - "CentOS Stream 9")

CPU model: Intel(R) Xeon(R) Gold 6130 CPU @ 2.10GHz, instruction set [SSE2|AVX|AVX2|AVX512]
Thread count: 16 physical cores, 32 logical processors, using up to 32 threads

Non-default parameters:
Method  2
Crossover  0
NumericFocus  3
Presolve  2

Optimize a model with 1007911 rows, 823495 columns and 3978218 nonzeros (Min)
Model fingerprint: 0xe907988a
Model has 210275 linear objective coefficients
Coefficient statistics:
  Matrix range     [1e-04, 1e+02]
  Objective range  [6e-04, 3e+03]
  Bounds range     [0e+00, 0e+00]
  RHS range        [7e-02, 1e+05]

Presolve removed 377430 rows and 260000 columns (presolve time = 8s)...
Presolve removed 380255 rows and 262825 columns (presolve time = 10s)...
Presolve removed 380255 rows and 262825 columns (presolve time = 15s)...
Presolve removed 380255 rows and 262825 columns (presolve time = 20s)...
Presolve removed 578504 rows and 271589 columns (presolve time = 25s)...
Presolve removed 578504 rows and 271589 columns (presolve time = 30s)...
Presolve removed 587264 rows and 271589 columns
Presolve time: 32.72s
Presolved: 420647 rows, 560666 columns, 2435826 nonzeros
Ordering time: 0.48s

Barrier statistics:
 Dense cols : 26
 AA' NZ     : 2.145e+06
 Factor NZ  : 9.938e+06 (roughly 500 MB of memory)
 Factor Ops : 7.240e+08 (less than 1 second per iteration)
 Threads    : 16

                  Objective                Residual
Iter       Primal          Dual         Primal    Dual     Compl     Time
   0   9.76755358e+07 -7.85185973e+11  1.65e+08 1.08e-13  3.70e+07    35s
   1   1.04676594e+08 -6.37017821e+11  1.55e+08 5.64e+02  3.06e+07    39s
   2   1.15993475e+08 -4.22197209e+11  1.34e+08 1.47e+02  2.12e+07    46s
   3   1.46529714e+08 -2.59905261e+11  8.35e+07 4.72e+01  1.52e+07    53s
   4   1.54254807e+08 -2.10044011e+11  7.38e+07 3.48e+01  1.33e+07    57s
   5   2.26799194e+08 -1.40098126e+11  2.17e+07 1.68e+01  4.16e+06    61s
   6   2.66417853e+08 -5.37971223e+10  3.28e+06 3.89e+00  6.77e+05    67s
   7   2.60138942e+08 -2.10079219e+10  6.36e+05 6.66e-01  1.37e+05    71s
   8   2.21082099e+08 -9.25356949e+09  1.97e+05 1.10e-01  4.06e+04    75s
   9   1.66524761e+08 -5.06368297e+09  8.27e+04 3.22e-02  1.67e+04    83s
  10   1.18432271e+08 -4.22060383e+09  3.61e+04 2.27e-02  9.30e+03    91s
  11   8.94924573e+07 -3.35979956e+09  1.61e+04 1.54e-02  5.59e+03   101s
  12   6.09179114e+07 -1.64473347e+09  4.99e+03 5.19e-03  2.27e+03   117s
  13   2.87993967e+07 -5.72919079e+08  1.49e+03 1.29e-08  7.07e+02   124s
  14   5.24200986e+06 -1.03856372e+08  1.48e+02 4.48e-10  1.17e+02   127s
  15   9.61457059e+05 -1.07857459e+07  2.41e+01 2.35e-09  1.23e+01   135s
  16   4.76862307e+05 -1.22661716e+06  1.09e+01 1.83e-10  1.77e+00   137s
  17   3.30660962e+05 -3.66820650e+05  6.94e+00 4.57e-11  7.25e-01   145s
  18   2.30322088e+05 -2.08546218e+05  4.20e+00 3.30e-11  4.56e-01   149s
  19   1.65001393e+05 -8.92278858e+04  2.48e+00 2.11e-11  2.64e-01   163s
  20   1.27812341e+05 -3.04330492e+04  1.46e+00 1.20e-11  1.64e-01   174s
  21   1.07366396e+05 -7.24749800e+03  9.29e-01 9.37e-12  1.19e-01   182s
  22   9.75412784e+04  7.71965752e+03  6.85e-01 7.90e-12  9.32e-02   189s
  23   9.21506153e+04  1.69493729e+04  5.67e-01 5.66e-12  7.80e-02   193s
  24   8.65939317e+04  2.49730723e+04  4.67e-01 5.69e-12  6.40e-02   196s
  25   8.19427962e+04  3.33136957e+04  3.77e-01 3.43e-12  5.05e-02   204s
  26   7.81869361e+04  3.77407666e+04  3.03e-01 3.22e-12  4.20e-02   210s
  27   7.48685542e+04  4.18683995e+04  2.41e-01 2.59e-12  3.42e-02   215s
  28   7.15257227e+04  4.67236254e+04  1.78e-01 1.90e-12  2.57e-02   219s
  29   6.99361444e+04  5.07423051e+04  1.48e-01 2.73e-12  1.99e-02   225s
  30   6.78451271e+04  5.41451355e+04  1.10e-01 9.57e-13  1.42e-02   241s
  31   6.64443436e+04  5.59033936e+04  8.52e-02 7.77e-13  1.09e-02   257s
  32   6.57852720e+04  5.70103355e+04  7.38e-02 1.36e-12  9.11e-03   273s
  33   6.50436807e+04  5.76642721e+04  6.08e-02 5.61e-13  7.66e-03   290s
  34   6.46111899e+04  5.81096532e+04  5.31e-02 4.34e-13  6.75e-03   304s
  35   6.43291088e+04  5.82835274e+04  4.81e-02 4.81e-13  6.27e-03   320s
  36   6.41826791e+04  5.84950754e+04  4.56e-02 1.36e-12  5.90e-03   329s
  37   6.40488127e+04  5.86552736e+04  4.32e-02 2.27e-12  5.60e-03   345s
  38   6.38764470e+04  5.89253788e+04  4.02e-02 4.81e-13  5.14e-03   350s
  39   6.36464574e+04  5.90399513e+04  3.61e-02 2.73e-12  4.78e-03   366s
  40   6.34775277e+04  5.92581981e+04  3.31e-02 2.53e-13  4.38e-03   371s
  41   6.33778661e+04  5.94371852e+04  3.12e-02 1.59e-12  4.09e-03   382s
  42   6.31773517e+04  5.95826747e+04  2.76e-02 3.21e-13  3.73e-03   389s
  43   6.30608768e+04  5.97194506e+04  2.55e-02 2.60e-13  3.47e-03   398s
  44   6.30307146e+04  5.98701102e+04  2.49e-02 9.09e-13  3.28e-03   407s
  45   6.28474999e+04  5.99829950e+04  2.14e-02 2.50e-13  2.97e-03   418s
  46   6.28083792e+04  6.00379365e+04  2.06e-02 2.29e-13  2.87e-03   428s
  47   6.27328570e+04  6.01092410e+04  1.92e-02 1.59e-12  2.72e-03   432s
  48   6.26880267e+04  6.02055348e+04  1.83e-02 1.54e-13  2.58e-03   437s
  49   6.25458145e+04  6.03532717e+04  1.55e-02 1.93e-13  2.28e-03   442s
  50   6.24474554e+04  6.05973122e+04  1.35e-02 1.78e-13  1.92e-03   446s
  51   6.23902848e+04  6.08169821e+04  1.22e-02 3.18e-12  1.63e-03   458s
  52   6.22952230e+04  6.09262825e+04  1.01e-02 9.77e-14  1.42e-03   463s
  53   6.22090891e+04  6.11170945e+04  8.23e-03 1.36e-12  1.13e-03   477s
  54   6.21686009e+04  6.11809781e+04  7.41e-03 4.55e-13  1.02e-03   481s
  55   6.21148463e+04  6.12594331e+04  6.34e-03 8.17e-14  8.88e-04   494s
  56   6.20941389e+04  6.12959536e+04  5.94e-03 8.97e-14  8.28e-04   499s
  57   6.20762057e+04  6.13204861e+04  5.59e-03 2.27e-13  7.84e-04   515s
  58   6.20624760e+04  6.13390142e+04  5.32e-03 6.82e-13  7.51e-04   524s
  59   6.20390123e+04  6.13845208e+04  4.88e-03 9.68e-14  6.79e-04   539s
  60   6.20051915e+04  6.14334448e+04  4.25e-03 5.77e-14  5.93e-04   552s
  61   6.19828623e+04  6.14721190e+04  3.83e-03 2.27e-13  5.30e-04   568s
  62   6.19407124e+04  6.14921672e+04  3.06e-03 5.51e-14  4.65e-04   574s
  63   6.19234793e+04  6.15070075e+04  2.75e-03 1.17e-13  4.32e-04   587s
  64   6.19031592e+04  6.15301451e+04  2.37e-03 2.05e-12  3.87e-04   600s
  65   6.18939689e+04  6.15485764e+04  2.21e-03 4.09e-14  3.58e-04   612s
  66   6.18786453e+04  6.15611322e+04  1.94e-03 2.05e-12  3.29e-04   624s
  67   6.18740613e+04  6.15807905e+04  1.86e-03 1.10e-13  3.04e-04   647s
  68   6.18712686e+04  6.15907502e+04  1.81e-03 2.27e-12  2.91e-04   665s
  69   6.18636769e+04  6.16050158e+04  1.68e-03 9.95e-14  2.68e-04   683s
  70   6.18551655e+04  6.16168430e+04  1.53e-03 2.27e-13  2.47e-04   697s
  71   6.18445183e+04  6.16240531e+04  1.34e-03 7.37e-14  2.29e-04   717s
  72   6.18374849e+04  6.16322104e+04  1.22e-03 4.00e-14  2.13e-04   725s
  73   6.18318802e+04  6.16473624e+04  1.13e-03 2.05e-12  1.91e-04   730s
  74   6.18292229e+04  6.16521546e+04  1.09e-03 1.60e-14  1.84e-04   743s
  75   6.18268203e+04  6.16573096e+04  1.05e-03 1.14e-12  1.76e-04   754s
  76   6.18204716e+04  6.16629715e+04  9.51e-04 9.95e-14  1.63e-04   766s
  77   6.18172359e+04  6.16721504e+04  9.00e-04 2.96e-12  1.51e-04   779s
  78   6.18151923e+04  6.16736347e+04  8.68e-04 1.24e-13  1.47e-04   789s
  79   6.18107666e+04  6.16771248e+04  7.99e-04 1.59e-12  1.39e-04   802s
  80   6.18090265e+04  6.16821875e+04  7.71e-04 9.09e-13  1.32e-04   815s
  81   6.18047518e+04  6.16859423e+04  7.03e-04 3.60e-14  1.23e-04   823s
  82   6.18038637e+04  6.16942035e+04  6.87e-04 4.77e-12  1.14e-04   835s
  83   6.17968136e+04  6.16968828e+04  5.81e-04 4.66e-15  1.04e-04   851s
  84   6.17943118e+04  6.17008275e+04  5.44e-04 6.31e-14  9.70e-05   865s
  85   6.17930479e+04  6.17027209e+04  5.22e-04 1.14e-12  9.37e-05   881s
  86   6.17892712e+04  6.17084663e+04  4.66e-04 4.55e-13  8.39e-05   898s
  87   6.17864982e+04  6.17179678e+04  4.26e-04 2.27e-12  7.11e-05   914s
  88   6.17821031e+04  6.17206277e+04  3.65e-04 3.55e-14  6.38e-05   929s
  89   6.17794231e+04  6.17249209e+04  3.29e-04 2.05e-12  5.66e-05   944s
  90   6.17774370e+04  6.17280467e+04  3.02e-04 2.05e-12  5.13e-05   959s
  91   6.17759004e+04  6.17316716e+04  2.81e-04 4.09e-14  4.59e-05   974s
  92   6.17726361e+04  6.17350442e+04  2.38e-04 4.97e-14  3.90e-05   987s
  93   6.17699228e+04  6.17375555e+04  2.02e-04 9.09e-13  3.36e-05   999s
  94   6.17690436e+04  6.17398740e+04  1.90e-04 6.22e-14  3.03e-05  1015s
  95   6.17683941e+04  6.17413499e+04  1.82e-04 9.09e-13  2.81e-05  1032s
  96   6.17672589e+04  6.17424923e+04  1.67e-04 4.26e-14  2.57e-05  1048s
  97   6.17664987e+04  6.17425903e+04  1.57e-04 1.07e-13  2.48e-05  1062s
  98   6.17649706e+04  6.17437938e+04  1.37e-04 8.17e-14  2.20e-05  1077s
  99   6.17644701e+04  6.17447489e+04  1.30e-04 3.38e-14  2.05e-05  1090s
 100   6.17637838e+04  6.17449160e+04  1.21e-04 6.04e-14  1.96e-05  1117s
 101   6.17632160e+04  6.17453623e+04  1.14e-04 4.09e-14  1.85e-05  1130s
 102   6.17626077e+04  6.17460523e+04  1.06e-04 2.27e-13  1.72e-05  1149s
 103   6.17621013e+04  6.17469657e+04  9.96e-05 2.44e-14  1.57e-05  1168s
 104   6.17607310e+04  6.17480042e+04  8.27e-05 4.55e-13  1.32e-05  1185s
 105   6.17598947e+04  6.17488000e+04  7.23e-05 6.82e-13  1.15e-05  1205s
 106   6.17586130e+04  6.17501845e+04  5.64e-05 3.18e-12  8.75e-06  1226s
 107   6.17578201e+04  6.17515637e+04  4.68e-05 7.46e-14  6.49e-06  1239s
 108   6.17574898e+04  6.17518159e+04  4.28e-05 9.59e-14  5.89e-06  1249s
 109   6.17572379e+04  6.17518979e+04  3.98e-05 1.36e-12  5.54e-06  1277s
 110   6.17567682e+04  6.17520808e+04  3.44e-05 7.11e-14  4.86e-06  1297s
 111   6.17566647e+04  6.17522402e+04  3.32e-05 4.53e-14  4.59e-06  1326s
 112   6.17561072e+04  6.17523309e+04  2.64e-05 4.09e-12  3.92e-06  1346s
 113   6.17559296e+04  6.17524971e+04  2.43e-05 1.07e-13  3.56e-06  1362s
 114   6.17557911e+04  6.17526963e+04  2.26e-05 9.09e-13  3.21e-06  1375s
 115   6.17556190e+04  6.17527982e+04  2.06e-05 7.82e-14  2.93e-06  1393s
 116   6.17554692e+04  6.17529917e+04  1.88e-05 3.91e-14  2.57e-06  1408s
 117   6.17552261e+04  6.17530237e+04  1.60e-05 1.53e-13  2.29e-06  1425s
 118   6.17550937e+04  6.17531857e+04  1.45e-05 3.55e-14  1.98e-06  1448s
 119   6.17548571e+04  6.17533907e+04  1.17e-05 1.59e-12  1.52e-06  1473s
 120   6.17547916e+04  6.17534908e+04  1.09e-05 2.50e-12  1.35e-06  1502s
 121   6.17547227e+04  6.17535133e+04  1.01e-05 2.31e-14  1.25e-06  1528s
 122   6.17546926e+04  6.17535164e+04  9.78e-06 8.97e-14  1.22e-06  1563s
 123   6.17546112e+04  6.17535391e+04  8.84e-06 3.38e-14  1.11e-06  1599s
 124   6.17544964e+04  6.17536342e+04  7.50e-06 4.55e-13  8.95e-07  1628s
 125   6.17543580e+04  6.17536960e+04  5.92e-06 2.27e-12  6.87e-07  1651s
 126   6.17542341e+04  6.17537459e+04  4.50e-06 9.29e-13  5.07e-07  1693s
 127   6.17540539e+04  6.17537829e+04  2.41e-06 7.96e-13  2.81e-07  1728s
 128   6.17540032e+04  6.17538150e+04  3.78e-06 9.38e-13  1.95e-07  1740s
 129   6.17539778e+04  6.17538234e+04  2.98e-06 2.92e-11  1.60e-07  1751s
 130   6.17539640e+04  6.17538270e+04  2.69e-06 2.07e-11  1.42e-07  1775s
 131   6.17539192e+04  6.17538285e+04  1.06e-05 1.76e-11  9.40e-08  1795s
 132   6.17538534e+04  6.17538334e+04  4.71e-06 2.52e-11  2.07e-08  1808s
 133   6.17538465e+04  6.17538351e+04  6.21e-06 6.58e-12  1.18e-08  1820s
 134   6.17538376e+04  6.17538357e+04  3.53e-06 1.43e-10  1.98e-09  1829s
 135   6.17538361e+04  6.17538358e+04  5.59e-07 5.21e-11  3.10e-10  1836s

Barrier solved model in 135 iterations and 1835.91 seconds (238.10 work units)
Optimal objective 6.17538361e+04

