
Gurobi 13.0.2 (linux64) logging started Tue Jul 21 17:11:59 2026

Set parameter LogFile to value "outputs/batch_2007_res_step1/2051_FR_alone/logfile_2051_FR_alone.txt"
Gurobi Optimizer version 13.0.2 build v13.0.2rc1 (linux64 - "CentOS Stream 9")

CPU model: Intel(R) Xeon(R) Gold 6130 CPU @ 2.10GHz, instruction set [SSE2|AVX|AVX2|AVX512]
Thread count: 16 physical cores, 32 logical processors, using up to 32 threads

Non-default parameters:
Method  2
Crossover  0
NumericFocus  3
Presolve  2

Optimize a model with 1007911 rows, 823495 columns and 3978234 nonzeros (Min)
Model fingerprint: 0x9fa3cd57
Model has 210275 linear objective coefficients
Coefficient statistics:
  Matrix range     [1e-04, 1e+02]
  Objective range  [6e-04, 3e+03]
  Bounds range     [0e+00, 0e+00]
  RHS range        [7e-02, 1e+05]

Presolve removed 377440 rows and 260000 columns (presolve time = 9s)...
Presolve removed 380265 rows and 262825 columns (presolve time = 10s)...
Presolve removed 380265 rows and 262825 columns (presolve time = 15s)...
Presolve removed 380265 rows and 262825 columns (presolve time = 20s)...
Presolve removed 578504 rows and 271589 columns (presolve time = 25s)...
Presolve removed 578504 rows and 271589 columns (presolve time = 30s)...
Presolve removed 587264 rows and 271589 columns
Presolve time: 34.39s
Presolved: 420647 rows, 560666 columns, 2435842 nonzeros
Ordering time: 0.51s

Barrier statistics:
 Dense cols : 26
 AA' NZ     : 2.145e+06
 Factor NZ  : 9.704e+06 (roughly 500 MB of memory)
 Factor Ops : 6.317e+08 (less than 1 second per iteration)
 Threads    : 16

                  Objective                Residual
Iter       Primal          Dual         Primal    Dual     Compl     Time
   0   9.66623378e+07 -7.85180147e+11  1.63e+08 1.08e-13  3.65e+07    37s
   1   1.04395846e+08 -6.32765733e+11  1.52e+08 5.57e+02  2.99e+07    40s
   2   1.14673053e+08 -4.21475022e+11  1.33e+08 1.55e+02  2.13e+07    44s
   3   1.49700706e+08 -2.41961378e+11  7.92e+07 4.00e+01  1.34e+07    48s
   4   2.33522261e+08 -1.58854521e+11  3.65e+07 2.36e+01  6.43e+06    51s
   5   2.88414968e+08 -6.24007840e+10  6.60e+06 5.17e+00  1.22e+06    54s
   6   2.91226091e+08 -2.22561147e+10  1.23e+06 7.83e-01  2.30e+05    56s
   7   2.51751916e+08 -1.00473925e+10  3.33e+05 1.24e-01  6.11e+04    59s
   8   1.92612629e+08 -7.27795407e+09  1.44e+05 6.60e-02  2.86e+04    62s
   9   1.47577178e+08 -4.61694252e+09  6.10e+04 3.03e-02  1.30e+04    64s
  10   1.17442362e+08 -4.33857243e+09  3.17e+04 2.75e-02  8.88e+03    66s
  11   9.03281531e+07 -2.23378085e+09  1.33e+04 9.50e-03  3.83e+03    71s
  12   5.49161607e+07 -1.20151371e+09  3.64e+03 3.58e-03  1.63e+03    75s
  13   2.14411515e+07 -2.83304467e+08  6.43e+02 7.03e-09  3.43e+02    79s
  14   3.21677724e+06 -3.91632024e+07  7.61e+01 4.48e-10  4.49e+01    84s
  15   8.17376124e+05 -4.97557342e+06  1.79e+01 1.29e-10  6.04e+00    86s
  16   4.98442877e+05 -1.00387887e+06  1.02e+01 3.32e-11  1.56e+00    89s
  17   3.77676867e+05 -6.18076207e+05  7.30e+00 2.06e-11  1.04e+00    92s
  18   3.11053707e+05 -3.08408101e+05  5.74e+00 1.18e-11  6.44e-01    96s
  19   2.54154968e+05 -2.31257184e+05  4.36e+00 9.89e-12  5.04e-01   100s
  20   2.32738547e+05 -2.18826251e+05  3.87e+00 9.16e-12  4.69e-01   102s
  21   1.99016470e+05 -1.58144874e+05  3.09e+00 7.54e-12  3.71e-01   110s
  22   1.57036187e+05 -7.56520013e+04  2.16e+00 4.87e-12  2.42e-01   117s
  23   1.33486880e+05 -2.79269943e+04  1.58e+00 3.19e-12  1.68e-01   122s
  24   1.09669906e+05 -2.66596726e+03  9.92e-01 2.28e-12  1.17e-01   129s
  25   9.46415847e+04  1.39329864e+04  6.40e-01 1.75e-12  8.38e-02   133s
  26   8.93087010e+04  2.25360408e+04  5.15e-01 2.05e-12  6.93e-02   136s
  27   8.78647277e+04  2.41094123e+04  4.83e-01 1.67e-12  6.62e-02   139s
  28   8.40115540e+04  3.07708001e+04  4.06e-01 1.20e-12  5.53e-02   140s
  29   7.99349965e+04  3.85336850e+04  3.26e-01 8.81e-13  4.30e-02   146s
  30   7.57529029e+04  4.34831760e+04  2.41e-01 6.32e-13  3.35e-02   151s
  31   7.30401864e+04  4.76672633e+04  1.88e-01 5.28e-13  2.63e-02   155s
  32   7.09367294e+04  5.03090097e+04  1.48e-01 4.37e-13  2.14e-02   163s
  33   6.87228054e+04  5.28748843e+04  1.07e-01 9.09e-13  1.64e-02   171s
  34   6.71598390e+04  5.59910491e+04  7.76e-02 2.31e-13  1.16e-02   179s
  35   6.62716911e+04  5.77792599e+04  6.15e-02 2.43e-13  8.81e-03   185s
  36   6.56436124e+04  5.83552643e+04  5.03e-02 4.00e-14  7.56e-03   189s
  37   6.53069288e+04  5.89341549e+04  4.43e-02 2.27e-12  6.61e-03   196s
  38   6.49613861e+04  5.93048699e+04  3.80e-02 1.59e-12  5.87e-03   203s
  39   6.46640371e+04  5.98376611e+04  3.23e-02 1.63e-13  5.01e-03   206s
  40   6.45471011e+04  6.00552735e+04  3.02e-02 1.65e-13  4.66e-03   211s
  41   6.44465037e+04  6.01842244e+04  2.84e-02 1.36e-12  4.42e-03   215s
  42   6.43444937e+04  6.03110167e+04  2.65e-02 9.09e-13  4.19e-03   219s
  43   6.42155379e+04  6.05157463e+04  2.40e-02 1.82e-12  3.84e-03   225s
  44   6.41223708e+04  6.06707215e+04  2.23e-02 1.90e-13  3.58e-03   230s
  45   6.39969511e+04  6.08783804e+04  2.01e-02 5.15e-14  3.24e-03   236s
  46   6.38953789e+04  6.10581333e+04  1.83e-02 3.11e-14  2.94e-03   241s
  47   6.37828512e+04  6.12135566e+04  1.62e-02 1.88e-13  2.67e-03   247s
  48   6.36773787e+04  6.13169143e+04  1.42e-02 2.27e-12  2.45e-03   252s
  49   6.35695953e+04  6.14347059e+04  1.21e-02 1.42e-13  2.22e-03   258s
  50   6.35210501e+04  6.14980789e+04  1.10e-02 7.46e-14  2.10e-03   263s
  51   6.34752869e+04  6.16009308e+04  1.01e-02 2.17e-13  1.95e-03   267s
  52   6.34374045e+04  6.17211224e+04  9.28e-03 1.59e-12  1.78e-03   272s
  53   6.33865361e+04  6.18183341e+04  8.18e-03 2.70e-13  1.63e-03   276s
  54   6.33600937e+04  6.18788208e+04  7.63e-03 2.27e-13  1.54e-03   280s
  55   6.33035501e+04  6.19776067e+04  6.47e-03 1.78e-14  1.38e-03   288s
  56   6.32500414e+04  6.21805098e+04  5.38e-03 3.91e-14  1.11e-03   292s
  57   6.32152552e+04  6.22403608e+04  4.72e-03 2.05e-12  1.01e-03   296s
  58   6.32045086e+04  6.23222758e+04  4.52e-03 1.59e-12  9.16e-04   300s
  59   6.31591755e+04  6.24095463e+04  3.70e-03 9.77e-14  7.78e-04   305s
  60   6.31349798e+04  6.24697255e+04  3.27e-03 1.49e-13  6.90e-04   310s
  61   6.31091693e+04  6.25810045e+04  2.80e-03 3.18e-12  5.48e-04   316s
  62   6.30917137e+04  6.26439172e+04  2.51e-03 2.84e-14  4.65e-04   322s
  63   6.30616866e+04  6.26659166e+04  2.02e-03 1.05e-13  4.11e-04   327s
  64   6.30500293e+04  6.26953621e+04  1.83e-03 2.49e-14  3.68e-04   332s
  65   6.30405857e+04  6.27247907e+04  1.69e-03 6.82e-13  3.28e-04   340s
  66   6.30309636e+04  6.27524068e+04  1.53e-03 1.56e-13  2.89e-04   344s
  67   6.30193612e+04  6.27808187e+04  1.35e-03 4.55e-13  2.48e-04   350s
  68   6.30136147e+04  6.28111296e+04  1.26e-03 3.55e-14  2.10e-04   357s
  69   6.30018161e+04  6.28252287e+04  1.08e-03 9.41e-14  1.83e-04   363s
  70   6.29910286e+04  6.28287941e+04  9.30e-04 1.36e-12  1.68e-04   372s
  71   6.29843893e+04  6.28450032e+04  8.36e-04 2.40e-14  1.45e-04   377s
  72   6.29818499e+04  6.28500489e+04  8.01e-04 1.59e-12  1.37e-04   386s
  73   6.29735445e+04  6.28648709e+04  6.87e-04 5.68e-14  1.13e-04   393s
  74   6.29682709e+04  6.28682966e+04  6.16e-04 4.55e-13  1.04e-04   399s
  75   6.29620710e+04  6.28750577e+04  5.33e-04 5.33e-14  9.03e-05   406s
  76   6.29569779e+04  6.28842799e+04  4.63e-04 2.73e-12  7.54e-05   412s
  77   6.29520257e+04  6.28895552e+04  3.98e-04 3.55e-14  6.48e-05   419s
  78   6.29504778e+04  6.28951181e+04  3.78e-04 9.09e-13  5.74e-05   429s
  79   6.29467093e+04  6.28995828e+04  3.30e-04 1.36e-12  4.89e-05   438s
  80   6.29448539e+04  6.29011393e+04  3.07e-04 1.59e-12  4.54e-05   447s
  81   6.29433760e+04  6.29014385e+04  2.88e-04 1.07e-13  4.35e-05   455s
  82   6.29418145e+04  6.29026991e+04  2.69e-04 1.60e-14  4.06e-05   464s
  83   6.29410403e+04  6.29049825e+04  2.59e-04 1.36e-12  3.74e-05   468s
  84   6.29397002e+04  6.29060823e+04  2.41e-04 7.11e-14  3.49e-05   479s
  85   6.29365623e+04  6.29073157e+04  2.02e-04 4.55e-13  3.03e-05   486s
  86   6.29348533e+04  6.29091339e+04  1.81e-04 2.40e-14  2.67e-05   498s
  87   6.29339619e+04  6.29101196e+04  1.70e-04 2.27e-13  2.47e-05   508s
  88   6.29328045e+04  6.29113780e+04  1.55e-04 4.53e-14  2.22e-05   519s
  89   6.29313852e+04  6.29118692e+04  1.37e-04 4.97e-14  2.03e-05   527s
  90   6.29300499e+04  6.29123324e+04  1.21e-04 5.15e-14  1.84e-05   535s
  91   6.29292479e+04  6.29136935e+04  1.11e-04 1.36e-12  1.61e-05   543s
  92   6.29290910e+04  6.29139878e+04  1.09e-04 7.11e-14  1.57e-05   551s
  93   6.29286997e+04  6.29141610e+04  1.04e-04 7.11e-15  1.51e-05   557s
  94   6.29273831e+04  6.29143018e+04  8.78e-05 1.82e-12  1.36e-05   569s
  95   6.29265765e+04  6.29146877e+04  7.80e-05 1.36e-12  1.23e-05   581s
  96   6.29263150e+04  6.29147946e+04  7.48e-05 4.55e-13  1.20e-05   594s
  97   6.29257975e+04  6.29153643e+04  6.86e-05 7.99e-14  1.08e-05   606s
  98   6.29252387e+04  6.29156684e+04  6.19e-05 1.36e-12  9.93e-06   618s
  99   6.29248385e+04  6.29159913e+04  5.71e-05 8.88e-14  9.18e-06   632s
 100   6.29244269e+04  6.29165639e+04  5.19e-05 4.55e-13  8.16e-06   648s
 101   6.29237853e+04  6.29171544e+04  4.41e-05 6.82e-13  6.88e-06   661s
 102   6.29228822e+04  6.29173895e+04  3.32e-05 9.41e-14  5.70e-06   674s
 103   6.29227457e+04  6.29176438e+04  3.16e-05 3.41e-12  5.29e-06   686s
 104   6.29224969e+04  6.29178681e+04  2.85e-05 4.26e-14  4.80e-06   696s
 105   6.29222783e+04  6.29180136e+04  2.58e-05 2.05e-12  4.43e-06   706s
 106   6.29221304e+04  6.29181573e+04  2.40e-05 2.66e-14  4.12e-06   718s
 107   6.29219456e+04  6.29182452e+04  2.18e-05 3.64e-14  3.84e-06   735s
 108   6.29218198e+04  6.29183918e+04  2.03e-05 6.82e-13  3.56e-06   748s
 109   6.29216829e+04  6.29184672e+04  1.87e-05 1.17e-13  3.34e-06   758s
 110   6.29216109e+04  6.29187000e+04  1.78e-05 2.05e-12  3.02e-06   772s
 111   6.29214602e+04  6.29188781e+04  1.60e-05 2.05e-12  2.68e-06   784s
 112   6.29214120e+04  6.29189882e+04  1.55e-05 6.31e-14  2.52e-06   796s
 113   6.29213020e+04  6.29190420e+04  1.42e-05 1.36e-12  2.35e-06   810s
 114   6.29212525e+04  6.29190628e+04  1.37e-05 1.59e-12  2.27e-06   820s
 115   6.29211258e+04  6.29191395e+04  1.22e-05 7.82e-14  2.06e-06   832s
 116   6.29210470e+04  6.29192458e+04  1.13e-05 4.44e-14  1.87e-06   843s
 117   6.29209263e+04  6.29193003e+04  9.91e-06 6.82e-13  1.69e-06   851s
 118   6.29208646e+04  6.29193565e+04  9.20e-06 1.12e-13  1.57e-06   864s
 119   6.29207678e+04  6.29194615e+04  8.08e-06 1.82e-12  1.36e-06   883s
 120   6.29207187e+04  6.29195702e+04  7.51e-06 2.27e-13  1.19e-06   899s
 121   6.29206485e+04  6.29196369e+04  6.68e-06 6.82e-13  1.05e-06   919s
 122   6.29206187e+04  6.29197165e+04  6.34e-06 1.82e-12  9.36e-07   927s
 123   6.29205190e+04  6.29197456e+04  5.18e-06 2.24e-13  8.03e-07   944s
 124   6.29204339e+04  6.29197696e+04  4.20e-06 6.82e-13  6.89e-07   959s
 125   6.29203962e+04  6.29197932e+04  3.79e-06 3.45e-13  6.26e-07   971s
 126   6.29203752e+04  6.29198451e+04  3.56e-06 5.34e-13  5.50e-07   980s
 127   6.29203146e+04  6.29198577e+04  2.88e-06 1.87e-11  4.74e-07   985s
 128   6.29202833e+04  6.29198902e+04  3.06e-05 1.04e-11  4.08e-07   992s
 129   6.29202539e+04  6.29199068e+04  2.72e-05 8.35e-11  3.60e-07  1000s
 130   6.29202460e+04  6.29199276e+04  2.62e-05 7.29e-10  3.30e-07  1009s
 131   6.29202005e+04  6.29199480e+04  1.90e-05 5.14e-10  2.62e-07  1015s
 132   6.29201800e+04  6.29199711e+04  1.56e-05 4.11e-10  2.17e-07  1029s
 133   6.29201486e+04  6.29199803e+04  1.25e-05 3.89e-10  1.75e-07  1037s
 134   6.29201435e+04  6.29199829e+04  1.15e-05 3.82e-10  1.67e-07  1045s
 135   6.29201343e+04  6.29199948e+04  7.99e-06 3.31e-10  1.45e-07  1050s
 136   6.29201264e+04  6.29200151e+04  9.67e-06 8.05e-10  1.16e-07  1056s
 137   6.29201089e+04  6.29200186e+04  5.50e-06 7.54e-10  9.36e-08  1065s
 138   6.29200926e+04  6.29200576e+04  1.11e-05 8.62e-12  3.64e-08  1074s
 139   6.29200733e+04  6.29200687e+04  8.19e-06 1.36e-12  4.78e-09  1081s
 140   6.29200704e+04  6.29200699e+04  9.23e-07 1.25e-12  5.11e-10  1087s

Barrier solved model in 140 iterations and 1087.20 seconds (254.65 work units)
Optimal objective 6.29200704e+04

