
Gurobi 13.0.2 (linux64) logging started Wed Jul 22 19:57:56 2026

Set parameter LogFile to value "outputs/batch_2207_res_step3/2050_FR_interconnected/logfile_2050_FR_interconnected.txt"
Gurobi Optimizer version 13.0.2 build v13.0.2rc1 (linux64 - "CentOS Stream 9")

CPU model: Intel(R) Xeon(R) Gold 6130 CPU @ 2.10GHz, instruction set [SSE2|AVX|AVX2|AVX512]
Thread count: 16 physical cores, 32 logical processors, using up to 32 threads

Non-default parameters:
Method  2
Crossover  0
NumericFocus  3
Presolve  2

Optimize a model with 9050884 rows, 6658150 columns and 26752301 nonzeros (Min)
Model fingerprint: 0x5ca3e6e1
Model has 1393190 linear objective coefficients
Coefficient statistics:
  Matrix range     [1e-04, 1e+02]
  Objective range  [6e-04, 3e+03]
  Bounds range     [0e+00, 0e+00]
  RHS range        [3e-02, 1e+05]

Presolve removed 7658520 rows and 3979325 columns (presolve time = 5s)...
Presolve removed 7921038 rows and 4434682 columns (presolve time = 10s)...
Presolve removed 8017415 rows and 4443678 columns (presolve time = 15s)...
Presolve removed 8017426 rows and 4443688 columns (presolve time = 20s)...
Presolve removed 8026186 rows and 4443688 columns
Presolve time: 22.74s
Presolved: 1024698 rows, 2223222 columns, 5683584 nonzeros
Ordering time: 0.67s

Barrier statistics:
 AA' NZ     : 1.909e+06
 Factor NZ  : 1.677e+07 (roughly 1.0 GB of memory)
 Factor Ops : 2.031e+09 (less than 1 second per iteration)
 Threads    : 16

                  Objective                Residual
Iter       Primal          Dual         Primal    Dual     Compl     Time
   0   2.57438468e+10 -3.79983118e+11  1.15e+08 5.09e-14  6.70e+06    32s
   1   3.00772899e+10 -1.46549939e+11  2.40e+07 4.61e+01  1.41e+06    33s
   2   2.41576628e+10 -4.37877600e+10  3.70e+06 1.36e-12  2.23e+05    35s
   3   8.78257359e+09 -2.46170015e+10  6.57e+05 1.76e+00  4.45e+04    37s
   4   3.45839535e+09 -1.42886945e+10  2.12e+05 1.14e-12  1.54e+04    38s
   5   1.70069987e+09 -6.61542106e+09  9.84e+04 1.14e-12  6.34e+03    39s
   6   5.87650911e+08 -3.25006356e+09  3.28e+04 1.15e-12  2.14e+03    40s
   7   2.23352366e+08 -2.78620216e+09  1.18e+04 1.16e-12  1.20e+03    41s
   8   7.32388459e+07 -1.69416182e+09  3.29e+03 9.09e-13  5.74e+02    42s
   9   5.23008312e+07 -1.36628291e+09  2.27e+03 1.02e-12  4.45e+02    44s
  10   2.17547833e+07 -9.74572841e+08  5.67e+02 1.14e-12  2.90e+02    45s
  11   1.17807143e+07 -1.62490254e+08  9.36e+01 1.25e-12  4.96e+01    46s
  12   7.42098492e+06 -5.53405127e+07  4.22e+01 6.54e-13  1.78e+01    48s
  13   4.06758203e+06 -2.85366965e+07  2.18e+01 3.69e-13  9.22e+00    50s
  14   2.99709001e+06 -1.55017088e+07  1.61e+01 2.13e-13  5.23e+00    51s
  15   1.72011400e+06 -9.91895917e+06  9.65e+00 1.56e-13  3.29e+00    53s
  16   1.37230067e+06 -7.04526146e+06  7.85e+00 1.24e-13  2.38e+00    55s
  17   9.43829943e+05 -5.72152422e+06  5.45e+00 9.95e-14  1.88e+00    57s
  18   8.49034924e+05 -4.38684175e+06  4.81e+00 7.82e-14  1.48e+00    59s
  19   6.88639392e+05 -3.36109015e+06  3.45e+00 5.86e-14  1.14e+00    61s
  20   6.47277694e+05 -2.67678513e+06  2.94e+00 5.15e-14  9.38e-01    64s
  21   6.00743843e+05 -1.65361510e+06  2.31e+00 3.46e-14  6.36e-01    67s
  22   5.13233204e+05 -8.78024632e+04  2.38e-01 2.04e-14  1.70e-01    69s
  23   4.95103701e+05  5.72313640e+04  2.50e-02 1.44e-14  1.24e-01    71s
  24   4.90892974e+05  1.39957538e+05  9.92e-03 1.20e-14  9.90e-02    74s
  25   4.86056433e+05  1.95342316e+05  6.70e-03 9.99e-15  8.20e-02    76s
  26   4.81050356e+05  2.25984696e+05  4.68e-03 8.66e-15  7.20e-02    77s
  27   4.77170929e+05  2.53971008e+05  3.85e-03 7.88e-15  6.30e-02    79s
  28   4.75406797e+05  2.91322136e+05  3.54e-03 6.00e-15  5.19e-02    81s
  29   4.67012732e+05  3.16224627e+05  2.66e-03 5.00e-15  4.25e-02    83s
  30   4.60710239e+05  3.31434079e+05  1.85e-03 4.33e-15  3.65e-02    85s
  31   4.55800966e+05  3.55258916e+05  1.35e-03 3.83e-15  2.84e-02    88s
  32   4.54289350e+05  3.78649185e+05  1.22e-03 2.61e-15  2.13e-02    91s
  33   4.57928070e+05  4.15033643e+05  3.25e-04 1.36e-15  1.21e-02    94s
  34   4.54323208e+05  4.32786438e+05  8.06e-05 7.91e-16  6.08e-03    97s
  35   4.53433735e+05  4.34662990e+05  3.93e-05 7.49e-16  5.30e-03    99s
  36   4.52897895e+05  4.36840464e+05  2.47e-05 6.25e-16  4.53e-03   101s
  37   4.52663289e+05  4.37637914e+05  2.26e-05 5.41e-16  4.24e-03   103s
  38   4.52554141e+05  4.39435664e+05  2.15e-05 4.79e-16  3.70e-03   105s
  39   4.52502270e+05  4.40027924e+05  2.11e-05 4.65e-16  3.52e-03   106s
  40   4.51705796e+05  4.40913569e+05  1.56e-05 3.96e-16  3.04e-03   108s
  41   4.50992033e+05  4.41717385e+05  1.15e-05 3.54e-16  2.62e-03   111s
  42   4.50529896e+05  4.43476497e+05  9.15e-06 2.64e-16  1.99e-03   115s
  43   4.50154336e+05  4.45151477e+05  7.60e-06 1.73e-16  1.41e-03   119s
  44   4.49901780e+05  4.46173173e+05  6.47e-06 1.68e-16  1.05e-03   122s
  45   4.49657193e+05  4.46691670e+05  5.40e-06 1.51e-16  8.37e-04   126s
  46   4.49440985e+05  4.47010336e+05  4.44e-06 1.41e-16  6.86e-04   130s
  47   4.49308746e+05  4.47169026e+05  3.86e-06 1.50e-16  6.04e-04   134s
  48   4.49250572e+05  4.47384001e+05  3.57e-06 1.55e-16  5.27e-04   138s
  49   4.49169171e+05  4.47493757e+05  3.11e-06 2.03e-16  4.73e-04   141s
  50   4.49126416e+05  4.47569385e+05  2.87e-06 1.80e-16  4.39e-04   145s
  51   4.49077182e+05  4.47677268e+05  2.59e-06 1.71e-16  3.95e-04   148s
  52   4.49001140e+05  4.47818499e+05  2.18e-06 1.70e-16  3.34e-04   152s
  53   4.48924982e+05  4.47935966e+05  1.81e-06 1.53e-16  2.79e-04   156s
  54   4.48865074e+05  4.48012508e+05  1.54e-06 1.52e-16  2.41e-04   160s
  55   4.48814944e+05  4.48067355e+05  1.30e-06 1.45e-16  2.11e-04   163s
  56   4.48783032e+05  4.48131564e+05  1.15e-06 1.44e-16  1.84e-04   166s
  57   4.48755337e+05  4.48215006e+05  1.02e-06 1.45e-16  1.52e-04   169s
  58   4.48731148e+05  4.48246511e+05  8.98e-07 1.53e-16  1.37e-04   173s
  59   4.48714687e+05  4.48287506e+05  8.19e-07 1.52e-16  1.21e-04   176s
  60   4.48702349e+05  4.48320375e+05  7.59e-07 1.54e-16  1.08e-04   179s
  61   4.48694539e+05  4.48341425e+05  7.16e-07 1.66e-16  9.96e-05   181s
  62   4.48674897e+05  4.48359829e+05  6.19e-07 1.82e-16  8.89e-05   184s
  63   4.48658348e+05  4.48386464e+05  5.37e-07 1.93e-16  7.67e-05   188s
  64   4.48643965e+05  4.48415818e+05  4.69e-07 1.55e-16  6.44e-05   192s
  65   4.48637102e+05  4.48425206e+05  4.38e-07 1.53e-16  5.98e-05   197s
  66   4.48625861e+05  4.48440802e+05  3.84e-07 1.53e-16  5.22e-05   203s
  67   4.48620108e+05  4.48450257e+05  3.58e-07 1.62e-16  4.79e-05   208s
  68   4.48612472e+05  4.48457979e+05  3.20e-07 1.65e-16  4.36e-05   213s
  69   4.48606136e+05  4.48463754e+05  2.92e-07 1.56e-16  4.02e-05   220s
  70   4.48601761e+05  4.48468701e+05  2.72e-07 1.73e-16  3.75e-05   225s
  71   4.48587916e+05  4.48484985e+05  2.14e-07 1.83e-16  2.90e-05   232s
  72   4.48567790e+05  4.48512365e+05  1.20e-07 1.38e-16  1.56e-05   238s
  73   4.48560015e+05  4.48522451e+05  8.53e-08 1.30e-16  1.06e-05   244s
  74   4.48551876e+05  4.48528732e+05  4.96e-08 9.91e-17  6.53e-06   249s
  75   4.48546705e+05  4.48531358e+05  2.56e-08 1.58e-16  4.33e-06   254s
  76   4.48545802e+05  4.48534762e+05  2.18e-08 1.26e-16  3.11e-06   257s
  77   4.48543744e+05  4.48536062e+05  1.31e-08 1.19e-16  2.17e-06   260s
  78   4.48543026e+05  4.48537206e+05  8.85e-09 1.47e-16  1.64e-06   263s
  79   4.48542598e+05  4.48538325e+05  6.32e-09 1.31e-14  1.21e-06   266s
  80   4.48542130e+05  4.48539202e+05  6.97e-09 5.46e-15  8.26e-07   269s
  81   4.48541759e+05  4.48539596e+05  3.62e-09 3.30e-15  6.10e-07   272s
  82   4.48541396e+05  4.48539954e+05  4.60e-09 2.91e-15  4.07e-07   276s
  83   4.48541221e+05  4.48540146e+05  2.26e-09 1.89e-15  3.03e-07   280s
  84   4.48541124e+05  4.48540285e+05  2.33e-09 2.23e-15  2.37e-07   284s
  85   4.48541019e+05  4.48540346e+05  6.23e-10 1.69e-15  1.90e-07   289s
  86   4.48540963e+05  4.48540440e+05  5.09e-10 1.27e-15  1.48e-07   295s
  87   4.48540905e+05  4.48540492e+05  8.15e-10 1.92e-13  1.16e-07   299s
  88   4.48540862e+05  4.48540538e+05  1.82e-09 1.49e-13  9.15e-08   303s
  89   4.48540826e+05  4.48540572e+05  6.84e-10 1.19e-13  7.18e-08   307s
  90   4.48540811e+05  4.48540590e+05  7.57e-10 1.30e-13  6.21e-08   311s
  91   4.48540800e+05  4.48540608e+05  1.34e-09 1.11e-13  5.42e-08   316s
  92   4.48540792e+05  4.48540635e+05  2.36e-10 1.21e-13  4.42e-08   321s
  93   4.48540779e+05  4.48540646e+05  1.30e-09 1.06e-13  3.75e-08   325s
  94   4.48540769e+05  4.48540658e+05  9.46e-10 8.49e-14  3.11e-08   332s
  95   4.48540756e+05  4.48540669e+05  6.40e-10 5.89e-13  2.45e-08   335s
  96   4.48540749e+05  4.48540682e+05  8.45e-09 3.62e-12  1.89e-08   338s
  97   4.48540743e+05  4.48540687e+05  2.25e-08 4.43e-12  1.56e-08   340s
  98   4.48540734e+05  4.48540694e+05  2.02e-08 3.97e-12  1.15e-08   343s
  99   4.48540730e+05  4.48540699e+05  1.51e-08 3.46e-12  8.62e-09   347s
 100   4.48540725e+05  4.48540705e+05  8.72e-09 2.46e-12  5.58e-09   350s
 101   4.48540721e+05  4.48540707e+05  1.53e-08 1.95e-12  3.99e-09   353s
 102   4.48540719e+05  4.48540709e+05  1.89e-08 1.45e-12  2.74e-09   356s
 103   4.48540717e+05  4.48540711e+05  1.37e-08 9.45e-13  1.78e-09   358s
 104   4.48540716e+05  4.48540712e+05  9.59e-09 4.90e-13  1.12e-09   365s
 105   4.48540715e+05  4.48540713e+05  7.58e-09 2.22e-13  6.85e-10   368s
 106   4.48540714e+05  4.48540713e+05  4.87e-09 2.57e-13  3.18e-10   371s
 107   4.48540713e+05  4.48540713e+05  3.88e-09 2.88e-13  1.12e-10   373s
 108   4.48540713e+05  4.48540713e+05  3.83e-09 1.47e-13  3.15e-11   375s
 109   4.48540713e+05  4.48540713e+05  1.39e-08 5.89e-14  9.05e-12   377s

Barrier solved model in 109 iterations and 376.75 seconds (232.40 work units)
Optimal objective 4.48540713e+05


Gurobi 13.0.2 (linux64) logging started Thu Jul 23 12:01:58 2026

Set parameter LogFile to value "outputs/batch_2207_res_step3/2050_FR_interconnected/logfile_2050_FR_interconnected.txt"
Gurobi Optimizer version 13.0.2 build v13.0.2rc1 (linux64 - "CentOS Stream 9")

CPU model: Intel(R) Xeon(R) Gold 6130 CPU @ 2.10GHz, instruction set [SSE2|AVX|AVX2|AVX512]
Thread count: 16 physical cores, 32 logical processors, using up to 32 threads

Non-default parameters:
Method  2
Crossover  0
NumericFocus  3
Presolve  2

Optimize a model with 9050884 rows, 6658150 columns and 26752301 nonzeros (Min)
Model fingerprint: 0xc106ac35
Model has 1393190 linear objective coefficients
Coefficient statistics:
  Matrix range     [1e-04, 1e+02]
  Objective range  [6e-04, 3e+03]
  Bounds range     [0e+00, 0e+00]
  RHS range        [3e-02, 1e+05]

Presolve removed 7684905 rows and 4023253 columns (presolve time = 5s)...
Presolve removed 7947371 rows and 4478558 columns (presolve time = 10s)...
Presolve removed 7956131 rows and 4478558 columns (presolve time = 15s)...
Presolve removed 8043759 rows and 4487636 columns (presolve time = 20s)...
Presolve removed 8052519 rows and 4487636 columns
Presolve time: 23.34s
Presolved: 998365 rows, 2179274 columns, 5551541 nonzeros
Ordering time: 3.37s

Barrier statistics:
 AA' NZ     : 1.813e+06
 Factor NZ  : 1.258e+07 (roughly 1.0 GB of memory)
 Factor Ops : 5.427e+08 (less than 1 second per iteration)
 Threads    : 16

                  Objective                Residual
Iter       Primal          Dual         Primal    Dual     Compl     Time
   0   2.57528312e+10 -3.79281179e+11  1.15e+08 5.09e-14  6.73e+06    35s
   1   3.00665487e+10 -1.45491326e+11  2.50e+07 4.49e+01  1.47e+06    37s
   2   2.41702367e+10 -4.35753566e+10  3.83e+06 1.25e-12  2.31e+05    38s
   3   8.33231813e+09 -2.41117465e+10  6.52e+05 1.80e+00  4.43e+04    40s
   4   3.23207087e+09 -1.39639800e+10  2.05e+05 1.14e-12  1.51e+04    42s
   5   1.59508548e+09 -6.42206186e+09  9.55e+04 1.15e-12  6.20e+03    43s
   6   5.47725664e+08 -3.38105805e+09  3.16e+04 1.39e-12  2.18e+03    44s
   7   2.12358781e+08 -2.78551873e+09  1.16e+04 1.16e-12  1.22e+03    45s
   8   7.79932821e+07 -1.71015937e+09  3.57e+03 1.14e-12  6.01e+02    46s
   9   5.68582634e+07 -1.37938514e+09  2.53e+03 1.02e-12  4.67e+02    47s
  10   2.32828699e+07 -9.54583276e+08  5.91e+02 7.96e-13  2.92e+02    48s
  11   1.28589669e+07 -1.72605203e+08  1.28e+02 1.31e-12  5.42e+01    50s
  12   7.97280310e+06 -5.86460603e+07  5.70e+01 7.11e-13  1.94e+01    51s
  13   4.31205203e+06 -2.97121441e+07  2.68e+01 4.41e-13  9.87e+00    53s
  14   3.09980376e+06 -1.57853907e+07  1.98e+01 2.27e-13  5.48e+00    55s
  15   1.93874391e+06 -1.06234216e+07  1.31e+01 1.42e-13  3.64e+00    57s
  16   1.32428587e+06 -7.24369500e+06  9.19e+00 9.95e-14  2.48e+00    60s
  17   9.47377822e+05 -5.79544538e+06  6.63e+00 8.17e-14  1.95e+00    62s
  18   8.59000365e+05 -4.34747593e+06  5.91e+00 6.39e-14  1.51e+00    64s
  19   7.67017853e+05 -3.45923991e+06  5.00e+00 5.51e-14  1.22e+00    66s
  20   6.56757223e+05 -2.69721579e+06  3.69e+00 4.09e-14  9.71e-01    68s
  21   6.23049569e+05 -2.17671534e+06  3.18e+00 3.91e-14  8.10e-01    71s
  22   5.28684213e+05 -3.65253440e+05  8.91e-01 2.04e-14  2.59e-01    74s
  23   4.97431848e+05  1.66193715e+04  8.83e-02 1.27e-14  1.39e-01    77s
  24   4.91370467e+05  5.48794346e+04  1.38e-02 1.09e-14  1.26e-01    79s
  25   4.88529799e+05  8.32222247e+04  9.89e-03 1.04e-14  1.17e-01    82s
  26   4.85051520e+05  1.78482448e+05  5.94e-03 8.22e-15  8.87e-02    83s
  27   4.80438392e+05  2.30336441e+05  3.83e-03 6.00e-15  7.24e-02    85s
  28   4.77172516e+05  2.61190248e+05  3.15e-03 5.11e-15  6.25e-02    87s
  29   4.68217360e+05  2.92126356e+05  2.59e-03 4.22e-15  5.09e-02    88s
  30   4.63707545e+05  3.15423043e+05  2.05e-03 3.55e-15  4.29e-02    90s
  31   4.57882575e+05  3.23620005e+05  1.43e-03 3.44e-15  3.88e-02    92s
  32   4.54224397e+05  3.50849711e+05  1.11e-03 2.66e-15  2.99e-02    95s
  33   4.53292243e+05  3.70427990e+05  1.04e-03 2.22e-15  2.40e-02    99s
  34   4.56292392e+05  4.11868974e+05  2.70e-04 1.25e-15  1.29e-02   103s
  35   4.53272624e+05  4.30590975e+05  6.03e-05 6.80e-16  6.56e-03   107s
  36   4.52594894e+05  4.32469643e+05  3.23e-05 5.97e-16  5.82e-03   110s
  37   4.51920803e+05  4.35483412e+05  1.98e-05 4.72e-16  4.76e-03   112s
  38   4.51402126e+05  4.36789470e+05  1.63e-05 4.30e-16  4.23e-03   114s
  39   4.50930362e+05  4.38037623e+05  1.34e-05 3.89e-16  3.73e-03   116s
  40   4.50495012e+05  4.39554061e+05  1.10e-05 3.33e-16  3.17e-03   117s
  41   4.50144074e+05  4.40435716e+05  9.30e-06 2.98e-16  2.81e-03   119s
  42   4.49959328e+05  4.41192439e+05  8.47e-06 2.78e-16  2.54e-03   121s
  43   4.49662226e+05  4.42475971e+05  7.34e-06 2.23e-16  2.08e-03   124s
  44   4.49285704e+05  4.44472743e+05  5.93e-06 1.88e-16  1.39e-03   128s
  45   4.48939009e+05  4.45694231e+05  4.67e-06 1.32e-16  9.39e-04   132s
  46   4.48780387e+05  4.46077171e+05  4.11e-06 1.35e-16  7.82e-04   136s
  47   4.48613018e+05  4.46389617e+05  3.49e-06 1.44e-16  6.43e-04   140s
  48   4.48520476e+05  4.46638196e+05  3.16e-06 1.36e-16  5.45e-04   144s
  49   4.48444202e+05  4.46770397e+05  2.86e-06 1.41e-16  4.84e-04   148s
  50   4.48369329e+05  4.46861189e+05  2.52e-06 1.56e-16  4.36e-04   152s
  51   4.48308886e+05  4.46956285e+05  2.24e-06 1.58e-16  3.91e-04   156s
  52   4.48234770e+05  4.47084686e+05  1.90e-06 1.58e-16  3.33e-04   160s
  53   4.48164513e+05  4.47194849e+05  1.59e-06 1.51e-16  2.81e-04   164s
  54   4.48075561e+05  4.47287213e+05  1.23e-06 1.36e-16  2.28e-04   168s
  55   4.48020468e+05  4.47352036e+05  1.01e-06 1.57e-16  1.93e-04   172s
  56   4.47982517e+05  4.47402744e+05  8.60e-07 1.39e-16  1.68e-04   176s
  57   4.47957086e+05  4.47434925e+05  7.59e-07 1.47e-16  1.51e-04   180s
  58   4.47929517e+05  4.47478899e+05  6.46e-07 1.74e-16  1.30e-04   184s
  59   4.47914851e+05  4.47518397e+05  5.83e-07 1.47e-16  1.15e-04   188s
  60   4.47901359e+05  4.47552332e+05  5.30e-07 1.46e-16  1.01e-04   192s
  61   4.47881403e+05  4.47575414e+05  4.47e-07 1.42e-16  8.85e-05   196s
  62   4.47869446e+05  4.47588216e+05  3.96e-07 1.75e-16  8.14e-05   200s
  63   4.47861405e+05  4.47609849e+05  3.61e-07 1.55e-16  7.28e-05   204s
  64   4.47856931e+05  4.47628800e+05  3.38e-07 1.52e-16  6.60e-05   210s
  65   4.47843900e+05  4.47648512e+05  2.86e-07 1.50e-16  5.65e-05   215s
  66   4.47834505e+05  4.47667999e+05  2.49e-07 1.62e-16  4.82e-05   221s
  67   4.47823225e+05  4.47698433e+05  2.06e-07 1.22e-16  3.61e-05   228s
  68   4.47812324e+05  4.47708031e+05  1.63e-07 1.26e-16  3.02e-05   235s
  69   4.47807648e+05  4.47711950e+05  1.44e-07 1.29e-16  2.77e-05   242s
  70   4.47803980e+05  4.47717325e+05  1.33e-07 1.39e-16  2.51e-05   249s
  71   4.47800703e+05  4.47721452e+05  1.20e-07 1.94e-16  2.29e-05   255s
  72   4.47797069e+05  4.47730230e+05  1.08e-07 1.39e-16  1.93e-05   262s
  73   4.47792941e+05  4.47736585e+05  9.02e-08 1.39e-16  1.63e-05   268s
  74   4.47789007e+05  4.47741405e+05  7.67e-08 1.35e-16  1.38e-05   275s
  75   4.47783690e+05  4.47751677e+05  5.59e-08 1.36e-16  9.26e-06   283s
  76   4.47778421e+05  4.47758810e+05  3.76e-08 1.26e-16  5.67e-06   291s
  77   4.47773462e+05  4.47761465e+05  1.89e-08 1.33e-16  3.47e-06   299s
  78   4.47770377e+05  4.47764692e+05  6.75e-09 1.25e-16  1.64e-06   305s
  79   4.47769568e+05  4.47766113e+05  6.30e-09 8.96e-15  1.00e-06   309s
  80   4.47769139e+05  4.47766621e+05  2.71e-09 5.96e-15  7.29e-07   313s
  81   4.47768904e+05  4.47767143e+05  3.41e-09 4.08e-15  5.10e-07   317s
  82   4.47768610e+05  4.47767402e+05  7.59e-10 9.86e-15  3.49e-07   320s
  83   4.47768495e+05  4.47767605e+05  2.04e-09 7.74e-15  2.58e-07   325s
  84   4.47768404e+05  4.47767728e+05  2.14e-09 6.90e-15  1.96e-07   329s
  85   4.47768347e+05  4.47767811e+05  6.84e-10 6.17e-15  1.55e-07   334s
  86   4.47768285e+05  4.47767859e+05  1.00e-09 4.90e-15  1.23e-07   339s
  87   4.47768251e+05  4.47767921e+05  2.98e-09 3.72e-15  9.56e-08   344s
  88   4.47768212e+05  4.47767964e+05  1.27e-09 2.80e-15  7.17e-08   350s
  89   4.47768190e+05  4.47767990e+05  5.53e-10 2.31e-15  5.81e-08   355s
  90   4.47768182e+05  4.47768009e+05  2.40e-10 1.95e-15  5.01e-08   361s
  91   4.47768170e+05  4.47768024e+05  1.00e-09 1.27e-14  4.22e-08   366s
  92   4.47768159e+05  4.47768040e+05  1.60e-09 1.26e-14  3.43e-08   371s
  93   4.47768153e+05  4.47768051e+05  2.33e-10 1.04e-14  2.94e-08   378s
  94   4.47768142e+05  4.47768066e+05  1.59e-09 7.78e-15  2.19e-08   385s
  95   4.47768137e+05  4.47768076e+05  1.32e-09 3.30e-14  1.75e-08   388s
  96   4.47768131e+05  4.47768081e+05  1.00e-09 4.46e-14  1.46e-08   396s
  97   4.47768128e+05  4.47768090e+05  2.12e-09 1.74e-13  1.11e-08   400s
  98   4.47768125e+05  4.47768095e+05  2.56e-09 5.32e-13  8.73e-09   403s
  99   4.47768123e+05  4.47768097e+05  1.66e-08 8.33e-13  7.31e-09   406s
 100   4.47768120e+05  4.47768100e+05  2.19e-08 1.55e-12  5.80e-09   408s
 101   4.47768117e+05  4.47768102e+05  1.85e-08 1.66e-12  4.44e-09   410s
 102   4.47768116e+05  4.47768103e+05  1.39e-08 1.66e-12  3.61e-09   412s
 103   4.47768113e+05  4.47768105e+05  8.72e-09 2.23e-12  2.40e-09   415s
 104   4.47768112e+05  4.47768105e+05  7.61e-09 2.05e-12  1.88e-09   417s
 105   4.47768111e+05  4.47768106e+05  6.91e-09 1.42e-12  1.54e-09   419s
 106   4.47768110e+05  4.47768107e+05  3.45e-09 8.71e-13  9.09e-10   421s
 107   4.47768109e+05  4.47768107e+05  1.00e-08 4.60e-13  6.56e-10   425s
 108   4.47768109e+05  4.47768107e+05  1.19e-08 3.98e-13  5.01e-10   427s
 109   4.47768109e+05  4.47768107e+05  8.51e-09 3.20e-13  4.18e-10   429s
 110   4.47768108e+05  4.47768107e+05  1.27e-07 2.95e-13  2.71e-10   432s
 111   4.47768108e+05  4.47768107e+05  1.67e-07 2.94e-13  2.48e-10   434s
 112   4.47768108e+05  4.47768107e+05  1.53e-07 4.63e-12  2.27e-10   436s
 113   4.47768108e+05  4.47768108e+05  6.61e-07 1.95e-12  8.17e-11   437s
 114   4.47768108e+05  4.47768108e+05  1.60e-08 1.60e-12  3.91e-11   439s
 115   4.47768108e+05  4.47768108e+05  3.19e-08 1.42e-12  3.65e-11   442s
 116   4.47768108e+05  4.47768108e+05  4.13e-07 4.45e-13  1.45e-11   443s

Barrier solved model in 116 iterations and 443.49 seconds (228.30 work units)
Optimal objective 4.47768110e+05

