type_jour,saison,0,1,2,3,4,5,6,7,8,9,10,11,12,13,14,15,16,17,18,19,20,21,22,23
lun,DJF,0.039076573049422976,0.03809778096503898,0.037169259690459484,0.03557891092062745,0.034746543905182774,0.03564116831897475,0.03858491099268176,0.04264538511283773,0.044500056788532145,0.0446875691467155,0.04470098560985973,0.04464757588523873,0.045060356720511806,0.044843104371152444,0.04369390468886249,0.042526823127348554,0.04210599352570183,0.04300224901718563,0.04495410656745987,0.04648095565011079,0.0447434264193014,0.04187222093069613,0.04054290452104724,0.04009723407504984
lun,MAM,0.039736201851135626,0.038441794983291665,0.037156270489378126,0.03548218210145507,0.03462066524998776,0.035762382524922115,0.03892358190748414,0.042932752653814105,0.04482259409680822,0.045301083447330255,0.045132424523038235,0.04512926435211654,0.045629012273331694,0.04555167444386959,0.04417030753165495,0.04267925833097657,0.04204109870699924,0.04163526307255395,0.04249832864300329,0.04452757725607804,0.043808407398518254,0.041831340687643034,0.04122012688075513,0.04096640659385438
lun,JJA,0.04045474055643988,0.03783791033647772,0.03597668760652163,0.03417790722803549,0.03357181982016305,0.0344713950916687,0.0366805478309244,0.039884411632824225,0.0423634529050619,0.04372409885804264,0.04465742518646411,0.04553863392256253,0.04673482300223176,0.04721884070232626,0.04600882234621156,0.04486881538473067,0.04420238324202741,0.04370733954539874,0.04398971672808203,0.04475194772970756,0.043533418637599026,0.04155466617093443,0.04177955037643999,0.042310645159124284
lun,SON,0.03920642546861352,0.03738098309429012,0.035866983911546205,0.034016071180482346,0.033333537714787816,0.03461299197831395,0.038000942160649,0.04254322969698524,0.04410624874019557,0.044551450925856814,0.04489879519172081,0.04522626622874383,0.045982184344998345,0.045966679090553055,0.044712070914836116,0.0434581759499351,0.04277658065511943,0.04293586540698093,0.04439363855177501,0.04624000537485851,0.04534661117708861,0.04255408513623711,0.04104129362611118,0.040848883479321384
mar_jeu,DJF,0.0405847350962647,0.03927954407994909,0.03823751811998362,0.03666069126415316,0.035800647378970554,0.0364545594318616,0.039091673324427104,0.04281747428174946,0.04442006798633745,0.04444437224781514,0.04433481180845931,0.04435270989056826,0.044615173240806126,0.04428221834790936,0.04309835751686291,0.04199591441674154,0.041657325808395554,0.04255478692726197,0.04446154539012202,0.04579860777415532,0.044142963481739766,0.041356723347476254,0.039986660688906744,0.03957091814908298
mar_jeu,MAM,0.041871291960377,0.040020068840374325,0.038639613525848986,0.03692152343736653,0.03602445007291143,0.03676373817471946,0.0395046326673174,0.04301998842432117,0.044639867988863186,0.044952560000201605,0.044668875209704445,0.04461348313194315,0.04502514979267466,0.04489090260954788,0.043494846648559196,0.04209267601751115,0.041259224208657345,0.04093223874566926,0.04175717684664152,0.043674054125441245,0.04305177859514636,0.04118698902264816,0.04060342503580463,0.04039144491775008
mar_jeu,JJA,0.04228802031765378,0.03947428083252777,0.037658823437218894,0.03595645406614006,0.03522267681925846,0.03571763924008511,0.03746101402092338,0.04021620332762732,0.04233107299956024,0.043553257064546186,0.0441821969271645,0.044925358948260136,0.04603724054404036,0.04638426804914239,0.045198447051925224,0.04407281564859012,0.04339706107466655,0.0430110206464729,0.043279764391341916,0.04384547612601056,0.04261819410512555,0.040668135395141185,0.04096892358750901,0.04153165537906822
mar_jeu,SON,0.04107198319300929,0.038885981043829954,0.03728649101118847,0.03561128454369743,0.034868302879993526,0.03567762108711277,0.03868701202787678,0.042758232438224936,0.04405499830821716,0.04435638770954976,0.04440226602769781,0.04462009139949708,0.045276329410285386,0.045106081072352096,0.04376853922801238,0.0426106245939955,0.04209012528564561,0.04231468816118862,0.043635638160661176,0.045450313930043215,0.044642257055746135,0.04202509560552221,0.040539269024423036,0.04026038680222954
ven,DJF,0.040933036592326756,0.03966620562248281,0.03861320282051173,0.03706121517369018,0.03625972172992112,0.0368845840202445,0.039478920873939505,0.04311310040484035,0.0449032919674933,0.04475877348169784,0.04452272445349802,0.04449742517409396,0.044669423429883615,0.04432643928985817,0.042897099500354224,0.0416479423493297,0.04122758157980576,0.04207072217349367,0.04389161835933258,0.044787957903971484,0.04339314852049465,0.0409352705732395,0.039924678330972775,0.03953591567452383
ven,MAM,0.04197300614403663,0.040272213992574336,0.03884129798370252,0.03711404591503756,0.03625718868592008,0.036998334758662266,0.03966253774048113,0.0430025182420223,0.044547700754019794,0.044984512394475554,0.044807040957544814,0.04478709754457016,0.04520166604275938,0.04510125501035538,0.043498512264161,0.04191926550525989,0.04116717052977979,0.040893758083119666,0.04161277324697792,0.04292018288194172,0.04242262521632011,0.04089617167118551,0.04065237380053016,0.040466750634562475
ven,JJA,0.042859108504758735,0.03995783177456512,0.03808004962210941,0.03640985201204298,0.035623179256011946,0.036118210893052616,0.03773563588507207,0.0405476361296972,0.042664591888836055,0.043846968067008316,0.044503147190957756,0.04510155165174119,0.046167807956032515,0.04640218118354759,0.04491317836548505,0.043796541586184,0.043097557924891214,0.042564370304456624,0.0427640990513964,0.04306445290574578,0.04170235004403098,0.040135076794586166,0.04067160301470329,0.04127301799308701
ven,SON,0.04151405541499571,0.03934257258380186,0.03763823583483,0.03598088806456932,0.03523562751663306,0.03604967948841726,0.03905431497331314,0.043054576666141424,0.04437788300890455,0.044615393346519025,0.044680830316973306,0.0448379811983874,0.0453559657174338,0.04527246653784838,0.04368907149190577,0.04241495314208229,0.04166193542806044,0.04187451802413158,0.043018508514262636,0.044212366479028736,0.04383668260043562,0.04163722100670674,0.04044188486197608,0.04020238778264205
sam_pont,DJF,0.04357961246056803,0.041963734882910705,0.04054562318020891,0.03864794102908599,0.03735762960471546,0.03725081087896071,0.03846253156472344,0.040247114996181825,0.04190344566338756,0.04325896657014114,0.043895937713626314,0.044013968967297736,0.04448944733675107,0.04466004763407924,0.04273403486111258,0.0413658659103644,0.040729280711459176,0.041564997683654126,0.043429408842503736,0.04429058396231412,0.04320406258981872,0.04128204049318494,0.040497083330875705,0.040625829132074166
sam_pont,MAM,0.04464298598979819,0.04244597369937981,0.04075288996787646,0.038652662427027654,0.03741061707055253,0.03749328964839603,0.0388194489238713,0.04056495719598515,0.042467819257158805,0.04387820584601294,0.044237989780725066,0.04428630950291116,0.04501897588377616,0.045393270544290924,0.04322272003904197,0.04157275414644483,0.04053309570236824,0.040132059755154326,0.04085612176578959,0.04214349576454642,0.042002962777322864,0.04098154651562282,0.041127177710823866,0.041362670085123045
sam_pont,JJA,0.04588619232582019,0.04265228402680592,0.04049635473074179,0.03831060022078834,0.03715653982644876,0.03691873730723205,0.03727245435193268,0.0385678222085681,0.04052191424108098,0.04250986202459369,0.04349296163519333,0.044171054138635084,0.04542560450311716,0.04624682124764477,0.04414695915881232,0.04280838813368814,0.04202476951800434,0.04163631978218447,0.042195845060673344,0.0423492480015046,0.0415313611506294,0.040383182911932054,0.04113726043769662,0.042157463056272014
sam_pont,SON,0.04472903296714847,0.042040057053730165,0.04015777709158026,0.038077800946016586,0.036914136044978466,0.03686327579539245,0.03810607662313114,0.040078629464545774,0.04142246091726185,0.04318717633892535,0.043912610884118325,0.04411623965305489,0.045054817177783354,0.04548826791698479,0.043217591739965616,0.04165328439305615,0.040762381318162344,0.04092954098491076,0.04240778543562696,0.04367179048246128,0.043511902656237535,0.04170581299525587,0.04085267166129773,0.041138879458373905
dim_jf,DJF,0.04408430495156189,0.0426371415819751,0.04115982726147259,0.03905903936411574,0.037558414258212304,0.03711242879446255,0.03768795820739749,0.03863209512784205,0.039835400247080835,0.041046435477925775,0.04265203136484181,0.043617791250905064,0.04448627874498018,0.04478873895747558,0.04237387272121118,0.040832201805089945,0.040307941802001195,0.04135512719043182,0.043643562813240895,0.04528329669273248,0.04478699028083418,0.04303896788779009,0.04211283056550832,0.04190732265091113
dim_jf,MAM,0.046147585271922566,0.04378812766247298,0.04188441201224876,0.039600556171550116,0.0379835077855716,0.037572221037924576,0.03777875856139653,0.03834385102217038,0.03967779707100812,0.0415870692464404,0.042841384024814536,0.04372860468610637,0.044840111505624954,0.045461290423124474,0.04260693290204744,0.040623192094326716,0.03967054852243845,0.039588338941175916,0.040782802716965105,0.042856950746845805,0.04342840439287768,0.04290457924571238,0.043149300815804835,0.043153673139429305
dim_jf,JJA,0.046720479404879625,0.04344190602452354,0.04109854404065911,0.03876231382064552,0.037411572032263946,0.03683867417227103,0.03632031451873935,0.036700394012869536,0.038219253492216394,0.04049452320166807,0.042166964709053345,0.04352122116629244,0.04510855576331198,0.046299311015043566,0.043618980727610106,0.04207113916221522,0.041240117396569256,0.04103318171092697,0.04194539071514342,0.04309340503672519,0.043111735887254254,0.04258927144617438,0.04362118105675385,0.04457156948618989
dim_jf,SON,0.0451218240430915,0.04263043127477246,0.040609803161502846,0.03829049940785476,0.03684110550628026,0.03650049097455457,0.037167539186239995,0.03813961801800842,0.038876493111487824,0.04097994551581577,0.042604921656141374,0.04373005427390029,0.04507406511121339,0.04572208782835785,0.0428250756785015,0.04106792510178021,0.04032330255423072,0.04079456731699987,0.042916106843689246,0.04505315534123613,0.045343299317143516,0.04380999282508943,0.0427655254083266,0.042812170543781454
