
Gurobi 13.0.2 (linux64) logging started Wed Jul 22 21:14:55 2026

Set parameter LogFile to value "outputs/batch_2207_res_step3/2060_FR_interconnected/logfile_2060_FR_interconnected.txt"
Gurobi Optimizer version 13.0.2 build v13.0.2rc1 (linux64 - "CentOS Stream 9")

CPU model: Intel(R) Xeon(R) Gold 6130 CPU @ 2.10GHz, instruction set [SSE2|AVX|AVX2|AVX512]
Thread count: 16 physical cores, 32 logical processors, using up to 32 threads

Non-default parameters:
Method  2
Crossover  0
NumericFocus  3
Presolve  2

Optimize a model with 9050884 rows, 6658150 columns and 26752299 nonzeros (Min)
Model fingerprint: 0x101361f6
Model has 1393190 linear objective coefficients
Coefficient statistics:
  Matrix range     [1e-04, 1e+02]
  Objective range  [6e-04, 3e+03]
  Bounds range     [0e+00, 0e+00]
  RHS range        [3e-02, 1e+05]

Presolve removed 7658687 rows and 3979617 columns (presolve time = 5s)...
Presolve removed 7921115 rows and 4434896 columns (presolve time = 10s)...
Presolve removed 8017503 rows and 4444022 columns (presolve time = 15s)...
Presolve removed 8017503 rows and 4444022 columns (presolve time = 20s)...
Presolve removed 8026263 rows and 4444022 columns
Presolve time: 22.44s
Presolved: 1024621 rows, 2222888 columns, 5682295 nonzeros
Ordering time: 0.70s

Barrier statistics:
 AA' NZ     : 1.909e+06
 Factor NZ  : 1.619e+07 (roughly 1.0 GB of memory)
 Factor Ops : 1.792e+09 (less than 1 second per iteration)
 Threads    : 16

                  Objective                Residual
Iter       Primal          Dual         Primal    Dual     Compl     Time
   0   2.57381769e+10 -3.80006963e+11  1.15e+08 5.09e-14  6.70e+06    32s
   1   3.00707612e+10 -1.46670034e+11  2.40e+07 4.64e+01  1.41e+06    33s
   2   2.34406290e+10 -4.37301794e+10  3.23e+06 1.25e-12  1.97e+05    35s
   3   8.46853319e+09 -2.48821705e+10  7.91e+05 2.03e+00  5.14e+04    37s
   4   3.01462632e+09 -1.35659703e+10  2.19e+05 1.14e-12  1.54e+04    39s
   5   1.44894443e+09 -6.53662820e+09  9.98e+04 1.16e-12  6.31e+03    40s
   6   5.01506720e+08 -3.15409335e+09  3.31e+04 1.36e-12  2.09e+03    41s
   7   1.89489778e+08 -2.69650324e+09  1.17e+04 1.15e-12  1.16e+03    43s
   8   6.66908313e+07 -1.68843398e+09  3.40e+03 1.14e-12  5.73e+02    44s
   9   2.96998992e+07 -9.54474231e+08  8.86e+02 1.02e-12  2.92e+02    45s
  10   1.62837106e+07 -2.62333514e+08  1.95e+02 1.36e-12  7.99e+01    46s
  11   9.35692833e+06 -6.30705666e+07  6.30e+01 9.66e-13  2.06e+01    48s
  12   5.56989658e+06 -2.66385015e+07  3.24e+01 4.41e-13  9.12e+00    49s
  13   3.26957461e+06 -1.30053897e+07  1.92e+01 2.20e-13  4.60e+00    51s
  14   2.46406619e+06 -8.16672148e+06  1.48e+01 1.63e-13  3.01e+00    52s
  15   1.46905622e+06 -5.77248587e+06  9.19e+00 9.95e-14  2.05e+00    54s
  16   1.22733455e+06 -4.37635661e+06  7.81e+00 8.53e-14  1.58e+00    55s
  17   8.92178030e+05 -3.25832851e+06  5.54e+00 6.57e-14  1.17e+00    57s
  18   8.04524230e+05 -2.36990637e+06  4.65e+00 4.62e-14  8.97e-01    58s
  19   7.05140319e+05 -1.72630053e+06  3.71e+00 3.73e-14  6.87e-01    60s
  20   6.31938194e+05 -1.27353091e+06  2.92e+00 3.29e-14  5.38e-01    63s
  21   6.12685092e+05 -9.55545135e+05  2.65e+00 2.66e-14  4.43e-01    66s
  22   5.53599749e+05 -5.95644582e+05  1.66e+00 1.95e-14  3.24e-01    69s
  23   5.07786302e+05  2.20426727e+05  1.65e-01 1.22e-14  8.11e-02    72s
  24   4.94498994e+05  2.97569695e+05  3.45e-02 8.44e-15  5.56e-02    74s
  25   4.91905734e+05  3.08057662e+05  2.02e-02 7.55e-15  5.19e-02    77s
  26   4.90629583e+05  3.14019326e+05  1.86e-02 7.55e-15  4.98e-02    79s
  27   4.88217722e+05  3.46031750e+05  1.38e-02 5.71e-15  4.01e-02    81s
  28   4.83693193e+05  3.59459189e+05  9.50e-03 5.56e-15  3.51e-02    82s
  29   4.78209431e+05  3.76433777e+05  6.43e-03 4.67e-15  2.87e-02    84s
  30   4.73040561e+05  3.98950936e+05  4.88e-03 3.25e-15  2.09e-02    87s
  31   4.66315532e+05  4.17545635e+05  2.89e-03 2.38e-15  1.38e-02    89s
  32   4.62393012e+05  4.29731816e+05  1.92e-03 1.71e-15  9.22e-03    92s
  33   4.60428719e+05  4.36492113e+05  1.48e-03 1.16e-15  6.75e-03    94s
  34   4.58910707e+05  4.39690933e+05  1.16e-03 1.15e-15  5.42e-03    96s
  35   4.58118501e+05  4.40957018e+05  9.92e-04 1.21e-15  4.84e-03    97s
  36   4.57470689e+05  4.42392570e+05  8.61e-04 1.11e-15  4.25e-03    99s
  37   4.56997832e+05  4.43186436e+05  7.66e-04 1.18e-15  3.90e-03   100s
  38   4.55899858e+05  4.44576090e+05  5.51e-04 1.27e-15  3.20e-03   102s
  39   4.55183506e+05  4.46615463e+05  4.12e-04 9.06e-16  2.42e-03   105s
  40   4.54476280e+05  4.48268447e+05  2.81e-04 7.35e-16  1.75e-03   107s
  41   4.54150557e+05  4.49671426e+05  2.24e-04 6.01e-16  1.26e-03   110s
  42   4.53824494e+05  4.50707579e+05  1.69e-04 5.44e-16  8.80e-04   112s
  43   4.53491331e+05  4.51331932e+05  1.15e-04 5.31e-16  6.09e-04   114s
  44   4.53366932e+05  4.51585937e+05  9.41e-05 5.47e-16  5.03e-04   115s
  45   4.53289104e+05  4.51766201e+05  8.16e-05 5.48e-16  4.30e-04   117s
  46   4.53211164e+05  4.51932268e+05  6.92e-05 5.74e-16  3.61e-04   118s
  47   4.53194363e+05  4.52008761e+05  6.63e-05 6.11e-16  3.35e-04   119s
  48   4.53183738e+05  4.52056546e+05  6.31e-05 6.43e-16  3.18e-04   121s
  49   4.53172601e+05  4.52116669e+05  5.95e-05 8.38e-16  2.98e-04   124s
  50   4.53162763e+05  4.52173810e+05  5.67e-05 7.71e-16  2.79e-04   127s
  51   4.53148730e+05  4.52221971e+05  5.21e-05 7.28e-16  2.62e-04   129s
  52   4.53140561e+05  4.52267834e+05  4.91e-05 7.78e-16  2.46e-04   132s
  53   4.53135415e+05  4.52297687e+05  4.69e-05 7.35e-16  2.36e-04   134s
  54   4.53123458e+05  4.52336837e+05  4.01e-05 8.10e-16  2.22e-04   137s
  55   4.53119690e+05  4.52384078e+05  3.81e-05 8.06e-16  2.08e-04   139s
  56   4.53116466e+05  4.52415299e+05  3.64e-05 7.72e-16  1.98e-04   142s
  57   4.53114316e+05  4.52439818e+05  3.52e-05 7.80e-16  1.90e-04   144s
  58   4.53110440e+05  4.52484903e+05  3.29e-05 7.27e-16  1.77e-04   147s
  59   4.53106032e+05  4.52526777e+05  3.03e-05 7.27e-16  1.63e-04   149s
  60   4.53101826e+05  4.52561292e+05  2.80e-05 7.14e-16  1.53e-04   152s
  61   4.53098978e+05  4.52591592e+05  2.66e-05 6.41e-16  1.43e-04   155s
  62   4.53096458e+05  4.52613113e+05  2.55e-05 6.38e-16  1.36e-04   159s
  63   4.53094373e+05  4.52630873e+05  2.46e-05 6.49e-16  1.31e-04   162s
  64   4.53091974e+05  4.52645987e+05  2.36e-05 6.42e-16  1.26e-04   166s
  65   4.53090209e+05  4.52656083e+05  2.29e-05 6.02e-16  1.23e-04   169s
  66   4.53088225e+05  4.52667556e+05  2.22e-05 6.00e-16  1.19e-04   173s
  67   4.53085467e+05  4.52683769e+05  2.11e-05 6.59e-16  1.13e-04   176s
  68   4.53082347e+05  4.52700438e+05  2.00e-05 6.20e-16  1.08e-04   180s
  69   4.53079779e+05  4.52716397e+05  1.92e-05 5.66e-16  1.03e-04   184s
  70   4.53077742e+05  4.52728657e+05  1.86e-05 5.35e-16  9.85e-05   187s
  71   4.53074366e+05  4.52737785e+05  1.78e-05 6.00e-16  9.50e-05   191s
  72   4.53066732e+05  4.52759737e+05  1.58e-05 5.15e-16  8.66e-05   194s
  73   4.53061718e+05  4.52775892e+05  1.46e-05 4.89e-16  8.07e-05   198s
  74   4.53058580e+05  4.52787495e+05  1.39e-05 5.06e-16  7.65e-05   202s
  75   4.53054584e+05  4.52800864e+05  1.30e-05 4.63e-16  7.16e-05   205s
  76   4.53049161e+05  4.52814266e+05  1.16e-05 4.75e-16  6.63e-05   210s
  77   4.53045065e+05  4.52823946e+05  1.08e-05 4.60e-16  6.24e-05   216s
  78   4.53041748e+05  4.52833848e+05  1.01e-05 4.30e-16  5.87e-05   221s
  79   4.53037360e+05  4.52842577e+05  9.37e-06 4.32e-16  5.50e-05   224s
  80   4.53034036e+05  4.52852358e+05  8.82e-06 4.06e-16  5.13e-05   228s
  81   4.53030508e+05  4.52860637e+05  8.21e-06 3.91e-16  4.79e-05   232s
  82   4.53025897e+05  4.52867669e+05  7.43e-06 4.19e-16  4.46e-05   236s
  83   4.53021645e+05  4.52873058e+05  6.67e-06 3.93e-16  4.19e-05   241s
  84   4.53019903e+05  4.52879672e+05  6.33e-06 3.95e-16  3.96e-05   245s
  85   4.53018800e+05  4.52883873e+05  6.10e-06 4.25e-16  3.81e-05   248s
  86   4.53017344e+05  4.52887758e+05  5.75e-06 3.83e-16  3.66e-05   252s
  87   4.53016487e+05  4.52890731e+05  5.52e-06 4.23e-16  3.55e-05   256s
  88   4.53015783e+05  4.52893553e+05  5.32e-06 4.02e-16  3.45e-05   261s
  89   4.53015353e+05  4.52896456e+05  5.20e-06 3.49e-16  3.36e-05   265s
  90   4.53015145e+05  4.52897985e+05  5.15e-06 3.90e-16  3.31e-05   270s
  91   4.53014391e+05  4.52901455e+05  4.93e-06 3.87e-16  3.19e-05   274s
  92   4.53013266e+05  4.52911293e+05  4.62e-06 3.36e-16  2.88e-05   278s
  93   4.53012182e+05  4.52916265e+05  4.32e-06 3.07e-16  2.71e-05   283s
  94   4.53010723e+05  4.52922443e+05  4.05e-06 3.00e-16  2.49e-05   287s
  95   4.53004003e+05  4.52938079e+05  3.13e-06 2.59e-16  1.86e-05   291s
  96   4.52993436e+05  4.52961605e+05  1.58e-06 1.54e-16  8.98e-06   295s
  97   4.52988107e+05  4.52968023e+05  8.16e-07 1.94e-16  5.67e-06   300s
  98   4.52984891e+05  4.52975149e+05  3.65e-07 1.64e-16  2.75e-06   304s
  99   4.52983933e+05  4.52977542e+05  2.43e-07 1.29e-16  1.80e-06   306s
 100   4.52983196e+05  4.52978857e+05  1.54e-07 1.28e-16  1.22e-06   309s
 101   4.52982875e+05  4.52979655e+05  1.14e-07 3.57e-15  9.09e-07   312s
 102   4.52982581e+05  4.52979952e+05  8.06e-08 3.03e-15  7.42e-07   314s
 103   4.52982439e+05  4.52980404e+05  6.47e-08 2.23e-15  5.74e-07   317s
 104   4.52982351e+05  4.52980681e+05  5.48e-08 1.77e-15  4.71e-07   320s
 105   4.52982234e+05  4.52980915e+05  4.03e-08 1.82e-15  3.72e-07   323s
 106   4.52982179e+05  4.52981004e+05  3.45e-08 1.55e-15  3.32e-07   326s
 107   4.52982121e+05  4.52981172e+05  2.74e-08 1.33e-15  2.68e-07   329s
 108   4.52982075e+05  4.52981262e+05  2.25e-08 1.05e-15  2.29e-07   332s
 109   4.52982033e+05  4.52981391e+05  1.84e-08 8.28e-16  1.81e-07   336s
 110   4.52982002e+05  4.52981452e+05  1.55e-08 7.21e-16  1.55e-07   339s
 111   4.52981976e+05  4.52981546e+05  1.16e-08 4.34e-15  1.22e-07   342s
 112   4.52981961e+05  4.52981586e+05  2.26e-08 1.91e-13  1.06e-07   345s
 113   4.52981942e+05  4.52981636e+05  4.47e-08 3.98e-13  8.63e-08   347s
 114   4.52981931e+05  4.52981665e+05  3.82e-08 3.47e-13  7.52e-08   351s
 115   4.52981921e+05  4.52981696e+05  3.03e-08 2.91e-13  6.33e-08   355s
 116   4.52981909e+05  4.52981759e+05  2.34e-08 1.83e-13  4.24e-08   361s
 117   4.52981899e+05  4.52981794e+05  1.88e-08 1.36e-13  2.95e-08   364s
 118   4.52981892e+05  4.52981811e+05  2.80e-08 1.91e-13  2.29e-08   365s
 119   4.52981887e+05  4.52981824e+05  1.63e-08 2.24e-13  1.78e-08   368s
 120   4.52981880e+05  4.52981846e+05  6.71e-09 1.12e-13  9.62e-09   373s
 121   4.52981874e+05  4.52981855e+05  3.32e-09 1.66e-13  5.25e-09   378s
 122   4.52981872e+05  4.52981861e+05  2.50e-09 1.65e-12  3.06e-09   381s
 123   4.52981870e+05  4.52981864e+05  1.08e-09 2.45e-13  1.64e-09   383s
 124   4.52981869e+05  4.52981867e+05  5.46e-09 1.27e-12  4.80e-10   385s
 125   4.52981868e+05  4.52981868e+05  2.19e-08 1.43e-12  1.45e-10   388s
 126   4.52981868e+05  4.52981868e+05  6.84e-09 1.92e-12  5.63e-11   390s
 127   4.52981868e+05  4.52981868e+05  4.92e-08 3.78e-12  3.07e-11   392s
 128   4.52981868e+05  4.52981868e+05  9.46e-09 1.47e-12  6.65e-12   393s

Barrier solved model in 128 iterations and 393.44 seconds (247.89 work units)
Optimal objective 4.52981868e+05


Gurobi 13.0.2 (linux64) logging started Thu Jul 23 13:33:12 2026

Set parameter LogFile to value "outputs/batch_2207_res_step3/2060_FR_interconnected/logfile_2060_FR_interconnected.txt"
Gurobi Optimizer version 13.0.2 build v13.0.2rc1 (linux64 - "CentOS Stream 9")

CPU model: Intel(R) Xeon(R) Gold 6130 CPU @ 2.10GHz, instruction set [SSE2|AVX|AVX2|AVX512]
Thread count: 16 physical cores, 32 logical processors, using up to 32 threads

Non-default parameters:
Method  2
Crossover  0
NumericFocus  3
Presolve  2

Optimize a model with 9050884 rows, 6658150 columns and 26752299 nonzeros (Min)
Model fingerprint: 0x72f1d2c8
Model has 1393190 linear objective coefficients
Coefficient statistics:
  Matrix range     [1e-04, 1e+02]
  Objective range  [6e-04, 3e+03]
  Bounds range     [0e+00, 0e+00]
  RHS range        [3e-02, 1e+05]

Presolve removed 7685222 rows and 4023845 columns (presolve time = 5s)...
Presolve removed 7947494 rows and 4478976 columns (presolve time = 10s)...
Presolve removed 8043882 rows and 4488306 columns (presolve time = 15s)...
Presolve removed 8043882 rows and 4488306 columns (presolve time = 20s)...
Presolve removed 8052642 rows and 4488306 columns
Presolve time: 22.63s
Presolved: 998242 rows, 2178604 columns, 5549071 nonzeros
Ordering time: 0.69s

Barrier statistics:
 AA' NZ     : 1.811e+06
 Factor NZ  : 1.469e+07 (roughly 1.0 GB of memory)
 Factor Ops : 1.435e+09 (less than 1 second per iteration)
 Threads    : 16

                  Objective                Residual
Iter       Primal          Dual         Primal    Dual     Compl     Time
   0   2.57333667e+10 -3.79312137e+11  1.15e+08 5.09e-14  6.73e+06    32s
   1   3.00438986e+10 -1.45500818e+11  2.50e+07 4.49e+01  1.47e+06    34s
   2   2.34085474e+10 -4.35167375e+10  3.36e+06 1.14e-12  2.05e+05    35s
   3   8.56223668e+09 -2.39865939e+10  8.46e+05 1.65e+00  5.45e+04    37s
   4   3.00959088e+09 -1.31035276e+10  2.35e+05 1.14e-12  1.62e+04    39s
   5   1.41776409e+09 -6.49004247e+09  1.05e+05 1.15e-12  6.61e+03    40s
   6   4.81097117e+08 -3.04934686e+09  3.39e+04 1.25e-12  2.12e+03    41s
   7   1.77989483e+08 -2.61770997e+09  1.17e+04 1.02e-12  1.16e+03    43s
   8   6.73789152e+07 -1.61910944e+09  3.66e+03 9.09e-13  5.72e+02    44s
   9   2.99375536e+07 -9.17573180e+08  9.63e+02 1.25e-12  2.90e+02    46s
  10   1.76880960e+07 -2.61048002e+08  2.89e+02 9.09e-13  8.26e+01    47s
  11   9.66833909e+06 -6.34663816e+07  8.84e+01 8.53e-13  2.14e+01    49s
  12   5.73379564e+06 -2.61833451e+07  4.52e+01 5.54e-13  9.28e+00    50s
  13   3.36946155e+06 -1.26205696e+07  2.67e+01 2.49e-13  4.64e+00    52s
  14   2.54449480e+06 -7.88107673e+06  2.06e+01 1.56e-13  3.03e+00    54s
  15   1.50274261e+06 -5.49340892e+06  1.27e+01 9.95e-14  2.03e+00    56s
  16   1.11409098e+06 -3.62332334e+06  9.52e+00 8.17e-14  1.37e+00    59s
  17   8.11392670e+05 -2.72593919e+06  6.65e+00 6.04e-14  1.03e+00    62s
  18   7.44048645e+05 -2.24673580e+06  5.82e+00 5.33e-14  8.67e-01    63s
  19   6.82821083e+05 -1.58171584e+06  4.79e+00 4.09e-14  6.56e-01    64s
  20   6.22883500e+05 -1.27437498e+06  3.86e+00 3.73e-14  5.50e-01    66s
  21   5.99689339e+05 -1.10812074e+06  3.45e+00 3.11e-14  4.95e-01    69s
  22   5.77821538e+05 -7.80445678e+05  2.96e+00 2.84e-14  3.93e-01    72s
  23   5.03535054e+05  2.11407313e+05  3.01e-01 1.33e-14  8.46e-02    75s
  24   4.92074549e+05  3.10901518e+05  2.99e-02 8.88e-15  5.24e-02    78s
  25   4.90840704e+05  3.21026639e+05  2.16e-02 8.22e-15  4.91e-02    80s
  26   4.90109238e+05  3.25154885e+05  2.00e-02 8.10e-15  4.77e-02    82s
  27   4.87863211e+05  3.54026374e+05  1.36e-02 6.22e-15  3.87e-02    84s
  28   4.84039041e+05  3.65612324e+05  9.92e-03 5.66e-15  3.43e-02    85s
  29   4.78507119e+05  3.83408128e+05  6.50e-03 4.33e-15  2.75e-02    87s
  30   4.72864163e+05  4.02640134e+05  4.62e-03 3.34e-15  2.03e-02    90s
  31   4.66706283e+05  4.14176760e+05  2.87e-03 2.62e-15  1.52e-02    93s
  32   4.62253005e+05  4.27468227e+05  1.84e-03 1.89e-15  1.01e-02    96s
  33   4.59764533e+05  4.33692852e+05  1.32e-03 1.36e-15  7.55e-03    99s
  34   4.57746632e+05  4.36589855e+05  9.12e-04 1.37e-15  6.12e-03   101s
  35   4.57137038e+05  4.38747253e+05  7.95e-04 1.39e-15  5.32e-03   102s
  36   4.56602659e+05  4.40067253e+05  6.94e-04 1.29e-15  4.79e-03   103s
  37   4.56097298e+05  4.41764087e+05  6.00e-04 1.22e-15  4.15e-03   105s
  38   4.55726537e+05  4.42689434e+05  5.33e-04 1.23e-15  3.77e-03   106s
  39   4.55026804e+05  4.43966685e+05  4.07e-04 1.20e-15  3.20e-03   108s
  40   4.54450687e+05  4.45508898e+05  3.08e-04 9.91e-16  2.59e-03   110s
  41   4.53934815e+05  4.46634961e+05  2.23e-04 7.65e-16  2.11e-03   113s
  42   4.53596477e+05  4.47897064e+05  1.71e-04 7.66e-16  1.65e-03   115s
  43   4.53352196e+05  4.49311877e+05  1.35e-04 9.11e-16  1.17e-03   118s
  44   4.53044746e+05  4.50109143e+05  9.14e-05 6.37e-16  8.50e-04   120s
  45   4.52817746e+05  4.50649089e+05  6.04e-05 6.70e-16  6.28e-04   122s
  46   4.52723702e+05  4.51025627e+05  4.79e-05 7.09e-16  4.91e-04   124s
  47   4.52643354e+05  4.51231063e+05  3.75e-05 7.56e-16  4.09e-04   125s
  48   4.52595818e+05  4.51391988e+05  3.12e-05 6.53e-16  3.48e-04   126s
  49   4.52564948e+05  4.51520096e+05  2.73e-05 8.45e-16  3.02e-04   128s
  50   4.52518334e+05  4.51634977e+05  2.15e-05 6.26e-16  2.56e-04   129s
  51   4.52491808e+05  4.51781294e+05  1.81e-05 7.37e-16  2.06e-04   130s
  52   4.52439763e+05  4.51866012e+05  1.18e-05 6.41e-16  1.66e-04   132s
  53   4.52412634e+05  4.52027162e+05  8.45e-06 6.23e-16  1.12e-04   135s
  54   4.52385743e+05  4.52136231e+05  5.25e-06 5.62e-16  7.22e-05   137s
  55   4.52368486e+05  4.52217264e+05  3.28e-06 6.56e-16  4.38e-05   140s
  56   4.52362131e+05  4.52230148e+05  2.61e-06 5.75e-16  3.82e-05   144s
  57   4.52359884e+05  4.52239808e+05  2.38e-06 7.22e-16  3.48e-05   146s
  58   4.52355127e+05  4.52261077e+05  1.85e-06 5.99e-16  2.72e-05   148s
  59   4.52350701e+05  4.52292580e+05  1.35e-06 5.39e-16  1.68e-05   152s
  60   4.52343565e+05  4.52310067e+05  6.45e-07 5.11e-16  9.69e-06   156s
  61   4.52341309e+05  4.52321254e+05  4.33e-07 6.46e-16  5.80e-06   160s
  62   4.52339981e+05  4.52323640e+05  3.16e-07 4.82e-16  4.73e-06   165s
  63   4.52339540e+05  4.52324772e+05  2.82e-07 5.66e-16  4.27e-06   168s
  64   4.52339034e+05  4.52326858e+05  2.43e-07 5.87e-16  3.52e-06   171s
  65   4.52338582e+05  4.52328145e+05  2.06e-07 5.58e-16  3.02e-06   175s
  66   4.52337698e+05  4.52331183e+05  1.33e-07 6.55e-16  1.89e-06   181s
  67   4.52337161e+05  4.52332930e+05  9.32e-08 6.43e-16  1.22e-06   188s
  68   4.52336734e+05  4.52333542e+05  5.92e-08 6.83e-16  9.24e-07   194s
  69   4.52336656e+05  4.52333886e+05  2.38e-08 5.35e-16  8.02e-07   199s
  70   4.52336636e+05  4.52333969e+05  2.31e-08 1.25e-15  7.72e-07   202s
  71   4.52336617e+05  4.52334142e+05  2.24e-08 4.04e-15  7.16e-07   205s
  72   4.52336587e+05  4.52334193e+05  2.15e-08 3.62e-15  6.93e-07   210s
  73   4.52336571e+05  4.52334333e+05  2.09e-08 8.35e-15  6.48e-07   214s
  74   4.52336548e+05  4.52334408e+05  3.78e-08 7.92e-15  6.19e-07   218s
  75   4.52336542e+05  4.52334475e+05  3.85e-08 7.70e-15  5.98e-07   222s
  76   4.52336510e+05  4.52334529e+05  3.27e-08 7.37e-15  5.73e-07   226s
  77   4.52336463e+05  4.52334663e+05  6.37e-05 5.97e-14  5.21e-07   230s
  78   4.52336432e+05  4.52334802e+05  5.99e-05 5.27e-14  4.72e-07   234s
  79   4.52336405e+05  4.52335001e+05  5.65e-05 4.32e-14  4.06e-07   239s
  80   4.52336377e+05  4.52335093e+05  5.30e-05 3.91e-14  3.72e-07   243s
  81   4.52336367e+05  4.52335132e+05  5.16e-05 3.69e-14  3.57e-07   248s
  82   4.52336353e+05  4.52335148e+05  4.96e-05 3.62e-14  3.49e-07   253s
  83   4.52336332e+05  4.52335171e+05  4.67e-05 3.48e-14  3.36e-07   257s
  84   4.52336318e+05  4.52335211e+05  4.47e-05 3.31e-14  3.21e-07   262s
  85   4.52336313e+05  4.52335227e+05  4.40e-05 3.24e-14  3.14e-07   267s
  86   4.52336307e+05  4.52335231e+05  4.33e-05 3.25e-14  3.12e-07   272s
  87   4.52336297e+05  4.52335276e+05  4.18e-05 3.16e-14  2.95e-07   276s
  88   4.52336281e+05  4.52335298e+05  3.97e-05 7.11e-15  2.85e-07   283s
  89   4.52336266e+05  4.52335318e+05  3.81e-05 7.11e-15  2.75e-07   287s
  90   4.52336257e+05  4.52335351e+05  3.70e-05 7.11e-15  2.62e-07   293s
  91   4.52336244e+05  4.52335386e+05  3.54e-05 7.11e-15  2.48e-07   300s
  92   4.52336233e+05  4.52335444e+05  3.42e-05 1.42e-14  2.28e-07   308s
  93   4.52336214e+05  4.52335483e+05  3.15e-05 7.11e-15  2.12e-07   314s
  94   4.52336187e+05  4.52335508e+05  2.82e-05 7.11e-15  1.97e-07   318s
  95   4.52336183e+05  4.52335555e+05  2.76e-05 1.42e-14  1.82e-07   325s
  96   4.52336169e+05  4.52335578e+05  2.58e-05 1.42e-14  1.71e-07   332s
  97   4.52336156e+05  4.52335596e+05  2.43e-05 1.42e-14  1.62e-07   340s
  98   4.52336153e+05  4.52335636e+05  2.45e-05 2.98e-14  1.49e-07   344s
  99   4.52336131e+05  4.52335658e+05  2.18e-05 2.75e-14  1.37e-07   352s
 100   4.52336103e+05  4.52335687e+05  1.85e-05 2.66e-14  1.20e-07   360s
 101   4.52336068e+05  4.52335761e+05  1.39e-05 1.92e-14  8.90e-08   369s
 102   4.52336036e+05  4.52335812e+05  9.79e-06 1.37e-14  6.48e-08   377s
 103   4.52336016e+05  4.52335865e+05  7.42e-06 8.67e-15  4.36e-08   386s
 104   4.52336010e+05  4.52335888e+05  6.73e-06 2.15e-14  3.51e-08   390s
 105   4.52336003e+05  4.52335901e+05  5.90e-06 1.75e-14  2.97e-08   397s
 106   4.52335997e+05  4.52335907e+05  5.20e-06 1.62e-14  2.62e-08   401s
 107   4.52335996e+05  4.52335909e+05  5.05e-06 1.53e-14  2.52e-08   406s
 108   4.52335994e+05  4.52335911e+05  4.75e-06 1.47e-14  2.40e-08   410s
 109   4.52335993e+05  4.52335912e+05  4.65e-06 1.42e-14  2.34e-08   414s
 110   4.52335992e+05  4.52335915e+05  4.49e-06 1.42e-14  2.21e-08   418s
 111   4.52335990e+05  4.52335918e+05  4.31e-06 1.42e-14  2.10e-08   421s
 112   4.52335988e+05  4.52335920e+05  4.11e-06 1.42e-14  1.98e-08   426s
 113   4.52335987e+05  4.52335924e+05  3.91e-06 1.42e-14  1.82e-08   431s
 114   4.52335974e+05  4.52335931e+05  2.26e-06 1.42e-14  1.25e-08   435s
 115   4.52335971e+05  4.52335939e+05  1.92e-06 1.19e-14  9.42e-09   441s
 116   4.52335967e+05  4.52335942e+05  1.36e-06 9.62e-15  7.24e-09   449s
 117   4.52335962e+05  4.52335945e+05  3.63e-06 3.73e-14  5.15e-09   454s
 118   4.52335962e+05  4.52335948e+05  4.93e-06 1.12e-12  3.92e-09   457s
 119   4.52335960e+05  4.52335950e+05  3.67e-06 1.97e-12  2.79e-09   459s
 120   4.52335959e+05  4.52335952e+05  7.12e-06 1.27e-12  2.18e-09   464s
 121   4.52335959e+05  4.52335952e+05  6.81e-06 1.11e-12  1.94e-09   471s
 122   4.52335958e+05  4.52335953e+05  2.27e-05 8.05e-13  1.42e-09   482s
 123   4.52335956e+05  4.52335954e+05  1.26e-05 9.85e-13  6.00e-10   496s
 124   4.52335955e+05  4.52335954e+05  3.45e-05 3.27e-12  1.32e-10   502s
 125   4.52335955e+05  4.52335955e+05  4.65e-06 3.02e-12  3.68e-11   507s
 126   4.52335955e+05  4.52335955e+05  1.49e-05 1.28e-12  6.77e-12   510s

Barrier solved model in 126 iterations and 509.83 seconds (292.26 work units)
Optimal objective 4.52335955e+05

