
Gurobi 13.0.2 (linux64) logging started Tue Jul 21 15:15:53 2026

Set parameter LogFile to value "outputs/batch_2007_res_step1/2050_FR_alone/logfile_2050_FR_alone.txt"
Gurobi Optimizer version 13.0.2 build v13.0.2rc1 (linux64 - "CentOS Stream 9")

CPU model: Intel(R) Xeon(R) Gold 6130 CPU @ 2.10GHz, instruction set [SSE2|AVX|AVX2|AVX512]
Thread count: 16 physical cores, 32 logical processors, using up to 32 threads

Non-default parameters:
Method  2
Crossover  0
NumericFocus  3
Presolve  2

Optimize a model with 1007911 rows, 823495 columns and 3978239 nonzeros (Min)
Model fingerprint: 0xaa4b8e6a
Model has 210275 linear objective coefficients
Coefficient statistics:
  Matrix range     [1e-04, 1e+02]
  Objective range  [6e-04, 3e+03]
  Bounds range     [0e+00, 0e+00]
  RHS range        [7e-02, 1e+05]

Presolve removed 377490 rows and 260000 columns (presolve time = 9s)...
Presolve removed 380315 rows and 262825 columns (presolve time = 10s)...
Presolve removed 380315 rows and 262825 columns (presolve time = 15s)...
Presolve removed 380315 rows and 262825 columns (presolve time = 20s)...
Presolve removed 578504 rows and 271589 columns (presolve time = 25s)...
Presolve removed 578504 rows and 271589 columns (presolve time = 30s)...
Presolve removed 587264 rows and 271589 columns
Presolve time: 34.16s
Presolved: 420647 rows, 560666 columns, 2435847 nonzeros
Ordering time: 0.52s

Barrier statistics:
 Dense cols : 26
 AA' NZ     : 2.146e+06
 Factor NZ  : 9.776e+06 (roughly 500 MB of memory)
 Factor Ops : 6.286e+08 (less than 1 second per iteration)
 Threads    : 16

                  Objective                Residual
Iter       Primal          Dual         Primal    Dual     Compl     Time
   0   1.02611417e+08 -7.85182789e+11  1.73e+08 1.08e-13  3.88e+07    36s
   1   1.10506081e+08 -6.38376416e+11  1.62e+08 5.58e+02  3.18e+07    38s
   2   1.21755252e+08 -4.31587929e+11  1.41e+08 1.45e+02  2.24e+07    41s
   3   1.53712035e+08 -2.65928576e+11  8.71e+07 4.42e+01  1.63e+07    46s
   4   1.73116231e+08 -1.82774010e+11  6.27e+07 2.53e+01  1.18e+07    50s
   5   2.79247637e+08 -1.05721703e+11  1.56e+07 9.77e+00  3.10e+06    51s
   6   3.08743911e+08 -3.48578127e+10  2.29e+06 1.23e+00  4.72e+05    54s
   7   2.86984257e+08 -1.73949733e+10  5.64e+05 2.29e-01  1.19e+05    55s
   8   2.27769639e+08 -1.06721082e+10  2.03e+05 7.42e-02  4.45e+04    57s
   9   1.80257221e+08 -6.32587600e+09  8.87e+04 2.54e-02  1.96e+04    62s
  10   1.47570901e+08 -6.08671644e+09  5.04e+04 2.37e-02  1.38e+04    68s
  11   1.07979130e+08 -2.52121433e+09  1.74e+04 2.68e-03  4.62e+03    70s
  12   4.48404139e+07 -1.00876507e+09  2.59e+03 6.08e-08  1.28e+03    73s
  13   7.45875318e+06 -1.43813534e+08  2.57e+02 2.24e-08  1.64e+02    77s
  14   1.29206064e+06 -1.56509798e+07  4.18e+01 2.37e-09  1.78e+01    79s
  15   6.60961243e+05 -2.09892729e+06  2.01e+01 2.30e-10  2.88e+00    81s
  16   3.95536382e+05 -7.65402002e+05  1.09e+01 7.48e-11  1.21e+00    84s
  17   2.88743930e+05 -3.23175346e+05  7.26e+00 4.06e-11  6.36e-01    87s
  18   2.21640490e+05 -2.54897476e+05  4.96e+00 3.31e-11  4.95e-01    90s
  19   1.64622635e+05 -1.44536920e+05  3.01e+00 2.01e-11  3.21e-01    94s
  20   1.13968516e+05 -4.14332790e+04  1.32e+00 1.12e-11  1.61e-01    98s
  21   9.45036207e+04 -1.89208089e+03  7.48e-01 6.30e-12  1.00e-01   100s
  22   8.90871334e+04  5.17920429e+03  6.47e-01 5.42e-12  8.71e-02   104s
  23   8.40382576e+04  1.67304034e+04  5.31e-01 4.49e-12  6.99e-02   107s
  24   8.17365192e+04  2.29949927e+04  4.80e-01 3.97e-12  6.10e-02   110s
  25   7.79365820e+04  2.85068449e+04  3.96e-01 3.03e-12  5.13e-02   113s
  26   7.20913083e+04  3.10264080e+04  2.77e-01 2.91e-12  4.26e-02   115s
  27   6.87056688e+04  3.81030177e+04  2.09e-01 2.24e-12  3.18e-02   124s
  28   6.64339269e+04  4.22375944e+04  1.65e-01 1.97e-12  2.51e-02   130s
  29   6.55314629e+04  4.40622944e+04  1.48e-01 1.81e-12  2.23e-02   138s
  30   6.50585279e+04  4.64958572e+04  1.39e-01 1.34e-12  1.93e-02   145s
  31   6.40421708e+04  4.81837567e+04  1.20e-01 3.41e-12  1.65e-02   150s
  32   6.31604972e+04  4.89516050e+04  1.03e-01 1.08e-12  1.47e-02   154s
  33   6.26198544e+04  4.95843613e+04  9.25e-02 9.64e-13  1.35e-02   157s
  34   6.23992562e+04  5.02240857e+04  8.80e-02 8.80e-13  1.26e-02   161s
  35   6.15149757e+04  5.08921290e+04  6.99e-02 7.97e-13  1.10e-02   165s
  36   6.13214035e+04  5.20996624e+04  6.59e-02 6.57e-13  9.57e-03   168s
  37   6.03004280e+04  5.32825153e+04  4.48e-02 6.82e-13  7.28e-03   173s
  38   5.99219377e+04  5.36399613e+04  3.70e-02 4.06e-13  6.52e-03   178s
  39   5.96944624e+04  5.43399989e+04  3.23e-02 4.07e-13  5.56e-03   182s
  40   5.94481383e+04  5.49452383e+04  2.75e-02 3.72e-13  4.67e-03   185s
  41   5.92029932e+04  5.55917388e+04  2.27e-02 6.82e-13  3.75e-03   189s
  42   5.89700736e+04  5.61661840e+04  1.83e-02 2.39e-13  2.91e-03   192s
  43   5.86917459e+04  5.65259281e+04  1.29e-02 4.55e-13  2.25e-03   195s
  44   5.85645684e+04  5.67805184e+04  1.02e-02 3.64e-12  1.85e-03   199s
  45   5.85294431e+04  5.69269265e+04  9.49e-03 1.17e-13  1.66e-03   204s
  46   5.84419679e+04  5.70864521e+04  7.74e-03 7.02e-14  1.41e-03   211s
  47   5.83148273e+04  5.72459293e+04  5.30e-03 9.95e-14  1.11e-03   219s
  48   5.82745107e+04  5.73568457e+04  4.60e-03 2.50e-12  9.52e-04   227s
  49   5.82401856e+04  5.74736062e+04  4.02e-03 4.17e-14  7.95e-04   234s
  50   5.82151306e+04  5.75286310e+04  3.61e-03 6.82e-13  7.12e-04   238s
  51   5.81689166e+04  5.75965835e+04  2.89e-03 2.27e-13  5.94e-04   249s
  52   5.81499648e+04  5.76296639e+04  2.61e-03 6.82e-13  5.40e-04   259s
  53   5.81182471e+04  5.76888886e+04  2.12e-03 7.19e-14  4.46e-04   267s
  54   5.81085648e+04  5.77015487e+04  1.98e-03 4.62e-14  4.22e-04   275s
  55   5.80927501e+04  5.77537894e+04  1.76e-03 1.14e-12  3.52e-04   283s
  56   5.80767243e+04  5.77767937e+04  1.55e-03 1.36e-12  3.11e-04   287s
  57   5.80626668e+04  5.77866796e+04  1.36e-03 4.53e-14  2.86e-04   296s
  58   5.80512990e+04  5.78079580e+04  1.21e-03 6.82e-13  2.53e-04   305s
  59   5.80468501e+04  5.78319464e+04  1.14e-03 1.21e-13  2.23e-04   313s
  60   5.80352583e+04  5.78404599e+04  9.93e-04 6.82e-13  2.02e-04   322s
  61   5.80320341e+04  5.78540112e+04  9.51e-04 1.03e-13  1.85e-04   328s
  62   5.80244724e+04  5.78626127e+04  8.55e-04 2.27e-13  1.68e-04   339s
  63   5.80190791e+04  5.78669611e+04  7.86e-04 1.36e-12  1.58e-04   345s
  64   5.80146039e+04  5.78746461e+04  7.29e-04 4.55e-13  1.45e-04   352s
  65   5.80094545e+04  5.78797399e+04  6.64e-04 4.49e-14  1.35e-04   361s
  66   5.80058166e+04  5.78899239e+04  6.19e-04 6.82e-13  1.20e-04   369s
  67   5.80023826e+04  5.78956172e+04  5.77e-04 2.50e-12  1.11e-04   377s
  68   5.79985105e+04  5.79004020e+04  5.29e-04 4.17e-14  1.02e-04   388s
  69   5.79967333e+04  5.79014540e+04  5.07e-04 1.14e-12  9.89e-05   396s
  70   5.79926949e+04  5.79054678e+04  4.59e-04 1.59e-12  9.05e-05   410s
  71   5.79891410e+04  5.79086586e+04  4.18e-04 3.91e-14  8.35e-05   422s
  72   5.79839644e+04  5.79135557e+04  3.58e-04 7.46e-14  7.31e-05   433s
  73   5.79820077e+04  5.79169704e+04  3.34e-04 2.05e-12  6.75e-05   440s
  74   5.79792122e+04  5.79240144e+04  3.03e-04 2.13e-14  5.73e-05   449s
  75   5.79778027e+04  5.79264659e+04  2.88e-04 2.27e-13  5.33e-05   458s
  76   5.79760837e+04  5.79283982e+04  2.68e-04 5.68e-14  4.95e-05   466s
  77   5.79739658e+04  5.79300324e+04  2.45e-04 1.82e-12  4.56e-05   475s
  78   5.79728865e+04  5.79319069e+04  2.32e-04 3.46e-14  4.25e-05   484s
  79   5.79716271e+04  5.79342997e+04  2.18e-04 6.82e-13  3.87e-05   497s
  80   5.79696812e+04  5.79360040e+04  1.96e-04 8.88e-14  3.49e-05   514s
  81   5.79683390e+04  5.79376647e+04  1.82e-04 2.31e-14  3.18e-05   521s
  82   5.79672642e+04  5.79389762e+04  1.71e-04 2.05e-12  2.94e-05   531s
  83   5.79660114e+04  5.79397366e+04  1.57e-04 1.36e-12  2.73e-05   543s
  84   5.79654458e+04  5.79402715e+04  1.51e-04 1.51e-14  2.61e-05   554s
  85   5.79646950e+04  5.79404941e+04  1.43e-04 2.31e-13  2.51e-05   563s
  86   5.79642385e+04  5.79411089e+04  1.38e-04 4.55e-13  2.40e-05   570s
  87   5.79634576e+04  5.79414570e+04  1.30e-04 2.13e-14  2.28e-05   577s
  88   5.79624000e+04  5.79418371e+04  1.18e-04 7.46e-14  2.13e-05   584s
  89   5.79613978e+04  5.79429186e+04  1.08e-04 5.95e-14  1.92e-05   590s
  90   5.79594560e+04  5.79452258e+04  8.87e-05 2.27e-12  1.48e-05   597s
  91   5.79586256e+04  5.79461859e+04  8.06e-05 2.84e-14  1.29e-05   604s
  92   5.79580429e+04  5.79472505e+04  7.47e-05 5.15e-14  1.12e-05   613s
  93   5.79571674e+04  5.79475613e+04  6.60e-05 9.09e-13  9.97e-06   624s
  94   5.79566024e+04  5.79479143e+04  6.04e-05 7.96e-13  9.01e-06   633s
  95   5.79554627e+04  5.79483411e+04  4.93e-05 1.14e-12  7.39e-06   642s
  96   5.79546494e+04  5.79488136e+04  4.13e-05 7.82e-14  6.06e-06   648s
  97   5.79542359e+04  5.79490233e+04  3.75e-05 2.05e-12  5.41e-06   663s
  98   5.79537901e+04  5.79492471e+04  3.32e-05 9.59e-14  4.71e-06   677s
  99   5.79535359e+04  5.79494141e+04  3.07e-05 6.82e-13  4.28e-06   687s
 100   5.79532617e+04  5.79494613e+04  2.80e-05 6.82e-13  3.94e-06   697s
 101   5.79530875e+04  5.79495984e+04  2.63e-05 9.09e-13  3.62e-06   705s
 102   5.79526175e+04  5.79497550e+04  2.18e-05 8.11e-13  2.97e-06   714s
 103   5.79521626e+04  5.79499542e+04  1.73e-05 2.05e-12  2.29e-06   719s
 104   5.79520009e+04  5.79499771e+04  1.58e-05 2.05e-12  2.10e-06   735s
 105   5.79519007e+04  5.79500021e+04  1.49e-05 8.20e-13  1.97e-06   754s
 106   5.79517183e+04  5.79500738e+04  1.32e-05 1.82e-12  1.71e-06   767s
 107   5.79514861e+04  5.79501217e+04  1.10e-05 7.04e-13  1.42e-06   785s
 108   5.79512086e+04  5.79502096e+04  8.37e-06 7.43e-13  1.04e-06   798s
 109   5.79509477e+04  5.79502467e+04  1.43e-05 3.72e-12  7.27e-07   809s
 110   5.79507512e+04  5.79502730e+04  1.21e-05 1.05e-11  4.96e-07   816s
 111   5.79507010e+04  5.79502848e+04  2.38e-05 8.19e-12  4.32e-07   819s
 112   5.79505353e+04  5.79502965e+04  1.66e-05 3.30e-12  2.48e-07   824s
 113   5.79503810e+04  5.79503086e+04  2.13e-05 3.79e-12  7.51e-08   827s
 114   5.79503459e+04  5.79503163e+04  1.06e-05 2.33e-10  3.07e-08   831s
 115   5.79503289e+04  5.79503167e+04  6.60e-06 1.87e-10  1.26e-08   836s
 116   5.79503250e+04  5.79503182e+04  4.13e-05 2.81e-11  7.14e-09   842s
 117   5.79503194e+04  5.79503185e+04  2.66e-05 8.97e-11  9.51e-10   845s
 118   5.79503187e+04  5.79503186e+04  3.41e-06 2.84e-08  1.18e-10   847s

Barrier solved model in 118 iterations and 846.90 seconds (226.09 work units)
Optimal objective 5.79503187e+04

