
Gurobi 13.0.2 (linux64) logging started Sun Jul 19 00:04:21 2026

Set parameter LogFile to value "outputs/batch_1707_res_step2/2052_FR_interconnected/logfile_2052_FR_interconnected.txt"
Gurobi Optimizer version 13.0.2 build v13.0.2rc1 (linux64 - "CentOS Stream 9")

CPU model: Intel(R) Xeon(R) Gold 6130 CPU @ 2.10GHz, instruction set [SSE2|AVX|AVX2|AVX512]
Thread count: 16 physical cores, 32 logical processors, using up to 32 threads

Non-default parameters:
Method  2
Crossover  0
NumericFocus  3
Presolve  2

Optimize a model with 9050784 rows, 6658150 columns and 26752093 nonzeros (Min)
Model fingerprint: 0x46b7299d
Model has 1393190 linear objective coefficients
Coefficient statistics:
  Matrix range     [1e-04, 1e+02]
  Objective range  [6e-04, 3e+03]
  Bounds range     [0e+00, 0e+00]
  RHS range        [3e-02, 1e+05]

Presolve removed 5502629 rows and 3416686 columns (presolve time = 5s)...
Presolve removed 5765548 rows and 3732120 columns (presolve time = 10s)...
Presolve removed 5765548 rows and 3732120 columns (presolve time = 15s)...
Presolve removed 5765548 rows and 3732120 columns (presolve time = 20s)...
Presolve removed 5765548 rows and 3732120 columns (presolve time = 25s)...
Presolve removed 5765548 rows and 3732120 columns (presolve time = 30s)...
Presolve removed 5765548 rows and 3732120 columns (presolve time = 35s)...
Presolve removed 5765548 rows and 3732120 columns (presolve time = 40s)...
Presolve removed 6501388 rows and 3732120 columns (presolve time = 46s)...
Presolve removed 6589000 rows and 3740910 columns (presolve time = 50s)...
Presolve removed 6589000 rows and 3740910 columns (presolve time = 55s)...
Presolve removed 6589000 rows and 3740910 columns (presolve time = 60s)...
Presolve removed 6589000 rows and 3740910 columns (presolve time = 65s)...
Presolve removed 6589000 rows and 3740910 columns (presolve time = 70s)...
Presolve removed 6589000 rows and 3740910 columns (presolve time = 75s)...
Presolve removed 6597760 rows and 3740910 columns
Presolve time: 79.06s
Presolved: 2453024 rows, 2926000 columns, 10112894 nonzeros
Elapsed ordering time = 7s
Elapsed ordering time = 10s
Elapsed ordering time = 15s
Ordering time: 23.32s

Barrier statistics:
 Dense cols : 95
 AA' NZ     : 6.091e+06
 Factor NZ  : 3.705e+07 (roughly 2.0 GB of memory)
 Factor Ops : 2.915e+09 (less than 1 second per iteration)
 Threads    : 16

                  Objective                Residual
Iter       Primal          Dual         Primal    Dual     Compl     Time
   0   6.89651037e+08 -6.72749205e+11  5.73e+08 3.95e-14  3.05e+07   167s
   1   7.51535076e+08 -3.95912753e+11  5.26e+08 2.06e+02  1.80e+07   181s
   2   9.58592211e+08 -2.62026386e+11  4.07e+08 6.46e+01  1.14e+07   200s
   3   1.57714161e+09 -1.68408015e+11  7.65e+07 2.43e+01  2.51e+06   225s
   4   1.65961776e+09 -5.34498386e+10  1.40e+07 3.21e+00  4.55e+05   245s
   5   1.60800204e+09 -2.40703078e+10  2.51e+06 4.10e-01  8.00e+04   258s
   6   1.26931925e+09 -1.19901456e+10  3.60e+05 5.88e-02  1.31e+04   271s
   7   6.07975300e+08 -4.86706072e+09  5.88e+04 1.13e-02  2.68e+03   289s
   8   3.00334700e+08 -4.10017691e+09  1.30e+04 8.74e-03  1.40e+03   306s
   9   1.68226198e+08 -2.09767759e+09  2.12e+03 3.54e-03  6.01e+02   335s
  10   7.59500048e+07 -4.05839251e+08  2.10e+02 2.87e-04  1.18e+02   374s
  11   2.26568587e+07 -7.42887006e+07  5.52e+01 2.55e-06  2.31e+01   404s
  12   1.04461126e+07 -3.73225610e+07  2.26e+01 2.27e-12  1.13e+01   422s
  13   6.97811954e+06 -2.67482106e+07  1.36e+01 3.21e-13  7.98e+00   440s
  14   5.72547227e+06 -1.74683947e+07  1.06e+01 6.82e-13  5.49e+00   460s
  15   4.44439275e+06 -1.19492262e+07  7.71e+00 4.55e-12  3.87e+00   480s
  16   2.59496381e+06 -7.13514248e+06  3.88e+00 1.82e-12  2.30e+00   505s
  17   2.05304979e+06 -5.36600953e+06  2.85e+00 1.36e-12  1.75e+00   523s
  18   1.56501357e+06 -2.99199850e+06  1.91e+00 3.72e-14  1.08e+00   548s
  19   1.27497035e+06 -2.57681063e+06  1.38e+00 9.09e-13  9.09e-01   568s
  20   1.09351142e+06 -1.92470387e+06  1.07e+00 2.66e-14  7.12e-01   594s
  21   9.70287839e+05 -1.14860758e+06  8.57e-01 1.86e-14  5.00e-01   627s
  22   8.50957615e+05 -4.13010161e+05  6.55e-01 9.09e-13  2.98e-01   671s
  23   7.19057531e+05 -2.03644195e+05  4.32e-01 8.36e-15  2.18e-01   727s
  24   6.63279988e+05 -9.41332978e+03  3.37e-01 5.70e-15  1.59e-01   777s
  25   6.02226507e+05  8.61652476e+04  2.33e-01 9.09e-13  1.22e-01   819s
  26   5.80742675e+05  1.14413408e+05  1.97e-01 4.37e-15  1.10e-01   851s
  27   5.64238220e+05  1.94762799e+05  1.69e-01 4.55e-13  8.71e-02   900s
  28   5.50190826e+05  2.35742226e+05  1.46e-01 2.05e-12  7.42e-02   946s
  29   5.30665035e+05  2.77454471e+05  1.13e-01 1.78e-14  5.97e-02   988s
  30   5.19081063e+05  2.96891524e+05  9.59e-02 2.26e-15  5.24e-02  1034s
  31   5.05625983e+05  3.21599547e+05  7.72e-02 1.36e-12  4.34e-02  1080s
  32   4.90057851e+05  3.47835676e+05  6.04e-02 1.14e-12  3.35e-02  1126s
  33   4.81818739e+05  3.71489405e+05  5.11e-02 1.03e-15  2.60e-02  1172s
  34   4.70504369e+05  3.81272678e+05  3.85e-02 1.36e-12  2.10e-02  1218s
  35   4.64521686e+05  3.87946742e+05  3.20e-02 6.82e-13  1.81e-02  1281s
  36   4.59621480e+05  3.92877359e+05  2.67e-02 8.72e-16  1.57e-02  1317s
  37   4.55868268e+05  4.01594155e+05  2.26e-02 6.82e-13  1.28e-02  1361s
  38   4.52491177e+05  4.06599500e+05  1.90e-02 4.44e-15  1.08e-02  1408s
  39   4.51153968e+05  4.09232391e+05  1.75e-02 5.33e-15  9.89e-03  1452s
  40   4.49836249e+05  4.10134236e+05  1.60e-02 1.59e-12  9.36e-03  1490s
  41   4.47934125e+05  4.12803873e+05  1.39e-02 4.08e-15  8.29e-03  1527s
  42   4.46659171e+05  4.14624363e+05  1.24e-02 4.55e-13  7.56e-03  1568s
  43   4.45366456e+05  4.15611884e+05  1.10e-02 1.14e-12  7.02e-03  1614s
  44   4.44837073e+05  4.16603950e+05  1.04e-02 2.27e-12  6.66e-03  1649s
  45   4.44159090e+05  4.18383625e+05  9.63e-03 6.82e-13  6.08e-03  1693s
  46   4.43611280e+05  4.19448961e+05  9.02e-03 1.36e-12  5.70e-03  1737s
  47   4.43176154e+05  4.21215401e+05  8.54e-03 3.39e-15  5.18e-03  1782s
  48   4.42380896e+05  4.22369821e+05  7.68e-03 1.36e-12  4.72e-03  1840s
  49   4.41688301e+05  4.22930848e+05  6.93e-03 2.05e-12  4.42e-03  1887s
  50   4.41098331e+05  4.23965322e+05  6.31e-03 1.59e-12  4.04e-03  1929s
  51   4.40597158e+05  4.24847674e+05  5.78e-03 1.36e-12  3.71e-03  1983s
  52   4.40320829e+05  4.25253077e+05  5.49e-03 5.34e-15  3.55e-03  2026s
  53   4.39978580e+05  4.25981909e+05  5.13e-03 1.29e-14  3.30e-03  2057s
  54   4.39631040e+05  4.26706581e+05  4.77e-03 1.59e-12  3.05e-03  2090s
  55   4.39059989e+05  4.27479051e+05  4.19e-03 6.82e-13  2.73e-03  2138s
  56   4.38576780e+05  4.28873337e+05  3.70e-03 5.23e-15  2.29e-03  2183s
  57   4.38016689e+05  4.29372756e+05  3.14e-03 8.09e-15  2.04e-03  2228s
  58   4.37580203e+05  4.29837980e+05  2.71e-03 4.55e-13  1.83e-03  2274s
  59   4.37357203e+05  4.30543440e+05  2.49e-03 3.41e-12  1.61e-03  2316s
  60   4.37109677e+05  4.31301565e+05  2.24e-03 1.07e-14  1.37e-03  2358s
  61   4.36926392e+05  4.31616295e+05  2.07e-03 1.59e-12  1.25e-03  2404s
  62   4.36632962e+05  4.31800832e+05  1.78e-03 2.27e-13  1.14e-03  2457s
  63   4.36437311e+05  4.32004702e+05  1.59e-03 4.55e-13  1.05e-03  2506s
  64   4.36320954e+05  4.32161141e+05  1.48e-03 1.06e-14  9.81e-04  2560s
  65   4.36239044e+05  4.32324652e+05  1.40e-03 2.73e-12  9.23e-04  2608s
  66   4.36185840e+05  4.32483540e+05  1.35e-03 2.27e-13  8.73e-04  2656s
  67   4.36140661e+05  4.32631434e+05  1.31e-03 1.17e-14  8.28e-04  2699s
  68   4.36023547e+05  4.32853509e+05  1.20e-03 1.14e-14  7.48e-04  2744s
  69   4.35918848e+05  4.32947867e+05  1.10e-03 6.82e-13  7.01e-04  2798s
  70   4.35773306e+05  4.33040560e+05  9.61e-04 1.36e-12  6.45e-04  2841s
  71   4.35729108e+05  4.33347414e+05  9.18e-04 1.59e-12  5.62e-04  2885s
  72   4.35611600e+05  4.33413013e+05  8.08e-04 8.74e-15  5.19e-04  2929s
  73   4.35549931e+05  4.33504324e+05  7.51e-04 9.56e-15  4.82e-04  2973s
  74   4.35456964e+05  4.33543530e+05  6.64e-04 9.41e-15  4.51e-04  3021s
  75   4.35429991e+05  4.33711163e+05  6.38e-04 7.01e-15  4.05e-04  3067s
  76   4.35366561e+05  4.33731047e+05  5.79e-04 4.55e-13  3.86e-04  3104s
  77   4.35303901e+05  4.33805744e+05  5.22e-04 7.17e-15  3.53e-04  3155s
  78   4.35236490e+05  4.33912415e+05  4.61e-04 7.11e-15  3.12e-04  3205s
  79   4.35185040e+05  4.34019015e+05  4.14e-04 2.27e-12  2.75e-04  3255s
  80   4.35113127e+05  4.34072806e+05  3.49e-04 1.14e-12  2.45e-04  3309s
  81   4.35093828e+05  4.34195372e+05  3.32e-04 6.47e-15  2.12e-04  3386s
  82   4.35038070e+05  4.34236479e+05  2.84e-04 6.82e-13  1.89e-04  3452s
  83   4.35017117e+05  4.34272763e+05  2.66e-04 1.36e-12  1.76e-04  3538s
  84   4.34991680e+05  4.34292432e+05  2.45e-04 2.50e-12  1.65e-04  3617s
  85   4.34975898e+05  4.34322096e+05  2.31e-04 6.82e-13  1.54e-04  3678s
  86   4.34951621e+05  4.34341327e+05  2.10e-04 9.24e-15  1.44e-04  3766s
  87   4.34925281e+05  4.34374823e+05  1.87e-04 6.93e-15  1.30e-04  3842s
  88   4.34906846e+05  4.34407159e+05  1.71e-04 4.60e-15  1.18e-04  3919s
  89   4.34895570e+05  4.34419163e+05  1.61e-04 2.96e-12  1.12e-04  3997s
  90   4.34883957e+05  4.34434890e+05  1.52e-04 7.11e-15  1.06e-04  4088s
  91   4.34863093e+05  4.34448333e+05  1.34e-04 4.83e-15  9.78e-05  4175s
  92   4.34855997e+05  4.34468869e+05  1.28e-04 4.35e-15  9.13e-05  4249s
  93   4.34851161e+05  4.34486350e+05  1.24e-04 3.96e-15  8.60e-05  4343s
  94   4.34840111e+05  4.34495754e+05  1.14e-04 5.39e-15  8.12e-05  4406s
  95   4.34832384e+05  4.34504873e+05  1.08e-04 3.72e-15  7.72e-05  4476s
  96   4.34826334e+05  4.34514143e+05  1.03e-04 4.55e-13  7.36e-05  4559s
  97   4.34821976e+05  4.34518483e+05  9.93e-05 6.16e-15  7.16e-05  4618s
  98   4.34814565e+05  4.34532736e+05  9.32e-05 2.50e-12  6.65e-05  4700s
  99   4.34803233e+05  4.34544787e+05  8.38e-05 1.14e-12  6.10e-05  4799s
 100   4.34793740e+05  4.34557397e+05  7.59e-05 6.49e-15  5.57e-05  4887s
 101   4.34784507e+05  4.34567274e+05  6.82e-05 4.55e-13  5.12e-05  4961s
 102   4.34781425e+05  4.34579216e+05  6.57e-05 2.27e-13  4.77e-05  5022s
 103   4.34775134e+05  4.34584912e+05  6.07e-05 1.14e-12  4.49e-05  5116s
 104   4.34766682e+05  4.34591999e+05  5.41e-05 2.27e-13  4.12e-05  5215s
 105   4.34763460e+05  4.34600362e+05  5.16e-05 2.73e-12  3.85e-05  5324s
 106   4.34762187e+05  4.34606057e+05  5.05e-05 6.93e-15  3.68e-05  5406s
 107   4.34756148e+05  4.34612231e+05  4.58e-05 2.05e-12  3.39e-05  5521s
 108   4.34753804e+05  4.34614546e+05  4.39e-05 5.33e-15  3.28e-05  5589s
 109   4.34751742e+05  4.34624989e+05  4.23e-05 7.66e-15  2.99e-05  5686s
 110   4.34745849e+05  4.34632187e+05  3.76e-05 7.98e-15  2.68e-05  5814s
 111   4.34740244e+05  4.34637986e+05  3.32e-05 7.35e-15  2.41e-05  5946s
 112   4.34735174e+05  4.34643021e+05  2.93e-05 2.05e-12  2.17e-05  6070s
 113   4.34729981e+05  4.34647486e+05  2.52e-05 6.39e-15  1.95e-05  6197s
 114   4.34726201e+05  4.34653118e+05  2.22e-05 5.60e-15  1.72e-05  6312s
 115   4.34725501e+05  4.34654312e+05  2.17e-05 7.11e-15  1.68e-05  6392s
 116   4.34723549e+05  4.34657441e+05  2.03e-05 7.11e-15  1.56e-05  6526s
 117   4.34721433e+05  4.34663410e+05  1.87e-05 2.05e-12  1.37e-05  6652s
 118   4.34718864e+05  4.34666426e+05  1.67e-05 4.14e-15  1.24e-05  6771s
 119   4.34716180e+05  4.34667451e+05  1.47e-05 5.33e-15  1.15e-05  6913s
 120   4.34713852e+05  4.34669144e+05  1.30e-05 5.33e-15  1.05e-05  7083s
 121   4.34712626e+05  4.34673596e+05  1.21e-05 3.55e-15  9.21e-06  7222s
 122   4.34710704e+05  4.34675709e+05  1.07e-05 4.04e-15  8.25e-06  7361s
 123   4.34709309e+05  4.34677103e+05  9.66e-06 3.60e-15  7.60e-06  7462s
 124   4.34707434e+05  4.34679894e+05  8.25e-06 3.59e-15  6.50e-06  7599s
 125   4.34706387e+05  4.34681717e+05  7.48e-06 4.57e-15  5.82e-06  7723s
 126   4.34704770e+05  4.34683250e+05  6.31e-06 2.50e-12  5.08e-06  7871s
 127   4.34703241e+05  4.34684176e+05  5.25e-06 2.96e-12  4.50e-06  8004s
 128   4.34702650e+05  4.34684972e+05  4.82e-06 3.55e-15  4.17e-06  8155s
 129   4.34702435e+05  4.34686379e+05  4.66e-06 4.23e-15  3.79e-06  8305s
 130   4.34701341e+05  4.34686888e+05  3.91e-06 3.55e-15  3.41e-06  8473s
 131   4.34700801e+05  4.34688261e+05  3.51e-06 3.18e-12  2.96e-06  8601s
 132   4.34699735e+05  4.34689083e+05  2.72e-06 4.93e-15  2.51e-06  8765s
 133   4.34699117e+05  4.34690541e+05  2.32e-06 2.05e-12  2.02e-06  8890s
 134   4.34698943e+05  4.34690823e+05  2.20e-06 6.82e-13  1.92e-06  9026s
 135   4.34698427e+05  4.34691286e+05  1.83e-06 9.09e-13  1.68e-06  9209s
 136   4.34698126e+05  4.34691839e+05  1.63e-06 4.55e-13  1.48e-06  9362s
 137   4.34697884e+05  4.34692298e+05  1.48e-06 3.18e-12  1.32e-06  9560s
 138   4.34697599e+05  4.34692669e+05  1.29e-06 3.41e-13  1.16e-06  9716s
 139   4.34697431e+05  4.34692866e+05  1.15e-06 1.36e-12  1.08e-06  9804s
 140   4.34697338e+05  4.34693395e+05  1.10e-06 7.96e-13  9.30e-07  9929s
 141   4.34697295e+05  4.34693431e+05  1.08e-06 7.96e-13  9.11e-07  10039s
 142   4.34697113e+05  4.34693610e+05  9.43e-07 1.14e-12  8.26e-07  10210s
 143   4.34696825e+05  4.34693707e+05  7.62e-07 1.25e-12  7.36e-07  10422s
 144   4.34696709e+05  4.34693988e+05  6.92e-07 2.50e-12  6.42e-07  10633s
 145   4.34696653e+05  4.34694154e+05  6.45e-07 1.19e-12  5.89e-07  10843s
 146   4.34696553e+05  4.34694272e+05  5.91e-07 1.48e-12  5.38e-07  11021s
 147   4.34696438e+05  4.34694407e+05  5.28e-07 3.35e-12  4.79e-07  11223s
 148   4.34696360e+05  4.34694475e+05  8.52e-07 8.32e-09  4.45e-07  11330s
 149   4.34696333e+05  4.34694593e+05  9.32e-07 1.69e-08  4.10e-07  11460s
 150   4.34696276e+05  4.34694648e+05  8.06e-07 1.62e-08  3.84e-07  11499s
 151   4.34696241e+05  4.34694688e+05  7.33e-07 1.72e-08  3.66e-07  11552s
 152   4.34696200e+05  4.34694749e+05  7.08e-07 1.63e-08  3.42e-07  11693s
 153   4.34696124e+05  4.34694836e+05  6.19e-07 1.48e-08  3.04e-07  11860s
 154   4.34696096e+05  4.34694899e+05  5.76e-07 1.21e-08  2.82e-07  12004s
 155   4.34696073e+05  4.34694969e+05  5.22e-07 9.59e-09  2.60e-07  12108s
 156   4.34696019e+05  4.34695030e+05  4.43e-07 8.50e-08  2.33e-07  12328s
 157   4.34695958e+05  4.34695118e+05  1.20e-07 8.07e-08  1.98e-07  12472s
 158   4.34695921e+05  4.34695213e+05  2.51e-07 7.09e-08  1.67e-07  12603s
 159   4.34695877e+05  4.34695255e+05  1.11e-06 3.01e-08  1.47e-07  12773s
 160   4.34695854e+05  4.34695288e+05  1.34e-07 1.52e-07  1.34e-07  12849s
 161   4.34695822e+05  4.34695319e+05  4.93e-06 1.09e-07  1.19e-07  12940s
 162   4.34695805e+05  4.34695335e+05  9.46e-06 1.03e-07  1.11e-07  13027s
 163   4.34695800e+05  4.34695354e+05  9.12e-06 1.27e-07  1.05e-07  13101s
 164   4.34695785e+05  4.34695388e+05  8.39e-06 1.09e-07  9.37e-08  13229s
 165   4.34695773e+05  4.34695421e+05  7.71e-06 4.58e-08  8.31e-08  13337s
 166   4.34695762e+05  4.34695435e+05  7.07e-06 1.10e-07  7.72e-08  13427s
 167   4.34695752e+05  4.34695456e+05  6.49e-06 1.00e-07  6.98e-08  13502s
 168   4.34695740e+05  4.34695476e+05  5.84e-06 1.08e-07  6.24e-08  13640s
 169   4.34695733e+05  4.34695491e+05  5.41e-06 9.60e-08  5.70e-08  13696s
 170   4.34695727e+05  4.34695507e+05  5.21e-06 6.58e-08  5.19e-08  13763s
 171   4.34695720e+05  4.34695523e+05  4.80e-06 5.65e-08  4.65e-08  13845s
 172   4.34695713e+05  4.34695537e+05  4.36e-06 4.92e-08  4.15e-08  13930s
 173   4.34695702e+05  4.34695549e+05  3.84e-06 4.51e-08  3.60e-08  14007s
 174   4.34695693e+05  4.34695555e+05  3.31e-06 4.30e-08  3.26e-08  14093s
 175   4.34695688e+05  4.34695560e+05  3.01e-06 4.14e-08  3.00e-08  14199s
 176   4.34695683e+05  4.34695565e+05  2.78e-06 3.90e-08  2.81e-08  14259s
 177   4.34695679e+05  4.34695569e+05  2.57e-06 3.71e-08  2.60e-08  14334s
 178   4.34695673e+05  4.34695575e+05  2.27e-06 3.37e-08  2.32e-08  14435s
 179   4.34695670e+05  4.34695578e+05  2.05e-06 3.22e-08  2.17e-08  14516s
 180   4.34695669e+05  4.34695581e+05  1.93e-06 3.08e-08  2.08e-08  14572s
 181   4.34695665e+05  4.34695584e+05  1.71e-06 4.81e-08  1.91e-08  14650s
 182   4.34695662e+05  4.34695587e+05  1.58e-06 3.70e-08  1.76e-08  14737s
 183   4.34695660e+05  4.34695594e+05  1.46e-06 6.06e-08  1.57e-08  14816s
 184   4.34695655e+05  4.34695598e+05  1.10e-06 3.35e-08  1.37e-08  14898s
 185   4.34695653e+05  4.34695601e+05  9.66e-07 1.77e-08  1.23e-08  14957s
 186   4.34695651e+05  4.34695604e+05  8.84e-07 1.65e-08  1.13e-08  15036s
 187   4.34695650e+05  4.34695608e+05  8.17e-07 1.43e-08  1.00e-08  15109s
 188   4.34695649e+05  4.34695610e+05  8.26e-07 1.23e-08  9.09e-09  15187s
 189   4.34695647e+05  4.34695612e+05  7.44e-07 1.12e-08  8.26e-09  15273s
 190   4.34695646e+05  4.34695613e+05  6.69e-07 1.08e-08  7.73e-09  15354s
 191   4.34695644e+05  4.34695616e+05  5.52e-07 1.04e-08  6.44e-09  15470s
 192   4.34695643e+05  4.34695617e+05  4.97e-07 2.13e-08  5.95e-09  15527s
 193   4.34695642e+05  4.34695619e+05  4.58e-07 1.82e-08  5.42e-09  15616s
 194   4.34695641e+05  4.34695620e+05  1.93e-05 1.64e-08  4.84e-09  15751s
 195   4.34695640e+05  4.34695623e+05  1.66e-05 5.57e-09  3.95e-09  15888s
 196   4.34695639e+05  4.34695624e+05  1.48e-05 5.56e-09  3.49e-09  15930s
 197   4.34695639e+05  4.34695624e+05  1.46e-05 5.49e-09  3.43e-09  15982s
 198   4.34695638e+05  4.34695625e+05  2.09e-03 5.42e-09  3.11e-09  16069s
 199   4.34695637e+05  4.34695627e+05  1.80e-03 3.46e-09  2.48e-09  16126s
 200   4.34695637e+05  4.34695628e+05  1.64e-03 2.83e-09  2.14e-09  16204s
 201   4.34695637e+05  4.34695628e+05  1.54e-03 2.49e-09  1.94e-09  16248s
 202   4.34695636e+05  4.34695629e+05  1.14e-03 2.05e-09  1.52e-09  16371s
 203   4.34695635e+05  4.34695629e+05  9.70e-04 1.97e-09  1.36e-09  16419s
 204   4.34695635e+05  4.34695630e+05  8.37e-04 1.84e-09  1.23e-09  16495s
 205   4.34695634e+05  4.34695630e+05  6.65e-04 1.62e-09  1.01e-09  16534s
 206   4.34695634e+05  4.34695630e+05  6.18e-04 7.71e-09  8.95e-10  16590s
 207   4.34695634e+05  4.34695631e+05  5.43e-04 7.10e-09  7.91e-10  16639s
 208   4.34695634e+05  4.34695631e+05  4.58e-04 4.91e-09  6.03e-10  16675s
 209   4.34695634e+05  4.34695632e+05  3.67e-04 3.29e-09  4.46e-10  16721s
 210   4.34695633e+05  4.34695632e+05  3.08e-04 2.22e-09  3.42e-10  16759s
 211   4.34695633e+05  4.34695632e+05  2.26e-04 1.40e-09  2.37e-10  16825s

Barrier solved model in 211 iterations and 16824.91 seconds (1482.65 work units)
Optimal objective 4.34695633e+05

