
Gurobi 13.0.2 (linux64) logging started Thu Jul 16 12:55:50 2026

Set parameter LogFile to value "outputs/batch_1007_res/2043_FR_alone/logfile_2043_FR_alone.txt"
Gurobi Optimizer version 13.0.2 build v13.0.2rc1 (linux64 - "CentOS Stream 9")

CPU model: Intel(R) Xeon(R) Gold 6130 CPU @ 2.10GHz, instruction set [SSE2|AVX|AVX2|AVX512]
Thread count: 16 physical cores, 32 logical processors, using up to 32 threads

Non-default parameters:
Method  2
Crossover  0
NumericFocus  3
Presolve  2

Optimize a model with 1007906 rows, 823495 columns and 3978190 nonzeros (Min)
Model fingerprint: 0x04323636
Model has 210275 linear objective coefficients
Coefficient statistics:
  Matrix range     [1e-04, 1e+02]
  Objective range  [6e-04, 3e+03]
  Bounds range     [0e+00, 0e+00]
  RHS range        [7e-02, 1e+05]

Presolve removed 482139 rows and 236558 columns (presolve time = 5s)...
Presolve removed 482139 rows and 236558 columns (presolve time = 10s)...
Presolve removed 596021 rows and 245321 columns (presolve time = 15s)...
Presolve removed 596021 rows and 245321 columns (presolve time = 20s)...
Presolve removed 604781 rows and 245321 columns
Presolve time: 22.14s
Presolved: 403125 rows, 586934 columns, 2290110 nonzeros
Ordering time: 0.37s

Barrier statistics:
 Dense cols : 14
 AA' NZ     : 1.956e+06
 Factor NZ  : 8.507e+06 (roughly 500 MB of memory)
 Factor Ops : 3.939e+08 (less than 1 second per iteration)
 Threads    : 16

                  Objective                Residual
Iter       Primal          Dual         Primal    Dual     Compl     Time
   0   1.40485908e+09 -2.22365098e+12  2.41e+08 3.28e-14  3.20e+07    23s
   1   1.40544125e+09 -9.87025936e+11  2.21e+08 2.79e+02  2.24e+07    24s
   2   1.47843913e+09 -8.73417557e+11  1.71e+08 3.10e+02  1.78e+07    25s
   3   3.83867756e+09 -4.57329108e+11  5.18e+07 8.91e+01  6.49e+06    26s
   4   4.01655462e+09 -9.46342448e+10  9.25e+06 1.15e+01  1.07e+06    26s
   5   3.66329474e+09 -2.21574880e+10  1.38e+06 1.02e+00  1.55e+05    27s
   6   1.95404195e+09 -6.88427327e+09  1.86e+05 1.18e-01  2.46e+04    27s
   7   5.18075589e+08 -2.15618800e+09  2.41e+04 2.89e-02  4.64e+03    28s
   8   1.33614593e+08 -2.02184691e+09  2.70e+03 2.69e-02  2.79e+03    28s
   9   5.33572465e+07 -2.56278212e+08  2.67e+02 2.21e-03  3.60e+02    29s
  10   1.38491761e+07 -3.07532431e+07  3.38e+01 9.14e-05  4.77e+01    30s
  11   2.58511968e+06 -7.67878967e+06  4.98e+00 5.92e-12  1.05e+01    31s
  12   1.23256047e+06 -5.36613007e+06  2.02e+00 4.89e-12  6.68e+00    32s
  13   7.20288095e+05 -3.34257404e+06  1.08e+00 2.73e-12  4.10e+00    32s
  14   5.04813237e+05 -1.49808545e+06  6.92e-01 1.78e-12  2.01e+00    33s
  15   4.22885982e+05 -9.48177435e+05  5.53e-01 9.86e-13  1.38e+00    33s
  16   2.62694044e+05 -3.98254118e+05  2.91e-01 3.33e-13  6.63e-01    34s
  17   1.82889511e+05 -2.07361572e+05  1.70e-01 1.76e-13  3.91e-01    35s
  18   1.49298941e+05 -1.19942290e+05  1.19e-01 1.76e-13  2.70e-01    36s
  19   1.33045336e+05 -6.43769453e+04  9.44e-02 1.23e-13  1.98e-01    37s
  20   1.12943804e+05 -2.80317062e+04  6.44e-02 7.50e-14  1.41e-01    37s
  21   9.99972797e+04  5.20461275e+02  4.44e-02 5.10e-14  9.97e-02    39s
  22   9.48154577e+04  1.72145942e+04  3.67e-02 4.75e-14  7.77e-02    40s
  23   9.16314722e+04  2.43286634e+04  3.19e-02 3.95e-14  6.74e-02    40s
  24   8.62726640e+04  2.91169552e+04  2.36e-02 3.42e-14  5.73e-02    41s
  25   8.33304426e+04  3.55731416e+04  1.92e-02 3.51e-14  4.78e-02    42s
  26   8.00652020e+04  3.92247950e+04  1.44e-02 2.31e-14  4.09e-02    44s
  27   7.79739164e+04  4.51250043e+04  1.15e-02 2.40e-14  3.29e-02    45s
  28   7.65366390e+04  4.80989472e+04  9.48e-03 2.08e-14  2.85e-02    46s
  29   7.53449917e+04  5.11359889e+04  7.96e-03 1.33e-14  2.43e-02    47s
  30   7.39706736e+04  5.40348848e+04  6.22e-03 1.33e-14  2.00e-02    48s
  31   7.26094689e+04  5.68852511e+04  4.56e-03 1.11e-14  1.58e-02    50s
  32   7.14491733e+04  5.86734310e+04  3.25e-03 7.74e-15  1.28e-02    51s
  33   7.08851808e+04  5.93074242e+04  2.66e-03 9.52e-15  1.16e-02    52s
  34   7.03018123e+04  6.03867273e+04  2.05e-03 6.41e-15  9.93e-03    53s
  35   6.98902888e+04  6.17417705e+04  1.65e-03 5.08e-15  8.16e-03    54s
  36   6.95539334e+04  6.28070465e+04  1.37e-03 1.78e-14  6.76e-03    55s
  37   6.91149429e+04  6.37857396e+04  1.01e-03 3.97e-15  5.34e-03    56s
  38   6.87629757e+04  6.46554892e+04  7.33e-04 6.22e-15  4.12e-03    58s
  39   6.85582092e+04  6.54291175e+04  5.80e-04 2.64e-15  3.14e-03    59s
  40   6.84029352e+04  6.58402479e+04  4.72e-04 2.30e-15  2.57e-03    61s
  41   6.83264078e+04  6.60551477e+04  4.18e-04 2.00e-15  2.28e-03    63s
  42   6.82897556e+04  6.62321328e+04  3.93e-04 1.53e-15  2.06e-03    65s
  43   6.81974035e+04  6.63188041e+04  3.34e-04 1.30e-15  1.88e-03    67s
  44   6.81724427e+04  6.66041673e+04  3.17e-04 3.33e-15  1.57e-03    68s
  45   6.81277645e+04  6.66659111e+04  2.87e-04 2.08e-15  1.46e-03    70s
  46   6.80671458e+04  6.67515546e+04  2.48e-04 4.16e-16  1.32e-03    72s
  47   6.80099714e+04  6.68662070e+04  2.11e-04 4.16e-16  1.15e-03    74s
  48   6.79584240e+04  6.69532618e+04  1.77e-04 9.71e-16  1.01e-03    76s
  49   6.79210745e+04  6.70976046e+04  1.54e-04 6.38e-16  8.25e-04    78s
  50   6.78919114e+04  6.72034356e+04  1.36e-04 2.70e-16  6.90e-04    79s
  51   6.78662956e+04  6.72905974e+04  1.20e-04 2.54e-16  5.77e-04    82s
  52   6.78389662e+04  6.73060919e+04  1.05e-04 3.05e-16  5.34e-04    84s
  53   6.78198044e+04  6.73690046e+04  9.33e-05 4.16e-16  4.52e-04    86s
  54   6.77993469e+04  6.73920397e+04  8.14e-05 7.49e-16  4.08e-04    88s
  55   6.77779742e+04  6.74514827e+04  6.92e-05 1.55e-15  3.27e-04    90s
  56   6.77615582e+04  6.74742913e+04  5.99e-05 2.26e-16  2.88e-04    92s
  57   6.77461929e+04  6.75072186e+04  5.13e-05 4.16e-16  2.39e-04    94s
  58   6.77390311e+04  6.75285561e+04  4.75e-05 4.88e-15  2.11e-04    96s
  59   6.77291996e+04  6.75310664e+04  4.21e-05 6.66e-16  1.99e-04    98s
  60   6.77238316e+04  6.75659506e+04  3.93e-05 6.38e-16  1.58e-04   101s
  61   6.77053764e+04  6.75715626e+04  2.92e-05 1.89e-15  1.34e-04   103s
  62   6.76969577e+04  6.75858593e+04  2.48e-05 1.86e-16  1.11e-04   106s
  63   6.76904773e+04  6.76051208e+04  2.15e-05 2.82e-16  8.55e-05   108s
  64   6.76820891e+04  6.76119198e+04  1.72e-05 2.45e-16  7.03e-05   110s
  65   6.76784167e+04  6.76197443e+04  1.53e-05 2.41e-16  5.88e-05   113s
  66   6.76725476e+04  6.76261276e+04  1.22e-05 2.17e-16  4.65e-05   115s
  67   6.76655644e+04  6.76294245e+04  8.74e-06 4.33e-15  3.62e-05   118s
  68   6.76638496e+04  6.76320819e+04  7.86e-06 2.99e-16  3.18e-05   119s
  69   6.76630566e+04  6.76326762e+04  7.49e-06 8.33e-16  3.04e-05   122s
  70   6.76619045e+04  6.76356277e+04  6.91e-06 9.44e-16  2.63e-05   124s
  71   6.76602715e+04  6.76364240e+04  6.08e-06 1.11e-15  2.39e-05   126s
  72   6.76588501e+04  6.76385702e+04  5.38e-06 8.33e-16  2.03e-05   129s
  73   6.76574280e+04  6.76389834e+04  4.66e-06 1.72e-15  1.85e-05   131s
  74   6.76557478e+04  6.76399227e+04  3.83e-06 2.71e-16  1.59e-05   134s
  75   6.76542339e+04  6.76413226e+04  3.08e-06 1.17e-15  1.29e-05   137s
  76   6.76523804e+04  6.76428225e+04  2.18e-06 1.89e-15  9.57e-06   139s
  77   6.76517775e+04  6.76443118e+04  1.88e-06 2.17e-13  7.48e-06   141s
  78   6.76505848e+04  6.76450818e+04  1.30e-06 1.69e-13  5.51e-06   144s
  79   6.76501871e+04  6.76456533e+04  1.11e-06 1.32e-13  4.54e-06   146s
  80   6.76497647e+04  6.76461034e+04  9.13e-07 1.04e-13  3.67e-06   149s
  81   6.76494900e+04  6.76462505e+04  7.75e-07 9.45e-14  3.25e-06   151s
  82   6.76492569e+04  6.76463965e+04  6.75e-07 8.51e-14  2.87e-06   153s
  83   6.76491344e+04  6.76464472e+04  6.08e-07 8.19e-14  2.69e-06   156s
  84   6.76489540e+04  6.76466721e+04  5.40e-07 6.76e-14  2.29e-06   158s
  85   6.76487239e+04  6.76468500e+04  4.36e-07 5.66e-14  1.88e-06   161s
  86   6.76486209e+04  6.76470212e+04  3.88e-07 4.60e-14  1.60e-06   164s
  87   6.76484603e+04  6.76472010e+04  3.05e-07 3.49e-14  1.26e-06   166s
  88   6.76483152e+04  6.76472824e+04  2.36e-07 2.97e-14  1.03e-06   169s
  89   6.76481736e+04  6.76473756e+04  1.71e-07 2.40e-14  7.99e-07   172s
  90   6.76481376e+04  6.76474551e+04  1.65e-07 1.91e-14  6.84e-07   176s
  91   6.76480927e+04  6.76475043e+04  1.46e-07 1.61e-14  5.89e-07   179s
  92   6.76480213e+04  6.76475302e+04  1.21e-07 1.45e-14  4.92e-07   183s
  93   6.76479179e+04  6.76475573e+04  5.30e-08 1.28e-14  3.61e-07   186s
  94   6.76478902e+04  6.76476045e+04  5.40e-08 9.88e-15  2.86e-07   190s
  95   6.76478668e+04  6.76476271e+04  4.14e-08 8.47e-15  2.40e-07   194s
  96   6.76478463e+04  6.76476425e+04  2.93e-08 7.58e-15  2.04e-07   197s
  97   6.76478318e+04  6.76476685e+04  1.79e-08 6.04e-15  1.64e-07   202s
  98   6.76478178e+04  6.76476853e+04  1.81e-08 1.07e-10  1.33e-07   205s
  99   6.76478103e+04  6.76476954e+04  1.74e-08 1.07e-10  1.15e-07   209s
 100   6.76477952e+04  6.76477027e+04  9.43e-09 9.60e-11  9.27e-08   213s
 101   6.76477831e+04  6.76477177e+04  4.83e-09 7.50e-11  6.56e-08   218s
 102   6.76477766e+04  6.76477264e+04  3.14e-09 6.12e-11  5.04e-08   225s
 103   6.76477728e+04  6.76477360e+04  8.82e-08 4.64e-11  3.69e-08   230s
 104   6.76477708e+04  6.76477453e+04  5.52e-08 1.83e-11  2.56e-08   234s
 105   6.76477694e+04  6.76477562e+04  3.70e-08 1.48e-11  1.32e-08   236s
 106   6.76477684e+04  6.76477591e+04  4.11e-08 1.21e-11  9.32e-09   238s
 107   6.76477681e+04  6.76477603e+04  3.16e-05 2.35e-11  7.81e-09   239s
 108   6.76477680e+04  6.76477615e+04  2.78e-05 2.30e-11  6.58e-09   240s
 109   6.76477680e+04  6.76477622e+04  3.18e-05 2.13e-11  5.85e-09   241s
 110   6.76477679e+04  6.76477629e+04  3.34e-05 3.15e-11  5.10e-09   242s
 111   6.76477679e+04  6.76477634e+04  3.40e-05 2.81e-11  4.61e-09   243s
 112   6.76477679e+04  6.76477636e+04  3.50e-05 2.46e-11  4.35e-09   244s
 113   6.76477679e+04  6.76477640e+04  3.27e-05 2.22e-11  3.88e-09   246s
 114   6.76477678e+04  6.76477655e+04  3.60e-05 1.71e-11  2.29e-09   248s
 115   6.76477677e+04  6.76477658e+04  3.28e-05 1.53e-11  1.96e-09   249s
 116   6.76477677e+04  6.76477662e+04  2.61e-05 5.95e-10  1.55e-09   250s
 117   6.76477677e+04  6.76477663e+04  2.54e-05 5.29e-10  1.37e-09   253s
 118   6.76477677e+04  6.76477665e+04  2.53e-05 3.42e-10  1.24e-09   254s
 119   6.76477677e+04  6.76477666e+04  1.58e-05 3.24e-10  1.12e-09   255s
 120   6.76477677e+04  6.76477668e+04  1.36e-05 5.43e-10  9.13e-10   256s
 121   6.76477676e+04  6.76477673e+04  1.01e-05 1.93e-10  3.29e-10   257s
 122   6.76477676e+04  6.76477676e+04  2.76e-06 1.31e-11  3.76e-11   258s

Barrier solved model in 122 iterations and 258.50 seconds (208.42 work units)
Optimal objective 6.76477676e+04


Gurobi 13.0.2 (linux64) logging started Fri Jul 17 03:54:21 2026

Set parameter LogFile to value "outputs/batch_1007_res/2043_FR_alone/logfile_2043_FR_alone.txt"
Gurobi Optimizer version 13.0.2 build v13.0.2rc1 (linux64 - "CentOS Stream 9")

CPU model: Intel(R) Xeon(R) Gold 6130 CPU @ 2.10GHz, instruction set [SSE2|AVX|AVX2|AVX512]
Thread count: 16 physical cores, 32 logical processors, using up to 32 threads

Non-default parameters:
Method  2
Crossover  0
NumericFocus  3
Presolve  2

Optimize a model with 1007907 rows, 823495 columns and 3925631 nonzeros (Min)
Model fingerprint: 0x9e55f371
Model has 210275 linear objective coefficients
Coefficient statistics:
  Matrix range     [1e-04, 1e+02]
  Objective range  [6e-04, 3e+03]
  Bounds range     [0e+00, 0e+00]
  RHS range        [7e-02, 1e+05]

Presolve removed 639820 rows and 438038 columns (presolve time = 5s)...
Presolve removed 736182 rows and 446801 columns
Presolve time: 9.51s
Presolved: 271725 rows, 385454 columns, 1466670 nonzeros
Ordering time: 0.38s

Barrier statistics:
 Dense cols : 14
 AA' NZ     : 1.094e+06
 Factor NZ  : 5.980e+06 (roughly 300 MB of memory)
 Factor Ops : 3.587e+08 (less than 1 second per iteration)
 Threads    : 16

                  Objective                Residual
Iter       Primal          Dual         Primal    Dual     Compl     Time
   0   3.21507830e+07 -1.07709129e+12  8.79e+07 3.71e-14  1.23e+07    11s
   1   3.22384942e+07 -3.99857550e+11  8.08e+07 2.28e+02  7.80e+06    12s
   2   3.31044760e+07 -1.02876086e+11  6.24e+07 2.46e+01  5.02e+06    14s
   3   3.95159853e+07 -3.66793766e+10  1.57e+07 3.86e+00  1.29e+06    16s
   4   3.96820388e+07 -1.24292698e+10  2.09e+06 3.59e-01  1.80e+05    17s
   5   3.67220827e+07 -5.27922101e+09  4.08e+05 8.07e-02  3.79e+04    18s
   6   2.75177404e+07 -2.25805409e+09  8.17e+04 2.45e-02  8.64e+03    19s
   7   1.63031611e+07 -1.28172188e+09  1.87e+04 1.04e-02  3.00e+03    20s
   8   1.25997073e+07 -1.16783370e+09  3.20e+03 9.16e-03  2.00e+03    21s
   9   1.03371627e+07 -8.72330256e+08  9.39e+02 6.43e-03  1.41e+03    23s
  10   9.94784867e+06 -7.76506531e+08  4.69e+02 5.41e-03  1.24e+03    24s
  11   7.36339701e+06 -5.00718038e+08  9.63e+01 3.19e-03  7.89e+02    25s
  12   4.00513405e+06 -8.82327158e+07  1.63e+01 1.06e-10  1.41e+02    27s
  13   1.78522982e+06 -1.88002903e+07  5.51e+00 6.88e-13  3.12e+01    28s
  14   9.43489109e+05 -6.62501657e+06  2.60e+00 2.18e-11  1.14e+01    30s
  15   5.38183735e+05 -2.59250350e+06  1.31e+00 5.80e-12  4.71e+00    31s
  16   3.98858502e+05 -1.35720032e+06  8.73e-01 3.01e-12  2.64e+00    32s
  17   2.50737947e+05 -4.85966891e+05  4.66e-01 3.41e-12  1.11e+00    33s
  18   1.78346970e+05 -2.29513512e+05  2.79e-01 1.96e-12  6.13e-01    35s
  19   1.40727523e+05 -6.60126720e+04  1.77e-01 7.74e-13  3.11e-01    36s
  20   1.17923296e+05 -1.86698804e+04  1.19e-01 5.33e-13  2.05e-01    37s
  21   9.65268748e+04  1.35647087e+04  6.59e-02 3.16e-13  1.25e-01    39s
  22   8.96786352e+04  2.72501444e+04  4.87e-02 8.53e-14  9.38e-02    40s
  23   8.40416479e+04  3.40886574e+04  3.46e-02 1.71e-13  7.50e-02    42s
  24   7.96976986e+04  4.48876006e+04  2.44e-02 7.64e-14  5.23e-02    44s
  25   7.64726321e+04  5.01936722e+04  1.72e-02 5.15e-14  3.95e-02    46s
  26   7.41085168e+04  5.49000396e+04  1.22e-02 5.86e-14  2.89e-02    47s
  27   7.19499380e+04  5.74926511e+04  8.10e-03 6.04e-14  2.17e-02    50s
  28   7.06401938e+04  5.92505780e+04  6.01e-03 1.60e-14  1.71e-02    51s
  29   6.94122168e+04  6.09899470e+04  4.05e-03 4.70e-16  1.27e-02    53s
  30   6.86727425e+04  6.22494974e+04  2.93e-03 1.73e-14  9.65e-03    55s
  31   6.80948711e+04  6.31675572e+04  2.11e-03 1.33e-14  7.40e-03    57s
  32   6.78606467e+04  6.36566783e+04  1.80e-03 2.40e-14  6.31e-03    59s
  33   6.76952213e+04  6.41681204e+04  1.58e-03 6.66e-15  5.30e-03    60s
  34   6.75929176e+04  6.43493195e+04  1.44e-03 3.55e-15  4.87e-03    62s
  35   6.74825937e+04  6.46039451e+04  1.31e-03 1.15e-14  4.32e-03    64s
  36   6.72905570e+04  6.46634728e+04  1.05e-03 1.15e-14  3.95e-03    66s
  37   6.71509553e+04  6.50069492e+04  8.83e-04 1.33e-14  3.22e-03    68s
  38   6.70522075e+04  6.52995996e+04  7.66e-04 5.33e-15  2.63e-03    70s
  39   6.69499996e+04  6.53854474e+04  6.52e-04 5.83e-16  2.35e-03    73s
  40   6.68792531e+04  6.55814584e+04  5.73e-04 4.00e-15  1.95e-03    75s
  41   6.68471019e+04  6.56263032e+04  5.36e-04 4.70e-16  1.83e-03    76s
  42   6.68227534e+04  6.56515031e+04  5.09e-04 6.66e-16  1.76e-03    78s
  43   6.67887238e+04  6.56910949e+04  4.69e-04 3.11e-15  1.65e-03    80s
  44   6.67832163e+04  6.57008212e+04  4.51e-04 6.92e-16  1.63e-03    81s
  45   6.67317055e+04  6.57317836e+04  3.82e-04 7.11e-15  1.50e-03    83s
  46   6.66829354e+04  6.58011825e+04  3.29e-04 6.92e-16  1.32e-03    85s
  47   6.66587302e+04  6.58789010e+04  3.01e-04 2.00e-15  1.17e-03    88s
  48   6.66470207e+04  6.59211362e+04  2.84e-04 5.77e-15  1.09e-03    91s
  49   6.66207226e+04  6.59663296e+04  2.54e-04 6.92e-16  9.83e-04    94s
  50   6.66058936e+04  6.59816150e+04  2.36e-04 9.14e-16  9.38e-04    96s
  51   6.65739174e+04  6.60249889e+04  2.04e-04 9.14e-16  8.25e-04    99s
  52   6.65518759e+04  6.60618812e+04  1.82e-04 6.92e-16  7.36e-04   101s
  53   6.65191864e+04  6.61221646e+04  1.50e-04 4.70e-16  5.96e-04   104s
  54   6.65028474e+04  6.61801316e+04  1.34e-04 1.18e-14  4.85e-04   106s
  55   6.64997309e+04  6.61891318e+04  1.31e-04 1.11e-15  4.67e-04   108s
  56   6.64813412e+04  6.61986999e+04  1.15e-04 6.92e-16  4.25e-04   111s
  57   6.64653870e+04  6.62323493e+04  9.88e-05 1.78e-15  3.50e-04   113s
  58   6.64497634e+04  6.62513539e+04  8.38e-05 4.70e-16  2.98e-04   116s
  59   6.64375121e+04  6.62703958e+04  7.18e-05 4.70e-16  2.51e-04   119s
  60   6.64309187e+04  6.62791059e+04  6.56e-05 2.66e-15  2.28e-04   123s
  61   6.64265486e+04  6.62809569e+04  6.16e-05 3.33e-15  2.19e-04   125s
  62   6.64257525e+04  6.62838250e+04  6.08e-05 2.00e-15  2.13e-04   128s
  63   6.64246204e+04  6.62944121e+04  5.96e-05 6.92e-16  1.96e-04   131s
  64   6.64116691e+04  6.63187052e+04  4.11e-05 1.58e-15  1.40e-04   133s
  65   6.64030294e+04  6.63359376e+04  3.00e-05 8.88e-15  1.01e-04   135s
  66   6.63918145e+04  6.63511796e+04  1.65e-05 2.66e-15  6.10e-05   137s
  67   6.63845241e+04  6.63586852e+04  8.24e-06 2.89e-15  3.88e-05   141s
  68   6.63819548e+04  6.63638411e+04  5.62e-06 8.88e-16  2.72e-05   143s
  69   6.63805535e+04  6.63675738e+04  4.21e-06 8.88e-16  1.95e-05   144s
  70   6.63801740e+04  6.63683417e+04  3.86e-06 4.61e-16  1.78e-05   146s
  71   6.63795927e+04  6.63700604e+04  3.32e-06 1.58e-15  1.43e-05   148s
  72   6.63788445e+04  6.63709074e+04  2.63e-06 1.78e-15  1.19e-05   150s
  73   6.63779857e+04  6.63716286e+04  1.82e-06 2.66e-15  9.55e-06   152s
  74   6.63771142e+04  6.63735887e+04  1.03e-06 5.13e-15  5.30e-06   154s
  75   6.63768356e+04  6.63743325e+04  7.90e-07 1.58e-15  3.76e-06   156s
  76   6.63767032e+04  6.63745435e+04  6.75e-07 1.58e-15  3.24e-06   158s
  77   6.63765609e+04  6.63748560e+04  5.55e-07 2.60e-15  2.56e-06   159s
  78   6.63764524e+04  6.63750469e+04  4.68e-07 3.20e-15  2.11e-06   161s
  79   6.63763947e+04  6.63751379e+04  4.19e-07 7.55e-15  1.89e-06   163s
  80   6.63762436e+04  6.63754642e+04  2.99e-07 1.39e-14  1.17e-06   164s
  81   6.63760853e+04  6.63756424e+04  1.69e-07 1.15e-14  6.65e-07   166s
  82   6.63759910e+04  6.63757522e+04  9.45e-08 6.44e-15  3.59e-07   167s
  83   6.63759599e+04  6.63757842e+04  7.35e-08 4.67e-15  2.64e-07   169s
  84   6.63759527e+04  6.63757918e+04  6.94e-08 5.55e-15  2.42e-07   172s
  85   6.63759432e+04  6.63758015e+04  6.04e-08 1.02e-12  2.13e-07   175s
  86   6.63759208e+04  6.63758161e+04  4.08e-08 4.00e-15  1.57e-07   178s
  87   6.63759068e+04  6.63758428e+04  3.04e-08 4.05e-13  9.60e-08   180s
  88   6.63758863e+04  6.63758521e+04  1.49e-08 2.49e-13  5.15e-08   182s
  89   6.63758728e+04  6.63758632e+04  5.38e-09 9.09e-13  1.44e-08   185s
  90   6.63758708e+04  6.63758642e+04  2.23e-06 4.30e-11  9.94e-09   187s
  91   6.63758658e+04  6.63758643e+04  1.66e-04 3.99e-11  2.33e-09   190s
  92   6.63758650e+04  6.63758649e+04  1.75e-05 3.50e-12  2.43e-10   192s
  93   6.63758650e+04  6.63758649e+04  1.58e-05 3.09e-11  1.53e-10   194s

Barrier solved model in 93 iterations and 193.69 seconds (61.80 work units)
Optimal objective 6.63758650e+04

