
Gurobi 13.0.2 (linux64) logging started Thu Jul 16 12:08:36 2026

Set parameter LogFile to value "outputs/batch_1007_res/2042_FR_interconnected/logfile_2042_FR_interconnected.txt"
Gurobi Optimizer version 13.0.2 build v13.0.2rc1 (linux64 - "CentOS Stream 9")

CPU model: Intel(R) Xeon(R) Gold 6130 CPU @ 2.10GHz, instruction set [SSE2|AVX|AVX2|AVX512]
Thread count: 16 physical cores, 32 logical processors, using up to 32 threads

Non-default parameters:
Method  2
Crossover  0
NumericFocus  3
Presolve  2

Optimize a model with 9050774 rows, 6658150 columns and 26752053 nonzeros (Min)
Model fingerprint: 0xd55b7e20
Model has 1393190 linear objective coefficients
Coefficient statistics:
  Matrix range     [1e-04, 1e+02]
  Objective range  [6e-04, 3e+03]
  Bounds range     [0e+00, 0e+00]
  RHS range        [3e-02, 1e+05]

Presolve removed 5502619 rows and 3311566 columns (presolve time = 5s)...
Presolve removed 5765538 rows and 3627000 columns (presolve time = 11s)...
Presolve removed 5765538 rows and 3627000 columns (presolve time = 15s)...
Presolve removed 5765538 rows and 3627000 columns (presolve time = 20s)...
Presolve removed 5765538 rows and 3627000 columns (presolve time = 25s)...
Presolve removed 5765538 rows and 3627000 columns (presolve time = 30s)...
Presolve removed 5765538 rows and 3627000 columns (presolve time = 35s)...
Presolve removed 5765538 rows and 3627000 columns (presolve time = 40s)...
Presolve removed 6501378 rows and 3627000 columns (presolve time = 45s)...
Presolve removed 6588990 rows and 3635790 columns (presolve time = 50s)...
Presolve removed 6588990 rows and 3635790 columns (presolve time = 55s)...
Presolve removed 6588990 rows and 3635790 columns (presolve time = 60s)...
Presolve removed 6588990 rows and 3635790 columns (presolve time = 65s)...
Presolve removed 6588990 rows and 3635790 columns (presolve time = 70s)...
Presolve removed 6588990 rows and 3635790 columns (presolve time = 75s)...
Presolve removed 6597750 rows and 3635790 columns
Presolve time: 75.96s
Presolved: 2453024 rows, 3031120 columns, 10218014 nonzeros
Ordering time: 3.06s

Barrier statistics:
 Dense cols : 95
 AA' NZ     : 6.091e+06
 Factor NZ  : 4.130e+07 (roughly 2.0 GB of memory)
 Factor Ops : 6.489e+09 (less than 1 second per iteration)
 Threads    : 16

                  Objective                Residual
Iter       Primal          Dual         Primal    Dual     Compl     Time
   0   5.21641565e+10 -6.72749205e+11  5.64e+08 3.95e-14  3.01e+07   133s
   1   5.35437459e+10 -3.94063456e+11  5.18e+08 2.06e+02  1.68e+07   135s
   2   7.89896550e+10 -2.69630763e+11  3.98e+08 8.99e+01  1.03e+07   139s
   3   2.00465051e+11 -1.70228575e+11  6.94e+07 2.80e+01  2.35e+06   144s
   4   1.55745317e+11 -5.26377306e+10  1.13e+07 3.41e+00  3.66e+05   148s
   5   6.61679252e+10 -2.69394064e+10  2.38e+06 8.79e-01  8.87e+04   152s
   6   2.26733772e+10 -1.82821738e+10  4.46e+05 4.46e-01  2.80e+04   155s
   7   1.10040697e+10 -9.34787576e+09  1.58e+05 1.60e-01  1.05e+04   158s
   8   3.66718551e+09 -3.86117565e+09  1.98e+04 4.20e-02  2.81e+03   161s
   9   8.09633423e+08 -1.32814883e+09  1.96e+03 1.20e-02  7.00e+02   165s
  10   3.03784433e+08 -1.83742961e+08  4.25e+02 7.34e-04  1.30e+02   168s
  11   8.36061741e+07 -5.27854998e+07  1.00e+02 6.70e-05  3.31e+01   173s
  12   2.18589106e+07 -3.85226454e+07  2.36e+01 3.65e-05  1.43e+01   180s
  13   1.33700470e+07 -2.02901025e+07  1.44e+01 6.30e-05  7.88e+00   186s
  14   9.31138632e+06 -1.25136043e+07  1.02e+01 4.69e-05  5.08e+00   190s
  15   6.45977391e+06 -8.54916014e+06  6.69e+00 9.41e-06  3.48e+00   194s
  16   5.55956096e+06 -7.26623964e+06  5.68e+00 9.41e-14  2.97e+00   198s
  17   4.97212644e+06 -6.42920484e+06  5.04e+00 7.99e-14  2.64e+00   203s
  18   3.48572908e+06 -4.74910427e+06  3.31e+00 1.82e-12  1.90e+00   207s
  19   2.64417019e+06 -2.98562663e+06  2.38e+00 9.09e-13  1.30e+00   213s
  20   2.06883963e+06 -2.22508755e+06  1.73e+00 2.27e-13  9.91e-01   221s
  21   1.60976723e+06 -1.40061731e+06  1.21e+00 2.66e-14  6.94e-01   230s
  22   1.26527935e+06 -7.89903175e+05  8.39e-01 1.95e-14  4.74e-01   238s
  23   1.09656431e+06 -5.10155000e+05  6.63e-01 1.41e-14  3.70e-01   243s
  24   9.45979434e+05 -3.42671428e+05  5.05e-01 1.14e-12  2.97e-01   247s
  25   8.81525575e+05 -2.72764742e+05  4.37e-01 1.36e-12  2.66e-01   251s
  26   8.00350454e+05 -1.41594283e+05  3.58e-01 9.69e-15  2.17e-01   257s
  27   7.40073942e+05 -6.50388122e+04  2.98e-01 8.36e-15  1.85e-01   264s
  28   7.14713217e+05  8.94409553e+03  2.71e-01 6.82e-13  1.63e-01   274s
  29   6.73872688e+05  5.41409055e+04  2.28e-01 7.03e-15  1.43e-01   280s
  30   6.64245334e+05  9.64778196e+04  2.18e-01 6.59e-15  1.31e-01   286s
  31   6.33700907e+05  1.26332359e+05  1.84e-01 6.14e-15  1.17e-01   296s
  32   6.16207912e+05  1.51752888e+05  1.66e-01 2.05e-12  1.07e-01   303s
  33   6.04686869e+05  1.82743301e+05  1.53e-01 5.25e-15  9.72e-02   311s
  34   5.92993300e+05  2.32233975e+05  1.41e-01 4.59e-15  8.31e-02   320s
  35   5.71240739e+05  2.48832510e+05  1.18e-01 1.14e-12  7.42e-02   329s
  36   5.60944806e+05  2.65277842e+05  1.06e-01 3.92e-15  6.81e-02   337s
  37   5.49791507e+05  2.79949075e+05  9.40e-02 1.14e-12  6.21e-02   346s
  38   5.40744410e+05  3.03093910e+05  8.38e-02 4.55e-13  5.47e-02   354s
  39   5.27857591e+05  3.15277290e+05  6.91e-02 4.55e-13  4.89e-02   362s
  40   5.17438653e+05  3.28251634e+05  5.73e-02 1.59e-12  4.36e-02   371s
  41   5.11709685e+05  3.43843896e+05  5.10e-02 9.09e-13  3.86e-02   381s
  42   5.07213220e+05  3.52130000e+05  4.61e-02 4.55e-13  3.57e-02   388s
  43   5.01493663e+05  3.65145143e+05  4.00e-02 2.16e-15  3.14e-02   398s
  44   4.98215872e+05  3.71491640e+05  3.65e-02 2.27e-13  2.92e-02   406s
  45   4.96111976e+05  3.82280374e+05  3.44e-02 6.82e-13  2.62e-02   414s
  46   4.92818890e+05  3.90434451e+05  3.11e-02 6.82e-13  2.36e-02   424s
  47   4.89580542e+05  3.98842699e+05  2.80e-02 1.44e-15  2.09e-02   434s
  48   4.84329555e+05  4.05341269e+05  2.28e-02 2.50e-12  1.82e-02   443s
  49   4.81709243e+05  4.08581275e+05  2.03e-02 6.82e-13  1.68e-02   450s
  50   4.80103794e+05  4.14574440e+05  1.88e-02 1.59e-15  1.51e-02   458s
  51   4.77553388e+05  4.18337114e+05  1.64e-02 6.82e-13  1.36e-02   467s
  52   4.76296199e+05  4.21255231e+05  1.54e-02 4.55e-13  1.27e-02   476s
  53   4.73867800e+05  4.27268565e+05  1.33e-02 1.59e-12  1.07e-02   486s
  54   4.71882695e+05  4.31347674e+05  1.16e-02 2.05e-12  9.33e-03   495s
  55   4.69202882e+05  4.34112852e+05  9.28e-03 4.55e-13  8.08e-03   502s
  56   4.67647161e+05  4.36110899e+05  7.96e-03 2.27e-12  7.26e-03   511s
  57   4.66484602e+05  4.39716261e+05  6.99e-03 3.55e-15  6.16e-03   521s
  58   4.65510712e+05  4.42347355e+05  6.17e-03 2.27e-12  5.33e-03   530s
  59   4.64790876e+05  4.44383762e+05  5.58e-03 5.63e-15  4.70e-03   538s
  60   4.63530272e+05  4.45353046e+05  4.55e-03 1.14e-12  4.18e-03   546s
  61   4.63044318e+05  4.47095154e+05  4.15e-03 7.11e-15  3.67e-03   553s
  62   4.62526465e+05  4.48324905e+05  3.69e-03 4.71e-15  3.27e-03   562s
  63   4.61980623e+05  4.49002678e+05  3.28e-03 4.00e-15  2.99e-03   571s
  64   4.61549804e+05  4.49996506e+05  2.95e-03 4.89e-15  2.66e-03   580s
  65   4.61273074e+05  4.50127612e+05  2.74e-03 1.82e-12  2.57e-03   588s
  66   4.60899109e+05  4.51506172e+05  2.46e-03 4.55e-13  2.16e-03   597s
  67   4.60564914e+05  4.51870431e+05  2.22e-03 2.94e-15  2.00e-03   606s
  68   4.60224767e+05  4.52447736e+05  1.95e-03 3.65e-15  1.79e-03   613s
  69   4.59994419e+05  4.52512079e+05  1.79e-03 4.32e-15  1.72e-03   621s
  70   4.59763228e+05  4.52888030e+05  1.62e-03 2.27e-13  1.58e-03   630s
  71   4.59609177e+05  4.53143597e+05  1.51e-03 5.75e-15  1.49e-03   640s
  72   4.59511425e+05  4.53832730e+05  1.44e-03 5.38e-15  1.31e-03   648s
  73   4.59293615e+05  4.54042675e+05  1.28e-03 1.59e-12  1.21e-03   655s
  74   4.59050574e+05  4.54179409e+05  1.11e-03 4.25e-15  1.12e-03   663s
  75   4.58906847e+05  4.54358299e+05  1.02e-03 7.11e-15  1.05e-03   671s
  76   4.58815011e+05  4.54539708e+05  9.53e-04 7.11e-15  9.84e-04   678s
  77   4.58709709e+05  4.54709417e+05  8.83e-04 7.11e-15  9.21e-04   685s
  78   4.58617577e+05  4.54931428e+05  8.20e-04 1.14e-12  8.49e-04   693s
  79   4.58520596e+05  4.55299724e+05  7.55e-04 7.11e-15  7.42e-04   700s
  80   4.58427158e+05  4.55609678e+05  6.93e-04 7.11e-15  6.49e-04   709s
  81   4.58342440e+05  4.55724690e+05  6.37e-04 9.09e-13  6.03e-04   716s
  82   4.58235034e+05  4.55860036e+05  5.67e-04 2.27e-13  5.47e-04   725s
  83   4.58174310e+05  4.55881658e+05  5.29e-04 7.11e-15  5.28e-04   732s
  84   4.58093465e+05  4.56069606e+05  4.77e-04 6.64e-15  4.66e-04   741s
  85   4.57999210e+05  4.56257354e+05  4.16e-04 2.27e-12  4.01e-04   750s
  86   4.57958125e+05  4.56356824e+05  3.91e-04 9.09e-13  3.69e-04   759s
  87   4.57943088e+05  4.56381286e+05  3.82e-04 2.27e-13  3.60e-04   764s
  88   4.57904987e+05  4.56417310e+05  3.58e-04 7.10e-15  3.42e-04   773s
  89   4.57832380e+05  4.56475517e+05  3.14e-04 2.05e-12  3.12e-04   782s
  90   4.57803848e+05  4.56565094e+05  2.96e-04 4.57e-15  2.85e-04   791s
  91   4.57759689e+05  4.56671846e+05  2.69e-04 6.01e-15  2.50e-04   799s
  92   4.57718303e+05  4.56700451e+05  2.44e-04 8.97e-15  2.34e-04   807s
  93   4.57696251e+05  4.56714208e+05  2.30e-04 2.50e-12  2.26e-04   818s
  94   4.57657058e+05  4.56755477e+05  2.07e-04 1.59e-12  2.08e-04   829s
  95   4.57637524e+05  4.56816799e+05  1.95e-04 4.84e-15  1.89e-04   842s
  96   4.57601301e+05  4.56865740e+05  1.73e-04 6.82e-13  1.69e-04   854s
  97   4.57578788e+05  4.56883023e+05  1.60e-04 8.73e-15  1.60e-04   864s
  98   4.57554603e+05  4.56932213e+05  1.46e-04 4.63e-15  1.43e-04   877s
  99   4.57531401e+05  4.56971114e+05  1.32e-04 3.74e-15  1.29e-04   889s
 100   4.57517119e+05  4.56978290e+05  1.24e-04 6.82e-13  1.24e-04   903s
 101   4.57497053e+05  4.57022160e+05  1.12e-04 5.77e-15  1.09e-04   916s
 102   4.57475266e+05  4.57051655e+05  9.91e-05 9.09e-13  9.75e-05   933s
 103   4.57459612e+05  4.57085721e+05  9.00e-05 6.03e-15  8.61e-05   946s
 104   4.57444646e+05  4.57107525e+05  8.17e-05 7.85e-15  7.76e-05   964s
 105   4.57441130e+05  4.57114437e+05  7.97e-05 7.91e-15  7.52e-05   974s
 106   4.57429685e+05  4.57130014e+05  7.31e-05 6.82e-13  6.90e-05   992s
 107   4.57414734e+05  4.57139928e+05  6.45e-05 6.82e-13  6.33e-05  1009s
 108   4.57403672e+05  4.57149603e+05  5.83e-05 9.09e-13  5.85e-05  1028s
 109   4.57397400e+05  4.57153158e+05  5.48e-05 9.09e-13  5.62e-05  1043s
 110   4.57388041e+05  4.57162086e+05  4.94e-05 1.59e-12  5.20e-05  1062s
 111   4.57378633e+05  4.57174334e+05  4.43e-05 1.14e-12  4.70e-05  1081s
 112   4.57371902e+05  4.57179158e+05  4.06e-05 9.09e-13  4.44e-05  1096s
 113   4.57367821e+05  4.57193515e+05  3.83e-05 2.96e-12  4.01e-05  1112s
 114   4.57363738e+05  4.57196999e+05  3.60e-05 6.82e-13  3.84e-05  1130s
 115   4.57357719e+05  4.57207788e+05  3.28e-05 2.27e-13  3.45e-05  1150s
 116   4.57350718e+05  4.57220473e+05  2.90e-05 7.11e-15  3.00e-05  1170s
 117   4.57344371e+05  4.57225421e+05  2.57e-05 9.14e-15  2.74e-05  1187s
 118   4.57338725e+05  4.57235998e+05  2.26e-05 1.21e-14  2.37e-05  1205s
 119   4.57334385e+05  4.57240598e+05  2.03e-05 1.17e-14  2.16e-05  1224s
 120   4.57332182e+05  4.57247831e+05  1.92e-05 4.55e-13  1.94e-05  1244s
 121   4.57327430e+05  4.57252103e+05  1.68e-05 9.13e-15  1.73e-05  1263s
 122   4.57322968e+05  4.57259899e+05  1.45e-05 1.07e-14  1.45e-05  1284s
 123   4.57321029e+05  4.57261709e+05  1.35e-05 2.73e-12  1.37e-05  1306s
 124   4.57319477e+05  4.57262560e+05  1.26e-05 9.09e-13  1.31e-05  1330s
 125   4.57316894e+05  4.57263667e+05  1.14e-05 2.27e-13  1.23e-05  1346s
 126   4.57315365e+05  4.57264985e+05  1.06e-05 4.55e-13  1.16e-05  1365s
 127   4.57313607e+05  4.57268304e+05  9.75e-06 1.59e-12  1.04e-05  1386s
 128   4.57312456e+05  4.57269448e+05  9.18e-06 2.73e-12  9.90e-06  1406s
 129   4.57311386e+05  4.57271179e+05  8.65e-06 1.07e-14  9.26e-06  1429s
 130   4.57309825e+05  4.57272318e+05  7.85e-06 1.07e-14  8.64e-06  1451s
 131   4.57308791e+05  4.57273300e+05  7.34e-06 1.24e-14  8.17e-06  1480s
 132   4.57307491e+05  4.57274975e+05  6.69e-06 1.36e-12  7.49e-06  1499s
 133   4.57306162e+05  4.57276219e+05  6.04e-06 1.08e-14  6.89e-06  1520s
 134   4.57305400e+05  4.57277694e+05  5.66e-06 1.07e-14  6.38e-06  1540s
 135   4.57304238e+05  4.57279953e+05  5.09e-06 7.11e-15  5.59e-06  1557s
 136   4.57303702e+05  4.57281675e+05  4.82e-06 1.82e-12  5.07e-06  1576s
 137   4.57302452e+05  4.57283284e+05  4.22e-06 1.02e-14  4.41e-06  1595s
 138   4.57302165e+05  4.57284114e+05  4.08e-06 1.59e-12  4.16e-06  1617s
 139   4.57301666e+05  4.57284399e+05  3.82e-06 1.36e-12  3.98e-06  1633s
 140   4.57301243e+05  4.57284888e+05  3.62e-06 6.09e-15  3.77e-06  1646s
 141   4.57300770e+05  4.57285152e+05  3.41e-06 7.11e-15  3.60e-06  1664s
 142   4.57300169e+05  4.57285586e+05  3.10e-06 4.55e-13  3.36e-06  1684s
 143   4.57299931e+05  4.57285944e+05  2.98e-06 1.59e-12  3.22e-06  1705s
 144   4.57299625e+05  4.57286227e+05  2.82e-06 1.02e-14  3.08e-06  1723s
 145   4.57299328e+05  4.57286349e+05  2.68e-06 1.59e-12  2.99e-06  1744s
 146   4.57298938e+05  4.57286963e+05  2.53e-06 6.82e-13  2.76e-06  1768s
 147   4.57298221e+05  4.57287747e+05  2.18e-06 1.12e-14  2.41e-06  1789s
 148   4.57297934e+05  4.57288207e+05  2.03e-06 9.78e-15  2.24e-06  1811s
 149   4.57297244e+05  4.57289055e+05  1.72e-06 1.82e-12  1.89e-06  1835s
 150   4.57296893e+05  4.57289706e+05  1.54e-06 1.36e-12  1.65e-06  1857s
 151   4.57296574e+05  4.57289954e+05  1.40e-06 1.22e-14  1.52e-06  1878s
 152   4.57296352e+05  4.57290272e+05  1.29e-06 7.11e-15  1.40e-06  1893s
 153   4.57296247e+05  4.57290546e+05  1.25e-06 1.36e-12  1.31e-06  1916s
 154   4.57295936e+05  4.57290844e+05  1.11e-06 6.82e-13  1.17e-06  1943s
 155   4.57295757e+05  4.57290982e+05  1.04e-06 4.55e-13  1.10e-06  1971s
 156   4.57295566e+05  4.57291229e+05  9.42e-07 8.97e-15  9.99e-07  1999s
 157   4.57295465e+05  4.57291343e+05  8.94e-07 6.82e-13  9.49e-07  2022s
 158   4.57295301e+05  4.57291560e+05  8.01e-07 1.14e-12  8.61e-07  2044s
 159   4.57295091e+05  4.57291875e+05  4.61e-07 1.40e-10  7.40e-07  2067s
 160   4.57294794e+05  4.57292193e+05  3.18e-07 1.12e-10  5.99e-07  2096s
 161   4.57294720e+05  4.57292457e+05  8.33e-06 2.22e-10  5.21e-07  2117s
 162   4.57294641e+05  4.57292573e+05  7.72e-06 1.92e-10  4.76e-07  2150s
 163   4.57294542e+05  4.57292669e+05  7.26e-06 2.38e-10  4.31e-07  2161s
 164   4.57294355e+05  4.57292763e+05  5.88e-06 2.15e-10  3.67e-07  2181s
 165   4.57294277e+05  4.57292901e+05  5.33e-06 1.75e-10  3.17e-07  2200s
 166   4.57294210e+05  4.57292921e+05  5.26e-06 2.27e-10  2.97e-07  2214s
 167   4.57294119e+05  4.57293031e+05  5.20e-06 6.47e-10  2.50e-07  2231s
 168   4.57294048e+05  4.57293093e+05  4.71e-06 5.22e-10  2.20e-07  2245s
 169   4.57294032e+05  4.57293154e+05  4.61e-06 4.31e-10  2.02e-07  2258s
 170   4.57293978e+05  4.57293203e+05  8.12e-06 3.50e-10  1.79e-07  2268s
 171   4.57293921e+05  4.57293231e+05  7.11e-06 3.38e-10  1.59e-07  2280s
 172   4.57293889e+05  4.57293246e+05  5.18e-06 1.86e-09  1.48e-07  2291s
 173   4.57293850e+05  4.57293273e+05  4.46e-06 4.55e-09  1.33e-07  2299s
 174   4.57293799e+05  4.57293306e+05  3.96e-06 3.57e-09  1.14e-07  2313s
 175   4.57293732e+05  4.57293339e+05  3.05e-06 2.75e-09  9.05e-08  2325s
 176   4.57293697e+05  4.57293366e+05  2.29e-06 2.35e-09  7.62e-08  2338s
 177   4.57293673e+05  4.57293394e+05  1.86e-06 2.36e-09  6.42e-08  2352s
 178   4.57293661e+05  4.57293418e+05  1.80e-06 1.70e-09  5.60e-08  2364s
 179   4.57293624e+05  4.57293436e+05  1.67e-06 1.74e-08  4.34e-08  2380s
 180   4.57293602e+05  4.57293455e+05  2.28e-06 9.51e-08  3.39e-08  2392s
 181   4.57293585e+05  4.57293466e+05  2.73e-06 7.71e-08  2.75e-08  2403s
 182   4.57293576e+05  4.57293473e+05  2.26e-06 6.67e-08  2.37e-08  2419s
 183   4.57293563e+05  4.57293484e+05  1.71e-06 4.86e-08  1.81e-08  2432s
 184   4.57293557e+05  4.57293494e+05  1.67e-06 3.48e-08  1.45e-08  2452s
 185   4.57293554e+05  4.57293498e+05  1.09e-06 2.80e-08  1.27e-08  2479s
 186   4.57293550e+05  4.57293499e+05  1.09e-06 2.70e-08  1.16e-08  2500s
 187   4.57293545e+05  4.57293502e+05  8.66e-07 2.53e-08  9.99e-09  2516s
 188   4.57293542e+05  4.57293506e+05  7.21e-07 2.02e-08  8.49e-09  2549s
 189   4.57293539e+05  4.57293506e+05  3.79e-07 1.98e-08  7.50e-09  2566s
 190   4.57293538e+05  4.57293507e+05  4.19e-07 2.04e-08  7.12e-09  2572s
 191   4.57293533e+05  4.57293508e+05  6.18e-07 1.89e-08  5.78e-09  2591s
 192   4.57293532e+05  4.57293512e+05  5.56e-07 1.47e-08  4.62e-09  2605s
 193   4.57293531e+05  4.57293513e+05  5.13e-07 1.38e-08  4.24e-09  2614s
 194   4.57293530e+05  4.57293514e+05  1.15e-06 1.21e-08  3.64e-09  2624s
 195   4.57293529e+05  4.57293515e+05  2.15e-06 1.04e-08  3.17e-09  2630s
 196   4.57293528e+05  4.57293515e+05  2.57e-06 4.73e-08  2.86e-09  2642s
 197   4.57293527e+05  4.57293516e+05  2.34e-06 4.17e-08  2.62e-09  2649s
 198   4.57293527e+05  4.57293517e+05  2.64e-06 3.73e-08  2.40e-09  2666s
 199   4.57293526e+05  4.57293517e+05  3.02e-06 3.29e-08  2.02e-09  2678s
 200   4.57293526e+05  4.57293517e+05  2.94e-06 3.03e-08  1.92e-09  2689s
 201   4.57293526e+05  4.57293517e+05  3.32e-06 2.96e-08  1.90e-09  2697s
 202   4.57293525e+05  4.57293518e+05  2.79e-06 2.79e-08  1.63e-09  2709s

Barrier solved model in 202 iterations and 2709.11 seconds (1511.80 work units)
Optimal objective 4.57293525e+05


Gurobi 13.0.2 (linux64) logging started Fri Jul 17 02:43:55 2026

Set parameter LogFile to value "outputs/batch_1007_res/2042_FR_interconnected/logfile_2042_FR_interconnected.txt"
Gurobi Optimizer version 13.0.2 build v13.0.2rc1 (linux64 - "CentOS Stream 9")

CPU model: Intel(R) Xeon(R) Gold 6130 CPU @ 2.10GHz, instruction set [SSE2|AVX|AVX2|AVX512]
Thread count: 16 physical cores, 32 logical processors, using up to 32 threads

Non-default parameters:
Method  2
Crossover  0
NumericFocus  3
Presolve  2

Optimize a model with 9050784 rows, 6658150 columns and 26699503 nonzeros (Min)
Model fingerprint: 0x5138b0e9
Model has 1393190 linear objective coefficients
Coefficient statistics:
  Matrix range     [1e-04, 1e+02]
  Objective range  [6e-04, 3e+03]
  Bounds range     [0e+00, 0e+00]
  RHS range        [3e-02, 1e+05]

Presolve removed 5397509 rows and 3486766 columns (presolve time = 5s)...
Presolve removed 5598989 rows and 3644450 columns (presolve time = 10s)...
Presolve removed 5923228 rows and 3907320 columns (presolve time = 18s)...
Presolve removed 5923228 rows and 3907320 columns (presolve time = 20s)...
Presolve removed 5923228 rows and 3907320 columns (presolve time = 25s)...
Presolve removed 5923228 rows and 3907320 columns (presolve time = 30s)...
Presolve removed 5923228 rows and 3907320 columns (presolve time = 35s)...
Presolve removed 5923228 rows and 3907320 columns (presolve time = 40s)...
Presolve removed 5923228 rows and 3907320 columns (presolve time = 45s)...
Presolve removed 5923228 rows and 3907320 columns (presolve time = 50s)...
Presolve removed 6720400 rows and 3916110 columns (presolve time = 55s)...
Presolve removed 6720400 rows and 3916110 columns (presolve time = 60s)...
Presolve removed 6720400 rows and 3916110 columns (presolve time = 65s)...
Presolve removed 6720400 rows and 3916110 columns (presolve time = 70s)...
Presolve removed 6720400 rows and 3916110 columns (presolve time = 75s)...
Presolve removed 6729160 rows and 3916110 columns
Presolve time: 80.54s
Presolved: 2321624 rows, 2750800 columns, 9315734 nonzeros
Elapsed ordering time = 8s
Elapsed ordering time = 10s
Elapsed ordering time = 15s
Ordering time: 19.73s

Barrier statistics:
 Dense cols : 95
 AA' NZ     : 5.228e+06
 Factor NZ  : 3.355e+07 (roughly 2.0 GB of memory)
 Factor Ops : 2.471e+09 (less than 1 second per iteration)
 Threads    : 16

                  Objective                Residual
Iter       Primal          Dual         Primal    Dual     Compl     Time
   0   3.29335715e+08 -1.61251898e+11  1.10e+08 1.82e-14  6.74e+06   144s
   1   3.48149398e+08 -1.06361762e+11  1.03e+08 3.33e+02  4.45e+06   147s
   2   4.38610781e+08 -7.28868334e+10  7.50e+07 1.22e+02  2.62e+06   152s
   3   6.42786738e+08 -4.36212313e+10  1.42e+07 1.12e+01  5.01e+05   158s
   4   6.45400459e+08 -2.07133577e+10  2.09e+06 1.41e+00  7.88e+04   163s
   5   5.64635290e+08 -8.63762266e+09  3.38e+05 1.81e-01  1.33e+04   166s
   6   3.20054172e+08 -3.57116223e+09  5.07e+04 4.90e-02  2.48e+03   170s
   7   1.50285098e+08 -2.99272080e+09  9.67e+03 3.90e-02  1.20e+03   173s
   8   8.36897747e+07 -8.20329460e+08  1.98e+03 6.67e-03  2.88e+02   177s
   9   3.99145415e+07 -2.67772390e+08  3.55e+02 1.12e-03  8.67e+01   184s
  10   1.84725909e+07 -1.75381464e+08  7.90e+01 4.07e-04  5.18e+01   188s
  11   1.03938218e+07 -4.44683578e+07  2.43e+01 4.00e-11  1.43e+01   194s
  12   6.01008619e+06 -2.24553536e+07  1.14e+01 3.77e-11  7.33e+00   202s
  13   3.95793211e+06 -1.36517374e+07  6.52e+00 2.02e-11  4.51e+00   208s
  14   2.89636954e+06 -8.53679852e+06  4.27e+00 6.37e-12  2.92e+00   212s
  15   2.40232016e+06 -6.18684358e+06  3.38e+00 4.55e-12  2.19e+00   216s
  16   2.10403241e+06 -4.41237674e+06  2.80e+00 5.46e-12  1.66e+00   220s
  17   1.87575747e+06 -3.78404513e+06  2.37e+00 4.32e-12  1.44e+00   224s
  18   1.44376406e+06 -1.94993257e+06  1.64e+00 2.18e-11  8.64e-01   229s
  19   1.12408744e+06 -1.14759429e+06  1.08e+00 2.73e-12  5.78e-01   240s
  20   9.19991525e+05 -7.87914082e+05  7.43e-01 5.91e-12  4.35e-01   256s
  21   8.31229506e+05 -5.50725422e+05  5.97e-01 4.55e-12  3.52e-01   266s
  22   7.82547651e+05 -4.62454853e+05  5.25e-01 3.41e-12  3.17e-01   276s
  23   7.35461495e+05 -2.50323089e+05  4.49e-01 2.27e-12  2.51e-01   290s
  24   7.12484321e+05 -9.72265917e+04  4.13e-01 4.09e-12  2.06e-01   300s
  25   6.63029787e+05 -2.23656559e+04  3.32e-01 3.64e-12  1.74e-01   315s
  26   6.37929454e+05  5.96922227e+04  2.91e-01 1.59e-12  1.47e-01   334s
  27   6.05136174e+05  1.10505600e+05  2.34e-01 5.91e-12  1.26e-01   350s
  28   5.89014466e+05  1.38538129e+05  2.07e-01 4.09e-12  1.15e-01   361s
  29   5.74825771e+05  1.91418734e+05  1.84e-01 4.32e-12  9.75e-02   378s
  30   5.66071551e+05  2.17124451e+05  1.69e-01 4.32e-12  8.87e-02   397s
  31   5.58584877e+05  2.39002338e+05  1.57e-01 1.59e-12  8.13e-02   416s
  32   5.47583358e+05  2.62507419e+05  1.38e-01 1.36e-12  7.25e-02   431s
  33   5.30860862e+05  2.85272803e+05  1.10e-01 6.37e-12  6.25e-02   451s
  34   5.23242509e+05  3.00936590e+05  9.66e-02 9.09e-12  5.65e-02   464s
  35   5.17379880e+05  3.14960099e+05  8.65e-02 4.32e-12  5.15e-02   483s
  36   5.11304130e+05  3.39657256e+05  7.63e-02 2.73e-12  4.36e-02   498s
  37   5.04875149e+05  3.52781090e+05  6.55e-02 2.50e-12  3.87e-02   515s
  38   4.98636624e+05  3.62577800e+05  5.52e-02 4.55e-12  3.46e-02   536s
  39   4.96726096e+05  3.75143567e+05  5.22e-02 8.19e-12  3.09e-02   546s
  40   4.93091590e+05  3.85281044e+05  4.67e-02 7.28e-12  2.74e-02   556s
  41   4.87733757e+05  3.95175596e+05  3.92e-02 4.55e-12  2.35e-02   565s
  42   4.82216960e+05  4.02806546e+05  3.15e-02 6.37e-12  2.02e-02   574s
  43   4.77950261e+05  4.09123957e+05  2.56e-02 3.87e-12  1.75e-02   584s
  44   4.75627050e+05  4.14746068e+05  2.26e-02 1.82e-12  1.55e-02   594s
  45   4.74319367e+05  4.19633356e+05  2.10e-02 3.64e-12  1.39e-02   605s
  46   4.70966539e+05  4.22448248e+05  1.69e-02 4.55e-12  1.23e-02   615s
  47   4.68389723e+05  4.25616611e+05  1.37e-02 2.27e-12  1.09e-02   625s
  48   4.66525782e+05  4.30177814e+05  1.17e-02 4.55e-12  9.24e-03   635s
  49   4.65398420e+05  4.32755441e+05  1.04e-02 4.32e-12  8.30e-03   642s
  50   4.64250844e+05  4.36739152e+05  9.19e-03 4.32e-12  7.00e-03   652s
  51   4.62977040e+05  4.39106710e+05  7.81e-03 3.64e-12  6.07e-03   661s
  52   4.62254611e+05  4.41142686e+05  7.04e-03 8.19e-12  5.37e-03   671s
  53   4.61703666e+05  4.43242349e+05  6.47e-03 5.00e-12  4.69e-03   681s
  54   4.61000654e+05  4.44632329e+05  5.77e-03 2.05e-12  4.16e-03   690s
  55   4.60503029e+05  4.45860194e+05  5.27e-03 2.27e-12  3.72e-03   700s
  56   4.59698194e+05  4.46686854e+05  4.48e-03 4.55e-12  3.31e-03   709s
  57   4.59384106e+05  4.47853042e+05  4.17e-03 3.64e-12  2.93e-03   719s
  58   4.58642631e+05  4.48534120e+05  3.45e-03 4.55e-12  2.57e-03   727s
  59   4.58288039e+05  4.49350227e+05  3.10e-03 3.64e-12  2.27e-03   737s
  60   4.58007525e+05  4.49882419e+05  2.83e-03 1.82e-12  2.07e-03   744s
  61   4.57722010e+05  4.50286040e+05  2.56e-03 4.32e-12  1.89e-03   754s
  62   4.57506251e+05  4.50564887e+05  2.35e-03 3.41e-12  1.77e-03   761s
  63   4.57328220e+05  4.50688695e+05  2.18e-03 7.28e-12  1.69e-03   771s
  64   4.57097881e+05  4.51182815e+05  1.97e-03 3.64e-12  1.50e-03   778s
  65   4.56928519e+05  4.51512211e+05  1.81e-03 6.37e-12  1.38e-03   787s
  66   4.56792051e+05  4.51768353e+05  1.69e-03 1.36e-12  1.28e-03   797s
  67   4.56594933e+05  4.52017355e+05  1.51e-03 5.00e-12  1.16e-03   807s
  68   4.56407413e+05  4.52325337e+05  1.34e-03 4.09e-12  1.04e-03   814s
  69   4.56188144e+05  4.52563012e+05  1.14e-03 4.09e-12  9.22e-04   824s
  70   4.56087493e+05  4.52898623e+05  1.05e-03 3.41e-12  8.11e-04   831s
  71   4.55870365e+05  4.53048641e+05  8.66e-04 7.28e-12  7.18e-04   841s
  72   4.55718822e+05  4.53269768e+05  7.32e-04 2.05e-12  6.23e-04   851s
  73   4.55620204e+05  4.53399309e+05  6.47e-04 4.55e-12  5.65e-04   860s
  74   4.55570122e+05  4.53538861e+05  6.05e-04 2.05e-12  5.17e-04   871s
  75   4.55525185e+05  4.53575181e+05  5.68e-04 1.64e-11  4.96e-04   880s
  76   4.55489872e+05  4.53633244e+05  5.38e-04 2.50e-12  4.72e-04   894s
  77   4.55444724e+05  4.53699640e+05  5.00e-04 3.41e-12  4.44e-04   909s
  78   4.55391171e+05  4.53814231e+05  4.56e-04 4.55e-12  4.01e-04   925s
  79   4.55319921e+05  4.53937513e+05  3.97e-04 4.32e-12  3.52e-04   941s
  80   4.55275196e+05  4.54005353e+05  3.60e-04 6.82e-12  3.23e-04   958s
  81   4.55246941e+05  4.54015362e+05  3.37e-04 1.00e-11  3.13e-04   973s
  82   4.55199982e+05  4.54129152e+05  2.99e-04 3.64e-12  2.72e-04   988s
  83   4.55155432e+05  4.54199590e+05  2.63e-04 3.87e-12  2.43e-04  1004s
  84   4.55122958e+05  4.54298219e+05  2.37e-04 2.27e-12  2.10e-04  1019s
  85   4.55077991e+05  4.54374188e+05  2.02e-04 6.37e-12  1.79e-04  1034s
  86   4.55055470e+05  4.54420202e+05  1.85e-04 6.37e-12  1.62e-04  1044s
  87   4.55038945e+05  4.54462276e+05  1.72e-04 7.28e-12  1.47e-04  1062s
  88   4.55012420e+05  4.54509251e+05  1.51e-04 7.28e-12  1.28e-04  1076s
  89   4.54996352e+05  4.54559236e+05  1.39e-04 4.55e-12  1.11e-04  1094s
  90   4.54979334e+05  4.54592705e+05  1.26e-04 3.41e-12  9.83e-05  1110s
  91   4.54960617e+05  4.54608111e+05  1.12e-04 3.41e-12  8.96e-05  1127s
  92   4.54953873e+05  4.54613741e+05  1.07e-04 2.50e-12  8.65e-05  1147s
  93   4.54936938e+05  4.54635959e+05  9.49e-05 3.18e-12  7.65e-05  1163s
  94   4.54924563e+05  4.54666670e+05  8.58e-05 3.64e-12  6.56e-05  1179s
  95   4.54910249e+05  4.54682680e+05  7.54e-05 2.50e-12  5.79e-05  1199s
  96   4.54891285e+05  4.54698780e+05  6.20e-05 3.64e-12  4.90e-05  1217s
  97   4.54881193e+05  4.54718301e+05  5.47e-05 1.18e-11  4.14e-05  1236s
  98   4.54871497e+05  4.54722701e+05  4.80e-05 2.73e-12  3.78e-05  1256s
  99   4.54865893e+05  4.54724696e+05  4.40e-05 5.00e-12  3.59e-05  1273s
 100   4.54862682e+05  4.54730862e+05  4.18e-05 7.28e-12  3.35e-05  1293s
 101   4.54857186e+05  4.54738093e+05  3.80e-05 7.28e-12  3.03e-05  1311s
 102   4.54850276e+05  4.54744735e+05  3.33e-05 4.55e-12  2.68e-05  1331s
 103   4.54848889e+05  4.54748714e+05  3.23e-05 6.37e-12  2.55e-05  1350s
 104   4.54847067e+05  4.54749526e+05  3.11e-05 8.19e-12  2.48e-05  1368s
 105   4.54845844e+05  4.54751552e+05  3.02e-05 5.46e-12  2.40e-05  1390s
 106   4.54841757e+05  4.54755850e+05  2.74e-05 2.05e-12  2.18e-05  1409s
 107   4.54839119e+05  4.54759075e+05  2.56e-05 3.18e-12  2.04e-05  1429s
 108   4.54835670e+05  4.54762730e+05  2.32e-05 2.05e-12  1.85e-05  1452s
 109   4.54834584e+05  4.54764283e+05  2.25e-05 6.37e-12  1.79e-05  1469s
 110   4.54832972e+05  4.54764938e+05  2.14e-05 3.64e-12  1.73e-05  1490s
 111   4.54829720e+05  4.54769154e+05  1.92e-05 1.09e-11  1.54e-05  1510s
 112   4.54825896e+05  4.54773520e+05  1.66e-05 6.37e-12  1.33e-05  1534s
 113   4.54822975e+05  4.54777942e+05  1.46e-05 4.32e-12  1.15e-05  1557s
 114   4.54820575e+05  4.54781122e+05  1.30e-05 4.32e-12  1.00e-05  1581s
 115   4.54818196e+05  4.54782957e+05  1.14e-05 9.09e-13  8.96e-06  1608s
 116   4.54815258e+05  4.54786163e+05  9.44e-06 1.82e-12  7.40e-06  1631s
 117   4.54813465e+05  4.54788904e+05  8.27e-06 2.73e-12  6.25e-06  1658s
 118   4.54812070e+05  4.54791856e+05  7.36e-06 2.96e-12  5.14e-06  1686s
 119   4.54810217e+05  4.54793179e+05  6.18e-06 3.87e-12  4.33e-06  1719s
 120   4.54808662e+05  4.54794197e+05  5.16e-06 5.46e-12  3.68e-06  1752s
 121   4.54807418e+05  4.54794980e+05  4.37e-06 4.32e-12  3.16e-06  1791s
 122   4.54806743e+05  4.54795808e+05  3.94e-06 2.05e-12  2.78e-06  1823s
 123   4.54806238e+05  4.54796038e+05  3.62e-06 4.55e-12  2.59e-06  1861s
 124   4.54805571e+05  4.54797006e+05  3.19e-06 3.64e-12  2.18e-06  1893s
 125   4.54805264e+05  4.54797257e+05  3.00e-06 4.32e-12  2.04e-06  1928s
 126   4.54804747e+05  4.54797573e+05  2.68e-06 1.18e-11  1.82e-06  1972s
 127   4.54804043e+05  4.54798220e+05  2.23e-06 5.46e-12  1.48e-06  2017s
 128   4.54803821e+05  4.54798484e+05  2.10e-06 7.28e-12  1.36e-06  2058s
 129   4.54803685e+05  4.54798685e+05  2.01e-06 2.73e-12  1.27e-06  2094s
 130   4.54803491e+05  4.54798859e+05  1.88e-06 4.32e-12  1.18e-06  2119s
 131   4.54803168e+05  4.54799156e+05  1.68e-06 5.00e-12  1.02e-06  2171s
 132   4.54802820e+05  4.54799350e+05  1.46e-06 8.19e-12  8.83e-07  2216s
 133   4.54802565e+05  4.54799437e+05  1.30e-06 2.50e-12  7.95e-07  2260s
 134   4.54802447e+05  4.54799526e+05  1.23e-06 5.91e-12  7.43e-07  2306s
 135   4.54802023e+05  4.54799667e+05  9.58e-07 3.41e-12  5.99e-07  2355s
 136   4.54801830e+05  4.54799840e+05  8.32e-07 6.37e-12  5.06e-07  2400s
 137   4.54801669e+05  4.54799947e+05  7.32e-07 5.68e-13  4.38e-07  2454s
 138   4.54801424e+05  4.54800069e+05  5.72e-07 3.41e-12  3.45e-07  2497s
 139   4.54801288e+05  4.54800126e+05  4.87e-07 3.64e-12  2.95e-07  2547s
 140   4.54801220e+05  4.54800190e+05  4.42e-07 9.09e-13  2.62e-07  2591s
 141   4.54801119e+05  4.54800220e+05  3.63e-07 3.54e-10  2.29e-07  2628s
 142   4.54801040e+05  4.54800262e+05  3.52e-07 3.34e-10  1.98e-07  2672s
 143   4.54800996e+05  4.54800283e+05  3.20e-07 4.90e-10  1.81e-07  2718s
 144   4.54800910e+05  4.54800319e+05  9.03e-07 3.76e-09  1.50e-07  2754s
 145   4.54800851e+05  4.54800366e+05  1.03e-06 2.51e-08  1.23e-07  2779s
 146   4.54800805e+05  4.54800387e+05  1.06e-06 5.98e-08  1.06e-07  2816s
 147   4.54800757e+05  4.54800399e+05  5.43e-07 5.52e-08  9.11e-08  2844s
 148   4.54800720e+05  4.54800406e+05  4.68e-07 5.11e-08  7.99e-08  2865s
 149   4.54800695e+05  4.54800418e+05  1.81e-07 2.54e-08  7.05e-08  2923s
 150   4.54800682e+05  4.54800436e+05  1.54e-07 2.08e-08  6.24e-08  2967s
 151   4.54800662e+05  4.54800452e+05  1.80e-07 7.20e-09  5.33e-08  2998s
 152   4.54800647e+05  4.54800458e+05  1.64e-07 6.45e-09  4.78e-08  3040s
 153   4.54800640e+05  4.54800462e+05  1.52e-07 6.16e-09  4.53e-08  3065s
 154   4.54800625e+05  4.54800469e+05  2.38e-07 4.85e-09  3.98e-08  3101s
 155   4.54800612e+05  4.54800476e+05  2.47e-07 4.10e-09  3.45e-08  3129s
 156   4.54800609e+05  4.54800479e+05  2.26e-07 3.74e-09  3.29e-08  3146s
 157   4.54800595e+05  4.54800485e+05  7.10e-07 3.48e-08  2.81e-08  3175s
 158   4.54800582e+05  4.54800490e+05  3.32e-07 3.12e-08  2.33e-08  3209s
 159   4.54800573e+05  4.54800492e+05  3.77e-07 3.22e-08  2.07e-08  3231s
 160   4.54800563e+05  4.54800494e+05  7.47e-07 3.04e-08  1.75e-08  3265s
 161   4.54800558e+05  4.54800496e+05  4.57e-07 2.60e-08  1.59e-08  3304s
 162   4.54800554e+05  4.54800500e+05  1.56e-06 2.06e-08  1.39e-08  3362s
 163   4.54800549e+05  4.54800502e+05  1.33e-06 6.83e-09  1.19e-08  3412s
 164   4.54800538e+05  4.54800503e+05  1.44e-05 6.02e-09  8.80e-09  3452s
 165   4.54800537e+05  4.54800505e+05  1.37e-05 4.59e-09  8.14e-09  3469s
 166   4.54800536e+05  4.54800506e+05  1.33e-05 4.33e-09  7.81e-09  3481s
 167   4.54800534e+05  4.54800507e+05  1.18e-05 3.89e-09  6.92e-09  3554s
 168   4.54800532e+05  4.54800507e+05  1.02e-05 3.77e-09  6.24e-09  3586s
 169   4.54800530e+05  4.54800508e+05  9.21e-06 3.61e-08  5.65e-09  3601s
 170   4.54800530e+05  4.54800509e+05  8.89e-06 3.30e-08  5.36e-09  3624s
 171   4.54800527e+05  4.54800510e+05  6.86e-06 3.01e-08  4.36e-09  3644s
 172   4.54800526e+05  4.54800510e+05  6.22e-06 2.85e-08  4.02e-09  3658s
 173   4.54800525e+05  4.54800510e+05  5.41e-06 8.01e-08  3.60e-09  3669s
 174   4.54800524e+05  4.54800511e+05  4.86e-06 7.68e-08  3.33e-09  3703s
 175   4.54800522e+05  4.54800512e+05  3.51e-06 5.93e-08  2.48e-09  3767s
 176   4.54800521e+05  4.54800512e+05  3.16e-06 5.36e-08  2.24e-09  3796s
 177   4.54800520e+05  4.54800513e+05  2.44e-06 5.08e-08  1.91e-09  3815s
 178   4.54800519e+05  4.54800513e+05  1.98e-06 4.02e-08  1.54e-09  3839s
 179   4.54800519e+05  4.54800514e+05  1.77e-06 3.05e-08  1.27e-09  3865s
 180   4.54800519e+05  4.54800514e+05  1.45e-06 2.70e-08  1.09e-09  3882s
 181   4.54800518e+05  4.54800515e+05  1.08e-06 2.26e-08  8.57e-10  3921s
 182   4.54800518e+05  4.54800515e+05  1.70e-06 1.81e-08  7.14e-10  3957s
 183   4.54800517e+05  4.54800515e+05  9.64e-07 1.49e-08  4.98e-10  3973s
 184   4.54800517e+05  4.54800515e+05  7.89e-07 1.29e-08  4.21e-10  3989s
 185   4.54800517e+05  4.54800515e+05  7.32e-07 1.16e-08  3.84e-10  4010s
 186   4.54800517e+05  4.54800516e+05  9.01e-07 9.67e-09  3.15e-10  4020s

Barrier solved model in 186 iterations and 4020.25 seconds (1133.40 work units)
Optimal objective 4.54800517e+05

