
Gurobi 13.0.2 (linux64) logging started Thu Jul 16 12:02:17 2026

Set parameter LogFile to value "outputs/batch_1007_res/2042_FR_alone/logfile_2042_FR_alone.txt"
Gurobi Optimizer version 13.0.2 build v13.0.2rc1 (linux64 - "CentOS Stream 9")

CPU model: Intel(R) Xeon(R) Gold 6130 CPU @ 2.10GHz, instruction set [SSE2|AVX|AVX2|AVX512]
Thread count: 16 physical cores, 32 logical processors, using up to 32 threads

Non-default parameters:
Method  2
Crossover  0
NumericFocus  3
Presolve  2

Optimize a model with 1007906 rows, 823495 columns and 3978233 nonzeros (Min)
Model fingerprint: 0xa8dc1480
Model has 210275 linear objective coefficients
Coefficient statistics:
  Matrix range     [1e-04, 1e+02]
  Objective range  [6e-04, 3e+03]
  Bounds range     [0e+00, 0e+00]
  RHS range        [7e-02, 1e+05]

Presolve removed 482139 rows and 236558 columns (presolve time = 5s)...
Presolve removed 482139 rows and 236558 columns (presolve time = 10s)...
Presolve removed 596021 rows and 245321 columns (presolve time = 15s)...
Presolve removed 596021 rows and 245321 columns (presolve time = 20s)...
Presolve removed 604781 rows and 245321 columns
Presolve time: 22.07s
Presolved: 403125 rows, 586934 columns, 2290110 nonzeros
Ordering time: 0.37s

Barrier statistics:
 Dense cols : 14
 AA' NZ     : 1.956e+06
 Factor NZ  : 8.507e+06 (roughly 500 MB of memory)
 Factor Ops : 3.939e+08 (less than 1 second per iteration)
 Threads    : 16

                  Objective                Residual
Iter       Primal          Dual         Primal    Dual     Compl     Time
   0   1.36762660e+09 -2.22365098e+12  2.34e+08 3.28e-14  3.12e+07    23s
   1   1.36819465e+09 -9.83731426e+11  2.16e+08 2.79e+02  2.19e+07    24s
   2   1.43940336e+09 -8.69878172e+11  1.66e+08 3.10e+02  1.74e+07    25s
   3   3.74664293e+09 -4.54551839e+11  5.03e+07 8.94e+01  6.32e+06    26s
   4   3.91920643e+09 -9.34877512e+10  8.94e+06 1.15e+01  1.04e+06    26s
   5   3.57629458e+09 -2.22151988e+10  1.35e+06 1.03e+00  1.53e+05    27s
   6   1.95372252e+09 -7.01481942e+09  2.08e+05 1.22e-01  2.62e+04    27s
   7   5.15516664e+08 -2.34491923e+09  2.58e+04 3.07e-02  4.99e+03    28s
   8   1.37580353e+08 -2.19440771e+09  2.92e+03 2.84e-02  3.02e+03    29s
   9   5.49878147e+07 -2.73137523e+08  2.89e+02 2.41e-03  3.82e+02    30s
  10   1.45870075e+07 -3.25798226e+07  3.69e+01 1.18e-04  5.05e+01    31s
  11   2.92552329e+06 -8.02768747e+06  5.74e+00 5.48e-11  1.12e+01    32s
  12   1.28378539e+06 -5.62443683e+06  2.02e+00 3.68e-11  6.99e+00    32s
  13   8.66691245e+05 -2.29670070e+06  1.26e+00 1.51e-11  3.19e+00    33s
  14   5.12166695e+05 -1.46110852e+06  6.84e-01 9.27e-12  1.98e+00    34s
  15   3.63424633e+05 -5.73938591e+05  4.56e-01 3.31e-12  9.41e-01    35s
  16   3.14924788e+05 -4.36317935e+05  3.79e-01 3.10e-12  7.54e-01    36s
  17   2.65482810e+05 -3.16533910e+05  3.01e-01 2.09e-12  5.84e-01    37s
  18   1.81844716e+05 -1.29786357e+05  1.78e-01 1.26e-12  3.12e-01    37s
  19   1.42532296e+05 -6.31481295e+04  1.16e-01 6.75e-13  2.06e-01    38s
  20   1.27738583e+05 -2.15724471e+04  9.27e-02 4.69e-13  1.50e-01    39s
  21   1.11437613e+05 -2.64154908e+03  6.70e-02 3.65e-13  1.14e-01    40s
  22   1.03046505e+05  6.42695636e+03  5.30e-02 3.11e-13  9.68e-02    41s
  23   9.71873627e+04  2.32332277e+04  4.32e-02 3.43e-13  7.41e-02    42s
  24   9.03728324e+04  3.19771073e+04  3.20e-02 2.27e-13  5.85e-02    43s
  25   8.71212763e+04  3.36424717e+04  2.67e-02 2.31e-13  5.36e-02    45s
  26   8.27323346e+04  3.94532458e+04  1.96e-02 2.22e-13  4.34e-02    46s
  27   8.02067521e+04  4.48942208e+04  1.56e-02 1.87e-13  3.54e-02    48s
  28   7.77503855e+04  4.84257227e+04  1.18e-02 1.38e-13  2.94e-02    49s
  29   7.65050126e+04  5.18597292e+04  1.00e-02 1.16e-13  2.47e-02    50s
  30   7.49565723e+04  5.35881936e+04  7.81e-03 8.57e-14  2.14e-02    52s
  31   7.42469383e+04  5.46342507e+04  6.80e-03 1.02e-13  1.96e-02    53s
  32   7.33701467e+04  5.59336400e+04  5.58e-03 8.70e-14  1.75e-02    55s
  33   7.29367632e+04  5.64451846e+04  4.97e-03 7.50e-14  1.65e-02    56s
  34   7.25408023e+04  5.72916192e+04  4.42e-03 8.35e-14  1.53e-02    57s
  35   7.20681331e+04  5.79531582e+04  3.75e-03 9.77e-14  1.41e-02    59s
  36   7.17545621e+04  5.90098161e+04  3.36e-03 6.39e-14  1.28e-02    60s
  37   7.12108516e+04  6.04785451e+04  2.74e-03 5.42e-14  1.08e-02    61s
  38   7.07957530e+04  6.19649716e+04  2.27e-03 4.93e-14  8.85e-03    63s
  39   7.04398175e+04  6.24788329e+04  1.89e-03 3.82e-14  7.97e-03    64s
  40   7.03100874e+04  6.35935660e+04  1.75e-03 4.44e-14  6.73e-03    66s
  41   7.00140957e+04  6.40250472e+04  1.46e-03 4.75e-14  6.00e-03    67s
  42   6.97535130e+04  6.47548513e+04  1.20e-03 2.26e-14  5.01e-03    68s
  43   6.95252569e+04  6.50375238e+04  9.89e-04 3.46e-14  4.50e-03    70s
  44   6.93994397e+04  6.53968400e+04  8.82e-04 2.35e-14  4.01e-03    71s
  45   6.92481302e+04  6.57092132e+04  7.55e-04 1.77e-14  3.54e-03    72s
  46   6.91499492e+04  6.61105476e+04  6.75e-04 1.73e-14  3.04e-03    74s
  47   6.90827550e+04  6.66786846e+04  6.20e-04 1.55e-14  2.41e-03    76s
  48   6.88734462e+04  6.69588136e+04  4.57e-04 7.88e-15  1.92e-03    78s
  49   6.87520233e+04  6.70962022e+04  3.62e-04 7.08e-15  1.66e-03    80s
  50   6.87158230e+04  6.72548006e+04  3.36e-04 9.96e-15  1.46e-03    82s
  51   6.86622913e+04  6.74569827e+04  2.94e-04 4.41e-15  1.21e-03    84s
  52   6.86273575e+04  6.74834051e+04  2.69e-04 3.16e-15  1.15e-03    86s
  53   6.85837198e+04  6.76331618e+04  2.38e-04 2.86e-15  9.52e-04    89s
  54   6.85058032e+04  6.77117848e+04  1.83e-04 5.08e-15  7.95e-04    91s
  55   6.84600890e+04  6.77736861e+04  1.51e-04 8.63e-15  6.88e-04    93s
  56   6.84324926e+04  6.77990926e+04  1.31e-04 3.52e-15  6.34e-04    96s
  57   6.84231139e+04  6.78291419e+04  1.25e-04 4.64e-15  5.95e-04    98s
  58   6.84078547e+04  6.78579156e+04  1.14e-04 1.17e-15  5.51e-04   101s
  59   6.83902251e+04  6.79353132e+04  1.02e-04 1.53e-15  4.56e-04   103s
  60   6.83760662e+04  6.79885269e+04  9.20e-05 3.08e-15  3.88e-04   105s
  61   6.83598928e+04  6.80001090e+04  8.09e-05 3.30e-15  3.60e-04   108s
  62   6.83492407e+04  6.80103501e+04  7.38e-05 5.83e-16  3.39e-04   109s
  63   6.83321192e+04  6.80242652e+04  6.29e-05 8.33e-16  3.08e-04   112s
  64   6.83269567e+04  6.80297526e+04  5.95e-05 1.53e-15  2.98e-04   114s
  65   6.83181937e+04  6.80676804e+04  5.38e-05 2.41e-15  2.51e-04   116s
  66   6.83142868e+04  6.80765261e+04  5.14e-05 6.85e-16  2.38e-04   118s
  67   6.83118364e+04  6.80840283e+04  4.99e-05 6.16e-16  2.28e-04   120s
  68   6.83029694e+04  6.80985051e+04  4.42e-05 1.08e-15  2.05e-04   123s
  69   6.82992990e+04  6.81028292e+04  4.19e-05 7.19e-16  1.97e-04   125s
  70   6.82927927e+04  6.81107187e+04  3.79e-05 4.41e-15  1.82e-04   128s
  71   6.82812535e+04  6.81248113e+04  3.10e-05 4.92e-16  1.57e-04   130s
  72   6.82780584e+04  6.81350544e+04  2.91e-05 2.64e-15  1.43e-04   132s
  73   6.82717257e+04  6.81376696e+04  2.53e-05 2.41e-15  1.34e-04   135s
  74   6.82656163e+04  6.81526482e+04  2.17e-05 3.75e-15  1.13e-04   137s
  75   6.82618010e+04  6.81597440e+04  1.94e-05 5.97e-16  1.02e-04   140s
  76   6.82560479e+04  6.81672784e+04  1.61e-05 6.16e-16  8.89e-05   142s
  77   6.82513792e+04  6.81748414e+04  1.35e-05 1.75e-15  7.67e-05   145s
  78   6.82505236e+04  6.81816250e+04  1.31e-05 2.64e-15  6.90e-05   148s
  79   6.82479054e+04  6.81869774e+04  1.17e-05 8.60e-16  6.10e-05   150s
  80   6.82468426e+04  6.81917278e+04  1.11e-05 4.44e-16  5.52e-05   153s
  81   6.82435728e+04  6.81961828e+04  9.27e-06 8.60e-16  4.75e-05   156s
  82   6.82430126e+04  6.81992653e+04  8.94e-06 4.55e-16  4.38e-05   158s
  83   6.82418064e+04  6.82035258e+04  8.27e-06 1.30e-15  3.83e-05   161s
  84   6.82402476e+04  6.82056658e+04  7.44e-06 5.10e-16  3.46e-05   164s
  85   6.82383560e+04  6.82070453e+04  6.45e-06 3.30e-15  3.14e-05   167s
  86   6.82375454e+04  6.82083353e+04  6.04e-06 2.49e-15  2.93e-05   169s
  87   6.82364305e+04  6.82094449e+04  5.48e-06 2.64e-15  2.70e-05   172s
  88   6.82350092e+04  6.82099919e+04  4.74e-06 2.94e-15  2.51e-05   174s
  89   6.82340050e+04  6.82117159e+04  4.24e-06 2.59e-15  2.23e-05   177s
  90   6.82330402e+04  6.82123814e+04  3.74e-06 3.30e-15  2.07e-05   180s
  91   6.82320921e+04  6.82137625e+04  3.27e-06 6.52e-15  1.84e-05   182s
  92   6.82312010e+04  6.82157570e+04  2.82e-06 1.61e-14  1.55e-05   185s
  93   6.82309720e+04  6.82164872e+04  2.70e-06 1.79e-14  1.45e-05   187s
  94   6.82307065e+04  6.82171069e+04  2.57e-06 2.20e-14  1.36e-05   189s
  95   6.82300324e+04  6.82181207e+04  2.26e-06 2.63e-14  1.19e-05   192s
  96   6.82291134e+04  6.82184215e+04  1.82e-06 2.58e-14  1.07e-05   194s
  97   6.82287719e+04  6.82198654e+04  1.67e-06 2.07e-14  8.92e-06   197s
  98   6.82284370e+04  6.82203907e+04  1.51e-06 2.65e-14  8.06e-06   200s
  99   6.82277047e+04  6.82208676e+04  1.16e-06 2.38e-14  6.85e-06   202s
 100   6.82272422e+04  6.82221306e+04  9.52e-07 1.69e-14  5.12e-06   205s
 101   6.82268738e+04  6.82225013e+04  7.83e-07 1.48e-14  4.38e-06   207s
 102   6.82267822e+04  6.82226431e+04  7.41e-07 1.40e-14  4.15e-06   210s
 103   6.82267401e+04  6.82227167e+04  7.27e-07 1.37e-14  4.03e-06   212s
 104   6.82266563e+04  6.82227631e+04  6.81e-07 1.33e-14  3.90e-06   214s
 105   6.82265250e+04  6.82232654e+04  6.24e-07 1.07e-14  3.27e-06   217s
 106   6.82262778e+04  6.82235734e+04  5.23e-07 8.95e-15  2.71e-06   221s
 107   6.82261545e+04  6.82241159e+04  4.69e-07 1.81e-14  2.04e-06   224s
 108   6.82260778e+04  6.82243142e+04  4.33e-07 2.83e-14  1.77e-06   227s
 109   6.82259141e+04  6.82244408e+04  3.59e-07 1.37e-13  1.48e-06   231s
 110   6.82258715e+04  6.82245703e+04  3.09e-07 3.31e-13  1.30e-06   234s
 111   6.82256948e+04  6.82247106e+04  2.46e-07 5.19e-13  9.86e-07   237s
 112   6.82256437e+04  6.82247516e+04  6.38e-07 4.59e-13  8.93e-07   241s
 113   6.82255493e+04  6.82247754e+04  4.97e-06 5.82e-13  7.75e-07   244s
 114   6.82255339e+04  6.82248026e+04  4.81e-06 5.26e-13  7.32e-07   247s
 115   6.82255209e+04  6.82248108e+04  4.67e-06 5.10e-13  7.11e-07   251s
 116   6.82254633e+04  6.82248347e+04  4.08e-06 4.61e-13  6.30e-07   255s
 117   6.82254030e+04  6.82248762e+04  7.70e-05 8.34e-13  5.28e-07   259s
 118   6.82253794e+04  6.82249180e+04  7.17e-05 6.51e-13  4.62e-07   262s
 119   6.82253672e+04  6.82249236e+04  6.88e-05 6.17e-13  4.44e-07   265s
 120   6.82253447e+04  6.82249270e+04  6.36e-05 5.99e-13  4.18e-07   269s
 121   6.82252912e+04  6.82249516e+04  5.12e-05 4.90e-13  3.40e-07   273s
 122   6.82252480e+04  6.82249771e+04  4.12e-05 3.77e-13  2.71e-07   278s
 123   6.82252173e+04  6.82249988e+04  3.43e-05 2.08e-13  2.19e-07   283s
 124   6.82251858e+04  6.82250376e+04  2.72e-05 2.05e-13  1.48e-07   287s
 125   6.82251403e+04  6.82250552e+04  1.68e-05 3.41e-13  8.52e-08   291s
 126   6.82250832e+04  6.82250629e+04  3.62e-06 1.19e-12  2.04e-08   295s
 127   6.82250705e+04  6.82250645e+04  5.33e-05 2.27e-12  5.96e-09   297s
 128   6.82250664e+04  6.82250646e+04  2.69e-05 1.02e-09  1.72e-09   298s
 129   6.82250654e+04  6.82250652e+04  1.21e-05 1.63e-10  2.29e-10   300s
 130   6.82250652e+04  6.82250652e+04  1.65e-06 2.76e-11  2.32e-11   302s

Barrier solved model in 130 iterations and 301.56 seconds (228.50 work units)
Optimal objective 6.82250652e+04


Gurobi 13.0.2 (linux64) logging started Fri Jul 17 02:38:46 2026

Set parameter LogFile to value "outputs/batch_1007_res/2042_FR_alone/logfile_2042_FR_alone.txt"
Gurobi Optimizer version 13.0.2 build v13.0.2rc1 (linux64 - "CentOS Stream 9")

CPU model: Intel(R) Xeon(R) Gold 6130 CPU @ 2.10GHz, instruction set [SSE2|AVX|AVX2|AVX512]
Thread count: 16 physical cores, 32 logical processors, using up to 32 threads

Non-default parameters:
Method  2
Crossover  0
NumericFocus  3
Presolve  2

Optimize a model with 1007907 rows, 823495 columns and 3925674 nonzeros (Min)
Model fingerprint: 0x39378caa
Model has 210275 linear objective coefficients
Coefficient statistics:
  Matrix range     [1e-04, 1e+02]
  Objective range  [6e-04, 3e+03]
  Bounds range     [0e+00, 0e+00]
  RHS range        [7e-02, 1e+05]

Presolve removed 718660 rows and 438038 columns (presolve time = 5s)...
Presolve removed 736182 rows and 446801 columns
Presolve time: 9.66s
Presolved: 271725 rows, 385454 columns, 1466670 nonzeros
Ordering time: 0.45s

Barrier statistics:
 Dense cols : 14
 AA' NZ     : 1.094e+06
 Factor NZ  : 5.980e+06 (roughly 300 MB of memory)
 Factor Ops : 3.587e+08 (less than 1 second per iteration)
 Threads    : 16

                  Objective                Residual
Iter       Primal          Dual         Primal    Dual     Compl     Time
   0   3.13062072e+07 -1.07709129e+12  8.56e+07 3.71e-14  1.21e+07    11s
   1   3.13916403e+07 -3.98867587e+11  7.87e+07 2.28e+02  7.61e+06    12s
   2   3.22384009e+07 -1.02070906e+11  6.07e+07 2.46e+01  4.88e+06    13s
   3   3.85245746e+07 -3.61580346e+10  1.52e+07 3.84e+00  1.25e+06    14s
   4   3.86879778e+07 -1.22389357e+10  2.08e+06 3.58e-01  1.79e+05    15s
   5   3.59418976e+07 -5.47036144e+09  4.32e+05 1.17e-01  4.01e+04    16s
   6   2.80300404e+07 -2.47079700e+09  9.65e+04 3.50e-02  1.00e+04    17s
   7   1.79558191e+07 -1.44556729e+09  2.42e+04 1.56e-02  3.61e+03    18s
   8   1.47929477e+07 -1.35478181e+09  5.71e+03 1.43e-02  2.46e+03    19s
   9   1.11700664e+07 -8.20816475e+08  9.71e+02 7.79e-03  1.34e+03    20s
  10   9.99477940e+06 -7.81412753e+08  4.87e+02 7.37e-03  1.26e+03    21s
  11   8.82378163e+06 -5.79536409e+08  1.79e+02 5.20e-03  9.24e+02    23s
  12   5.90077230e+06 -9.66899105e+07  2.62e+01 6.54e-13  1.58e+02    25s
  13   2.31557737e+06 -1.87568568e+07  7.73e+00 1.85e-13  3.20e+01    26s
  14   1.30055633e+06 -6.62928399e+06  3.86e+00 7.24e-14  1.20e+01    27s
  15   6.68977068e+05 -2.97907153e+06  1.72e+00 3.41e-12  5.49e+00    28s
  16   3.91900750e+05 -1.25972686e+06  9.14e-01 1.20e-14  2.48e+00    30s
  17   3.01275019e+05 -7.37327376e+05  6.36e-01 6.54e-13  1.56e+00    31s
  18   2.32379426e+05 -3.52865702e+05  4.31e-01 4.41e-15  8.80e-01    33s
  19   1.64488986e+05 -1.79296326e+05  2.57e-01 2.37e-15  5.17e-01    33s
  20   1.30685311e+05 -5.20739232e+04  1.63e-01 1.30e-15  2.75e-01    35s
  21   1.10639244e+05 -1.23514179e+04  1.07e-01 8.50e-16  1.85e-01    36s
  22   9.76066760e+04  1.42789550e+04  7.18e-02 8.41e-15  1.25e-01    38s
  23   9.26870447e+04  2.71685065e+04  5.89e-02 4.79e-16  9.84e-02    39s
  24   8.51474520e+04  3.75420789e+04  3.92e-02 3.47e-16  7.15e-02    40s
  25   8.08619594e+04  4.37105340e+04  2.86e-02 3.55e-15  5.58e-02    42s
  26   7.65889702e+04  4.83606914e+04  1.81e-02 2.72e-16  4.24e-02    44s
  27   7.47485526e+04  5.21912969e+04  1.38e-02 3.55e-14  3.39e-02    46s
  28   7.32411004e+04  5.47272708e+04  1.02e-02 4.32e-16  2.78e-02    47s
  29   7.21441630e+04  5.74801062e+04  7.87e-03 4.26e-14  2.20e-02    50s
  30   7.05952569e+04  5.97129422e+04  5.36e-03 6.66e-16  1.63e-02    52s
  31   6.96797399e+04  6.16905701e+04  3.85e-03 8.88e-15  1.20e-02    54s
  32   6.90107903e+04  6.25578054e+04  2.82e-03 4.95e-16  9.69e-03    56s
  33   6.86441631e+04  6.35142525e+04  2.30e-03 4.75e-16  7.71e-03    59s
  34   6.83772998e+04  6.40487944e+04  1.93e-03 6.92e-16  6.50e-03    60s
  35   6.81398396e+04  6.45236491e+04  1.62e-03 2.66e-15  5.43e-03    62s
  36   6.78665169e+04  6.49111419e+04  1.27e-03 8.88e-16  4.44e-03    63s
  37   6.76927500e+04  6.51051522e+04  1.05e-03 8.88e-16  3.89e-03    65s
  38   6.75562934e+04  6.54708362e+04  8.87e-04 2.89e-15  3.13e-03    66s
  39   6.75105712e+04  6.55464309e+04  8.32e-04 3.86e-15  2.95e-03    68s
  40   6.73518455e+04  6.57643366e+04  6.47e-04 2.41e-15  2.38e-03    70s
  41   6.72419046e+04  6.59107715e+04  5.24e-04 1.33e-15  2.00e-03    72s
  42   6.71747290e+04  6.60835462e+04  4.48e-04 1.78e-15  1.64e-03    73s
  43   6.71440141e+04  6.61070569e+04  4.14e-04 2.00e-15  1.56e-03    76s
  44   6.70885715e+04  6.61851206e+04  3.53e-04 1.33e-15  1.36e-03    77s
  45   6.70649060e+04  6.62306187e+04  3.27e-04 2.30e-15  1.25e-03    79s
  46   6.70517269e+04  6.62669061e+04  3.13e-04 1.18e-15  1.18e-03    81s
  47   6.70299030e+04  6.63165930e+04  2.89e-04 1.64e-15  1.07e-03    85s
  48   6.70166718e+04  6.63820881e+04  2.74e-04 1.83e-15  9.53e-04    88s
  49   6.69843933e+04  6.64147543e+04  2.38e-04 1.75e-15  8.56e-04    90s
  50   6.69780951e+04  6.64290206e+04  2.30e-04 1.58e-15  8.25e-04    94s
  51   6.69745039e+04  6.64412122e+04  2.26e-04 1.33e-15  8.01e-04    96s
  52   6.69733883e+04  6.64804802e+04  2.22e-04 2.36e-15  7.40e-04    99s
  53   6.69466573e+04  6.65875035e+04  1.79e-04 1.47e-15  5.39e-04   101s
  54   6.69148548e+04  6.66632012e+04  1.35e-04 3.41e-15  3.78e-04   105s
  55   6.68842470e+04  6.66890879e+04  9.60e-05 4.64e-15  2.93e-04   108s
  56   6.68726559e+04  6.67137657e+04  8.17e-05 2.87e-15  2.39e-04   111s
  57   6.68659995e+04  6.67381452e+04  7.35e-05 9.15e-16  1.92e-04   115s
  58   6.68484444e+04  6.67444085e+04  5.29e-05 1.78e-15  1.56e-04   118s
  59   6.68346564e+04  6.67619845e+04  3.64e-05 3.55e-15  1.09e-04   121s
  60   6.68247871e+04  6.67772879e+04  2.47e-05 2.86e-15  7.13e-05   124s
  61   6.68168046e+04  6.67873488e+04  1.58e-05 1.97e-15  4.42e-05   128s
  62   6.68134582e+04  6.67920992e+04  1.21e-05 7.11e-15  3.21e-05   132s
  63   6.68128232e+04  6.67936838e+04  1.15e-05 4.09e-15  2.87e-05   133s
  64   6.68125837e+04  6.67940035e+04  1.12e-05 6.23e-15  2.79e-05   135s
  65   6.68119528e+04  6.67943530e+04  1.06e-05 6.07e-15  2.64e-05   137s
  66   6.68092135e+04  6.67949120e+04  7.62e-06 5.13e-15  2.15e-05   139s
  67   6.68082494e+04  6.67971251e+04  6.59e-06 4.44e-16  1.67e-05   141s
  68   6.68063829e+04  6.67984155e+04  4.63e-06 8.88e-16  1.20e-05   142s
  69   6.68045077e+04  6.67995767e+04  2.69e-06 3.39e-15  7.41e-06   144s
  70   6.68036414e+04  6.68003615e+04  1.80e-06 3.62e-15  4.93e-06   145s
  71   6.68034979e+04  6.68008233e+04  1.66e-06 3.56e-15  4.02e-06   147s
  72   6.68033562e+04  6.68009118e+04  1.52e-06 4.10e-15  3.67e-06   149s
  73   6.68029726e+04  6.68012475e+04  1.15e-06 1.08e-14  2.59e-06   151s
  74   6.68025133e+04  6.68014631e+04  7.05e-07 6.02e-15  1.58e-06   154s
  75   6.68023820e+04  6.68015179e+04  5.79e-07 4.99e-15  1.30e-06   157s
  76   6.68021631e+04  6.68016343e+04  3.70e-07 4.08e-15  7.94e-07   159s
  77   6.68019038e+04  6.68016828e+04  1.31e-07 7.96e-13  3.32e-07   162s
  78   6.68018502e+04  6.68017049e+04  8.21e-08 1.14e-13  2.18e-07   164s
  79   6.68017906e+04  6.68017305e+04  2.90e-08 5.68e-13  9.02e-08   166s
  80   6.68017741e+04  6.68017425e+04  1.57e-08 2.84e-14  4.75e-08   169s
  81   6.68017643e+04  6.68017506e+04  1.16e-04 9.21e-11  2.05e-08   172s
  82   6.68017598e+04  6.68017548e+04  6.92e-05 1.76e-11  7.59e-09   174s
  83   6.68017561e+04  6.68017554e+04  2.55e-05 2.79e-12  1.10e-09   176s
  84   6.68017561e+04  6.68017554e+04  2.33e-05 2.61e-12  1.01e-09   178s
  85   6.68017559e+04  6.68017554e+04  1.20e-04 2.05e-12  7.56e-10   180s
  86   6.68017559e+04  6.68017554e+04  1.20e-04 2.09e-12  7.55e-10   182s
  87   6.68017559e+04  6.68017554e+04  1.14e-04 2.29e-12  7.46e-10   183s
  88   6.68017556e+04  6.68017555e+04  2.31e-05 4.91e-12  1.35e-10   185s

Barrier solved model in 88 iterations and 184.82 seconds (58.78 work units)
Optimal objective 6.68017556e+04

