
Gurobi 13.0.2 (linux64) logging started Thu Jul 16 21:53:14 2026

Set parameter LogFile to value "outputs/batch_1007_res/2050_FR_alone/logfile_2050_FR_alone.txt"
Gurobi Optimizer version 13.0.2 build v13.0.2rc1 (linux64 - "CentOS Stream 9")

CPU model: Intel(R) Xeon(R) Gold 6130 CPU @ 2.10GHz, instruction set [SSE2|AVX|AVX2|AVX512]
Thread count: 16 physical cores, 32 logical processors, using up to 32 threads

Non-default parameters:
Method  2
Crossover  0
NumericFocus  3
Presolve  2

Optimize a model with 1007906 rows, 823495 columns and 3978234 nonzeros (Min)
Model fingerprint: 0x7e13d63e
Model has 210275 linear objective coefficients
Coefficient statistics:
  Matrix range     [1e-04, 1e+02]
  Objective range  [6e-04, 3e+03]
  Bounds range     [0e+00, 0e+00]
  RHS range        [7e-02, 1e+05]

Presolve removed 482139 rows and 236558 columns (presolve time = 5s)...
Presolve removed 482139 rows and 236558 columns (presolve time = 10s)...
Presolve removed 596021 rows and 245321 columns (presolve time = 15s)...
Presolve removed 596021 rows and 245321 columns (presolve time = 20s)...
Presolve removed 604781 rows and 245321 columns
Presolve time: 23.57s
Presolved: 403125 rows, 586934 columns, 2290110 nonzeros
Ordering time: 0.51s

Barrier statistics:
 Dense cols : 14
 AA' NZ     : 1.956e+06
 Factor NZ  : 8.507e+06 (roughly 500 MB of memory)
 Factor Ops : 3.939e+08 (less than 1 second per iteration)
 Threads    : 16

                  Objective                Residual
Iter       Primal          Dual         Primal    Dual     Compl     Time
   0   1.38084468e+09 -2.22365098e+12  2.37e+08 3.28e-14  3.15e+07    25s
   1   1.38141358e+09 -9.84995160e+11  2.18e+08 2.79e+02  2.21e+07    26s
   2   1.45318165e+09 -8.71222716e+11  1.68e+08 3.10e+02  1.75e+07    27s
   3   3.77871719e+09 -4.55629557e+11  5.08e+07 8.93e+01  6.38e+06    28s
   4   3.95320728e+09 -9.39098787e+10  9.05e+06 1.15e+01  1.05e+06    29s
   5   3.60630030e+09 -2.22993902e+10  1.35e+06 1.03e+00  1.53e+05    30s
   6   1.93843460e+09 -6.90942553e+09  1.89e+05 1.21e-01  2.48e+04    31s
   7   5.11506750e+08 -2.44800913e+09  2.42e+04 3.39e-02  5.09e+03    32s
   8   1.47205192e+08 -2.29062645e+09  2.95e+03 3.14e-02  3.21e+03    33s
   9   6.02366132e+07 -2.89011100e+08  2.92e+02 2.79e-03  4.12e+02    34s
  10   1.67129450e+07 -3.46290914e+07  4.13e+01 6.84e-05  5.54e+01    36s
  11   3.25629018e+06 -8.16389633e+06  6.71e+00 3.66e-11  1.17e+01    37s
  12   1.42926893e+06 -4.43379712e+06  2.77e+00 1.82e-11  5.95e+00    38s
  13   6.65469737e+05 -1.72808586e+06  1.04e+00 8.30e-12  2.41e+00    39s
  14   3.57584599e+05 -7.67990114e+05  4.81e-01 4.32e-12  1.13e+00    40s
  15   2.15937067e+05 -2.48982128e+05  2.35e-01 1.20e-12  4.66e-01    41s
  16   1.57163748e+05 -1.00455547e+05  1.38e-01 4.33e-13  2.58e-01    42s
  17   1.27245356e+05 -2.56084611e+04  8.94e-02 1.17e-13  1.53e-01    43s
  18   1.07997604e+05 -2.72992620e+03  5.96e-02 2.77e-13  1.11e-01    44s
  19   9.52730195e+04  1.35335948e+04  3.96e-02 1.78e-13  8.19e-02    46s
  20   8.93340726e+04  2.50528903e+04  3.07e-02 1.56e-13  6.44e-02    47s
  21   8.60404916e+04  2.83120301e+04  2.58e-02 1.21e-13  5.78e-02    48s
  22   8.02507691e+04  3.63958761e+04  1.74e-02 1.31e-13  4.39e-02    50s
  23   7.70715112e+04  4.21053248e+04  1.31e-02 1.09e-13  3.50e-02    51s
  24   7.42747938e+04  4.74104618e+04  1.01e-02 1.08e-13  2.69e-02    53s
  25   7.21221168e+04  5.09176631e+04  7.37e-03 4.97e-14  2.12e-02    55s
  26   7.09193469e+04  5.38348035e+04  5.84e-03 2.13e-14  1.71e-02    56s
  27   7.03585860e+04  5.63422123e+04  5.17e-03 2.93e-14  1.40e-02    58s
  28   6.97866366e+04  5.80050562e+04  4.50e-03 1.33e-14  1.18e-02    60s
  29   6.94226751e+04  5.87936326e+04  3.96e-03 3.91e-14  1.06e-02    62s
  30   6.83361105e+04  5.99800608e+04  2.70e-03 3.82e-14  8.37e-03    63s
  31   6.77132897e+04  6.08879458e+04  2.10e-03 1.60e-14  6.84e-03    65s
  32   6.73343675e+04  6.13576329e+04  1.74e-03 1.07e-14  5.99e-03    67s
  33   6.69445247e+04  6.18872406e+04  1.39e-03 1.15e-14  5.07e-03    68s
  34   6.65802571e+04  6.28070096e+04  1.05e-03 3.72e-16  3.78e-03    70s
  35   6.63803040e+04  6.32127415e+04  8.73e-04 1.15e-14  3.17e-03    72s
  36   6.62813156e+04  6.36077743e+04  7.88e-04 5.03e-16  2.68e-03    74s
  37   6.62633682e+04  6.36716921e+04  7.72e-04 5.11e-15  2.60e-03    76s
  38   6.61744570e+04  6.37314678e+04  6.84e-04 7.77e-15  2.45e-03    79s
  39   6.61512143e+04  6.39151142e+04  6.65e-04 7.55e-15  2.24e-03    80s
  40   6.61043620e+04  6.40510680e+04  6.26e-04 1.07e-14  2.06e-03    83s
  41   6.60672347e+04  6.40833834e+04  5.87e-04 2.44e-15  1.99e-03    85s
  42   6.59423585e+04  6.42390458e+04  4.87e-04 6.88e-15  1.71e-03    88s
  43   6.59019144e+04  6.43278758e+04  4.51e-04 1.78e-15  1.58e-03    90s
  44   6.58665093e+04  6.43437249e+04  4.22e-04 1.07e-14  1.53e-03    93s
  45   6.58439489e+04  6.44649284e+04  4.05e-04 5.11e-15  1.38e-03    96s
  46   6.58075185e+04  6.45390377e+04  3.74e-04 5.77e-15  1.27e-03    98s
  47   6.57394484e+04  6.46610165e+04  3.24e-04 6.22e-15  1.08e-03   101s
  48   6.57000728e+04  6.47089044e+04  2.94e-04 1.67e-15  9.93e-04   103s
  49   6.56660009e+04  6.47963701e+04  2.66e-04 2.55e-15  8.71e-04   105s
  50   6.56497001e+04  6.48005258e+04  2.50e-04 3.00e-15  8.51e-04   108s
  51   6.56216097e+04  6.48882946e+04  2.29e-04 5.77e-15  7.35e-04   111s
  52   6.56041049e+04  6.49129417e+04  2.13e-04 4.61e-15  6.92e-04   113s
  53   6.55814182e+04  6.49930236e+04  1.96e-04 1.33e-15  5.89e-04   116s
  54   6.55529907e+04  6.50291956e+04  1.72e-04 5.00e-16  5.25e-04   119s
  55   6.55274575e+04  6.50507677e+04  1.52e-04 1.39e-15  4.77e-04   122s
  56   6.55132914e+04  6.50759660e+04  1.40e-04 1.78e-15  4.38e-04   125s
  57   6.54800320e+04  6.50852235e+04  1.15e-04 1.61e-15  3.95e-04   127s
  58   6.54594910e+04  6.51081519e+04  9.95e-05 6.07e-16  3.52e-04   130s
  59   6.54438095e+04  6.51330428e+04  8.77e-05 1.11e-15  3.11e-04   133s
  60   6.54338259e+04  6.51459633e+04  8.04e-05 6.66e-16  2.88e-04   136s
  61   6.54299275e+04  6.51669060e+04  7.74e-05 6.77e-16  2.63e-04   139s
  62   6.54192703e+04  6.51766141e+04  6.92e-05 3.03e-15  2.43e-04   142s
  63   6.54118791e+04  6.51873703e+04  6.37e-05 5.78e-16  2.25e-04   144s
  64   6.53982477e+04  6.51977723e+04  5.32e-05 8.07e-16  2.01e-04   147s
  65   6.53939247e+04  6.52116050e+04  5.00e-05 1.17e-15  1.83e-04   149s
  66   6.53835236e+04  6.52202823e+04  4.20e-05 1.50e-15  1.64e-04   152s
  67   6.53774658e+04  6.52314175e+04  3.76e-05 6.66e-16  1.46e-04   155s
  68   6.53664413e+04  6.52561992e+04  2.95e-05 4.16e-16  1.10e-04   158s
  69   6.53594643e+04  6.52712095e+04  2.46e-05 1.97e-15  8.84e-05   161s
  70   6.53542811e+04  6.52778309e+04  2.09e-05 9.43e-16  7.66e-05   164s
  71   6.53483936e+04  6.52837126e+04  1.70e-05 6.91e-16  6.48e-05   166s
  72   6.53429649e+04  6.52950545e+04  1.35e-05 5.51e-16  4.80e-05   169s
  73   6.53365472e+04  6.53020039e+04  9.48e-06 9.00e-16  3.46e-05   172s
  74   6.53340081e+04  6.53084514e+04  7.94e-06 1.26e-15  2.56e-05   176s
  75   6.53312530e+04  6.53124799e+04  6.23e-06 5.48e-16  1.88e-05   179s
  76   6.53300392e+04  6.53137707e+04  5.51e-06 1.57e-15  1.63e-05   182s
  77   6.53291683e+04  6.53150504e+04  4.99e-06 2.70e-15  1.41e-05   186s
  78   6.53260504e+04  6.53171072e+04  3.06e-06 5.04e-15  8.96e-06   189s
  79   6.53246326e+04  6.53181094e+04  2.21e-06 3.13e-15  6.53e-06   192s
  80   6.53232054e+04  6.53192498e+04  1.32e-06 1.81e-15  3.96e-06   195s
  81   6.53228029e+04  6.53193797e+04  1.09e-06 1.64e-15  3.43e-06   198s
  82   6.53226584e+04  6.53194824e+04  9.98e-07 1.44e-15  3.18e-06   201s
  83   6.53225255e+04  6.53196648e+04  9.30e-07 1.29e-15  2.87e-06   203s
  84   6.53223185e+04  6.53198057e+04  8.14e-07 9.78e-16  2.52e-06   204s
  85   6.53221900e+04  6.53199873e+04  7.32e-07 1.03e-15  2.21e-06   206s
  86   6.53221076e+04  6.53200777e+04  6.88e-07 9.72e-16  2.03e-06   208s
  87   6.53220204e+04  6.53201087e+04  6.43e-07 2.00e-15  1.91e-06   210s
  88   6.53219785e+04  6.53201168e+04  6.11e-07 9.41e-16  1.86e-06   212s
  89   6.53219300e+04  6.53201497e+04  5.90e-07 9.11e-16  1.78e-06   214s
  90   6.53218272e+04  6.53201931e+04  5.33e-07 8.74e-16  1.64e-06   216s
  91   6.53217787e+04  6.53202357e+04  5.15e-07 9.04e-16  1.55e-06   218s
  92   6.53217210e+04  6.53202732e+04  4.81e-07 8.70e-16  1.45e-06   219s
  93   6.53216653e+04  6.53203200e+04  4.50e-07 8.66e-16  1.35e-06   222s
  94   6.53216361e+04  6.53203774e+04  4.23e-07 1.12e-15  1.26e-06   224s
  95   6.53215306e+04  6.53204426e+04  3.69e-07 7.77e-16  1.09e-06   226s
  96   6.53214812e+04  6.53204891e+04  3.36e-07 7.22e-16  9.94e-07   228s
  97   6.53213976e+04  6.53205507e+04  2.94e-07 6.20e-16  8.48e-07   230s
  98   6.53213611e+04  6.53205678e+04  2.72e-07 7.63e-16  7.94e-07   232s
  99   6.53212968e+04  6.53206068e+04  2.48e-07 7.66e-16  6.91e-07   235s
 100   6.53212527e+04  6.53206393e+04  2.16e-07 4.98e-16  6.14e-07   237s
 101   6.53212312e+04  6.53206522e+04  2.04e-07 6.66e-16  5.80e-07   240s
 102   6.53212201e+04  6.53206571e+04  1.90e-07 4.04e-16  5.64e-07   243s
 103   6.53211985e+04  6.53206632e+04  1.92e-07 5.55e-16  5.36e-07   245s
 104   6.53211787e+04  6.53206793e+04  1.71e-07 6.18e-16  5.00e-07   248s
 105   6.53211734e+04  6.53206979e+04  1.72e-07 7.77e-16  4.76e-07   251s
 106   6.53211580e+04  6.53207028e+04  2.35e-07 1.67e-13  4.56e-07   253s
 107   6.53211467e+04  6.53207124e+04  2.36e-07 1.55e-13  4.35e-07   255s
 108   6.53211286e+04  6.53207166e+04  2.19e-07 1.50e-13  4.13e-07   258s
 109   6.53211212e+04  6.53207212e+04  2.19e-07 1.44e-13  4.01e-07   260s
 110   6.53211169e+04  6.53207228e+04  2.25e-07 1.42e-13  3.95e-07   262s
 111   6.53211109e+04  6.53207238e+04  2.17e-07 1.41e-13  3.88e-07   265s
 112   6.53210958e+04  6.53207297e+04  2.04e-07 1.34e-13  3.67e-07   269s
 113   6.53210832e+04  6.53207389e+04  1.96e-07 1.23e-13  3.45e-07   274s
 114   6.53210616e+04  6.53207451e+04  1.91e-07 1.16e-13  3.17e-07   278s
 115   6.53210433e+04  6.53207480e+04  2.07e-07 1.53e-11  2.96e-07   283s
 116   6.53210298e+04  6.53207566e+04  1.98e-07 1.57e-11  2.74e-07   288s
 117   6.53210167e+04  6.53207630e+04  1.79e-07 1.46e-11  2.54e-07   294s
 118   6.53209937e+04  6.53207700e+04  1.70e-07 1.54e-11  2.24e-07   300s
 119   6.53209790e+04  6.53207827e+04  1.53e-07 1.28e-11  1.97e-07   305s
 120   6.53209676e+04  6.53207904e+04  1.75e-07 1.23e-11  1.77e-07   311s
 121   6.53209431e+04  6.53208045e+04  5.07e-08 7.95e-12  1.39e-07   316s
 122   6.53209261e+04  6.53208091e+04  7.07e-06 1.00e-12  1.17e-07   320s
 123   6.53209057e+04  6.53208141e+04  5.44e-06 1.15e-12  9.17e-08   325s
 124   6.53208833e+04  6.53208258e+04  1.31e-06 2.94e-11  5.75e-08   331s
 125   6.53208611e+04  6.53208347e+04  1.28e-06 3.61e-13  2.65e-08   336s
 126   6.53208517e+04  6.53208372e+04  7.68e-06 7.34e-13  1.46e-08   340s
 127   6.53208467e+04  6.53208392e+04  4.11e-05 1.02e-12  7.53e-09   343s
 128   6.53208462e+04  6.53208398e+04  3.82e-05 1.71e-12  6.39e-09   344s
 129   6.53208446e+04  6.53208398e+04  2.79e-05 1.76e-12  4.74e-09   346s
 130   6.53208424e+04  6.53208400e+04  4.54e-05 2.39e-12  2.35e-09   348s
 131   6.53208411e+04  6.53208403e+04  1.80e-05 5.09e-12  7.45e-10   349s
 132   6.53208406e+04  6.53208404e+04  5.26e-06 2.30e-10  1.93e-10   351s
 133   6.53208405e+04  6.53208404e+04  2.64e-06 1.42e-10  9.33e-11   352s

Barrier solved model in 133 iterations and 352.23 seconds (218.36 work units)
Optimal objective 6.53208405e+04


Gurobi 13.0.2 (linux64) logging started Fri Jul 17 10:46:49 2026

Set parameter LogFile to value "outputs/batch_1007_res/2050_FR_alone/logfile_2050_FR_alone.txt"
Gurobi Optimizer version 13.0.2 build v13.0.2rc1 (linux64 - "CentOS Stream 9")

CPU model: Intel(R) Xeon(R) Gold 6130 CPU @ 2.10GHz, instruction set [SSE2|AVX|AVX2|AVX512]
Thread count: 16 physical cores, 32 logical processors, using up to 32 threads

Non-default parameters:
Method  2
Crossover  0
NumericFocus  3
Presolve  2

Optimize a model with 1007907 rows, 823495 columns and 3925675 nonzeros (Min)
Model fingerprint: 0x9625d993
Model has 210275 linear objective coefficients
Coefficient statistics:
  Matrix range     [1e-04, 1e+02]
  Objective range  [6e-04, 3e+03]
  Bounds range     [0e+00, 0e+00]
  RHS range        [7e-02, 1e+05]

Presolve removed 727422 rows and 446801 columns (presolve time = 5s)...
Presolve removed 736182 rows and 446801 columns
Presolve time: 6.72s
Presolved: 271725 rows, 385454 columns, 1466670 nonzeros
Ordering time: 0.32s

Barrier statistics:
 Dense cols : 14
 AA' NZ     : 1.094e+06
 Factor NZ  : 5.980e+06 (roughly 300 MB of memory)
 Factor Ops : 3.587e+08 (less than 1 second per iteration)
 Threads    : 16

                  Objective                Residual
Iter       Primal          Dual         Primal    Dual     Compl     Time
   0   3.16070816e+07 -1.07709129e+12  8.64e+07 3.71e-14  1.22e+07     8s
   1   3.16933280e+07 -3.99495714e+11  7.94e+07 2.28e+02  7.68e+06     8s
   2   3.25463921e+07 -1.02492181e+11  6.13e+07 2.47e+01  4.93e+06     9s
   3   3.88848904e+07 -3.63902613e+10  1.53e+07 3.84e+00  1.26e+06     9s
   4   3.90286767e+07 -1.23159180e+10  2.05e+06 3.47e-01  1.77e+05    10s
   5   3.61614957e+07 -5.33206423e+09  4.17e+05 8.26e-02  3.86e+04    10s
   6   2.72339120e+07 -2.49713964e+09  8.46e+04 2.52e-02  9.26e+03    11s
   7   1.53308014e+07 -9.00564535e+08  1.02e+04 4.62e-03  1.89e+03    11s
   8   9.45930266e+06 -7.16081617e+08  1.43e+03 3.22e-03  1.17e+03    12s
   9   8.76256136e+06 -5.11272500e+08  3.64e+02 1.63e-03  8.11e+02    13s
  10   6.17085231e+06 -1.47247792e+08  3.61e+01 4.83e-13  2.35e+02    13s
  11   1.75896706e+06 -1.92935553e+07  6.73e+00 1.99e-13  3.18e+01    14s
  12   7.39417989e+05 -5.22969336e+06  2.27e+00 6.22e-14  8.98e+00    15s
  13   3.69654814e+05 -1.56032649e+06  9.00e-01 1.62e-14  2.90e+00    16s
  14   2.22592963e+05 -6.79297874e+05  4.42e-01 8.16e-15  1.36e+00    17s
  15   1.69954493e+05 -3.30316053e+05  2.78e-01 4.15e-15  7.52e-01    17s
  16   1.35444478e+05 -1.45677521e+05  1.78e-01 2.05e-15  4.22e-01    18s
  17   1.14555081e+05 -6.03454894e+04  1.19e-01 1.23e-15  2.63e-01    19s
  18   9.63602329e+04 -9.56521826e+03  6.98e-02 7.95e-16  1.59e-01    19s
  19   9.04474441e+04  1.02050321e+04  5.44e-02 2.19e-15  1.21e-01    20s
  20   8.45250506e+04  3.07530345e+04  3.94e-02 3.50e-16  8.08e-02    21s
  21   8.07865020e+04  3.96954092e+04  3.03e-02 2.74e-16  6.17e-02    22s
  22   7.58502254e+04  4.56172688e+04  1.88e-02 2.48e-16  4.54e-02    23s
  23   7.25201903e+04  5.22833566e+04  1.20e-02 3.59e-16  3.04e-02    23s
  24   7.07246358e+04  5.70985991e+04  8.85e-03 4.70e-16  2.05e-02    24s
  25   7.03968035e+04  5.83900698e+04  8.31e-03 4.70e-16  1.80e-02    25s
  26   7.02145689e+04  5.87531054e+04  7.96e-03 5.32e-16  1.72e-02    25s
  27   6.96538290e+04  5.94477152e+04  7.07e-03 4.70e-16  1.53e-02    26s
  28   6.92052605e+04  6.02436061e+04  6.38e-03 7.35e-16  1.35e-02    27s
  29   6.88612231e+04  6.05491013e+04  5.85e-03 7.34e-16  1.25e-02    28s
  30   6.87532263e+04  6.13093555e+04  5.67e-03 6.99e-16  1.12e-02    30s
  31   6.81900073e+04  6.19457587e+04  4.86e-03 1.89e-15  9.38e-03    31s
  32   6.74158099e+04  6.26954931e+04  3.80e-03 1.17e-15  7.09e-03    32s
  33   6.66326448e+04  6.29293999e+04  2.76e-03 1.14e-15  5.56e-03    33s
  34   6.61741998e+04  6.34523939e+04  2.14e-03 8.88e-16  4.09e-03    34s
  35   6.57800858e+04  6.36686135e+04  1.62e-03 1.14e-15  3.17e-03    35s
  36   6.55307526e+04  6.38293471e+04  1.28e-03 8.88e-16  2.56e-03    36s
  37   6.53444915e+04  6.40177960e+04  1.03e-03 8.88e-16  1.99e-03    37s
  38   6.51690741e+04  6.40909413e+04  7.86e-04 1.14e-15  1.62e-03    38s
  39   6.51329448e+04  6.41654813e+04  7.34e-04 7.43e-16  1.45e-03    40s
  40   6.51133470e+04  6.41974212e+04  7.04e-04 7.62e-16  1.38e-03    41s
  41   6.50520422e+04  6.43158945e+04  5.85e-04 2.47e-15  1.11e-03    42s
  42   6.49719613e+04  6.44019212e+04  4.38e-04 2.05e-15  8.56e-04    44s
  43   6.49049788e+04  6.44827807e+04  3.21e-04 1.87e-15  6.34e-04    45s
  44   6.48542227e+04  6.45385636e+04  2.37e-04 2.19e-15  4.74e-04    47s
  45   6.48303663e+04  6.46075135e+04  1.97e-04 3.36e-15  3.35e-04    49s
  46   6.48109538e+04  6.46198435e+04  1.63e-04 1.78e-15  2.87e-04    50s
  47   6.47889574e+04  6.46430345e+04  1.27e-04 5.13e-15  2.19e-04    52s
  48   6.47608285e+04  6.46571629e+04  8.25e-05 1.78e-15  1.56e-04    53s
  49   6.47493182e+04  6.46716072e+04  6.46e-05 3.55e-15  1.17e-04    55s
  50   6.47339253e+04  6.46813906e+04  4.15e-05 3.55e-15  7.89e-05    57s
  51   6.47267426e+04  6.46861269e+04  3.06e-05 1.78e-15  6.10e-05    58s
  52   6.47232861e+04  6.46912642e+04  2.53e-05 3.55e-15  4.81e-05    59s
  53   6.47176751e+04  6.46951853e+04  1.72e-05 4.41e-15  3.38e-05    61s
  54   6.47156310e+04  6.46980272e+04  1.41e-05 2.71e-15  2.64e-05    62s
  55   6.47136124e+04  6.46999958e+04  1.12e-05 2.97e-15  2.04e-05    63s
  56   6.47118839e+04  6.47012365e+04  8.66e-06 2.45e-15  1.60e-05    65s
  57   6.47094656e+04  6.47029479e+04  5.10e-06 7.79e-15  9.79e-06    67s
  58   6.47077582e+04  6.47039042e+04  2.69e-06 2.19e-13  5.79e-06    68s
  59   6.47073756e+04  6.47047325e+04  2.15e-06 3.69e-13  3.97e-06    69s
  60   6.47068980e+04  6.47049729e+04  1.48e-06 3.47e-13  2.89e-06    69s
  61   6.47065460e+04  6.47051905e+04  9.85e-07 2.77e-13  2.04e-06    70s
  62   6.47062859e+04  6.47055189e+04  6.22e-07 2.17e-13  1.15e-06    71s
  63   6.47059845e+04  6.47057069e+04  1.91e-07 8.71e-14  4.17e-07    72s
  64   6.47059355e+04  6.47058156e+04  1.26e-07 6.82e-13  1.80e-07    73s
  65   6.47058985e+04  6.47058276e+04  7.67e-08 6.25e-13  1.06e-07    74s
  66   6.47058626e+04  6.47058305e+04  9.19e-07 4.55e-13  4.82e-08    76s
  67   6.47058421e+04  6.47058367e+04  1.06e-07 5.68e-13  8.16e-09    77s
  68   6.47058393e+04  6.47058384e+04  7.42e-08 3.55e-13  1.43e-09    79s
  69   6.47058391e+04  6.47058389e+04  2.05e-06 1.63e-13  2.17e-10    80s
  70   6.47058390e+04  6.47058390e+04  8.34e-07 3.40e-10  2.62e-11    81s

Barrier solved model in 70 iterations and 81.06 seconds (50.65 work units)
Optimal objective 6.47058390e+04

