
Gurobi 13.0.2 (linux64) logging started Wed Jul 22 06:48:33 2026

Set parameter LogFile to value "outputs/batch_2007_res_step1/2060_FR_alone/logfile_2060_FR_alone.txt"
Gurobi Optimizer version 13.0.2 build v13.0.2rc1 (linux64 - "CentOS Stream 9")

CPU model: Intel(R) Xeon(R) Gold 6130 CPU @ 2.10GHz, instruction set [SSE2|AVX|AVX2|AVX512]
Thread count: 16 physical cores, 32 logical processors, using up to 32 threads

Non-default parameters:
Method  2
Crossover  0
NumericFocus  3
Presolve  2

Optimize a model with 1007911 rows, 823495 columns and 3978201 nonzeros (Min)
Model fingerprint: 0x7add9971
Model has 210275 linear objective coefficients
Coefficient statistics:
  Matrix range     [1e-04, 1e+02]
  Objective range  [6e-04, 3e+03]
  Bounds range     [0e+00, 0e+00]
  RHS range        [7e-02, 1e+05]

Presolve removed 377453 rows and 260000 columns (presolve time = 9s)...
Presolve removed 380278 rows and 262825 columns (presolve time = 10s)...
Presolve removed 380278 rows and 262825 columns (presolve time = 15s)...
Presolve removed 380278 rows and 262825 columns (presolve time = 20s)...
Presolve removed 578504 rows and 271589 columns (presolve time = 25s)...
Presolve removed 578504 rows and 271589 columns (presolve time = 30s)...
Presolve removed 587264 rows and 271589 columns
Presolve time: 32.60s
Presolved: 420647 rows, 560666 columns, 2435809 nonzeros
Ordering time: 0.51s

Barrier statistics:
 Dense cols : 26
 AA' NZ     : 2.145e+06
 Factor NZ  : 9.204e+06 (roughly 500 MB of memory)
 Factor Ops : 4.883e+08 (less than 1 second per iteration)
 Threads    : 16

                  Objective                Residual
Iter       Primal          Dual         Primal    Dual     Compl     Time
   0   1.05096398e+08 -7.85187380e+11  1.78e+08 1.08e-13  3.98e+07    34s
   1   1.12949178e+08 -6.42401633e+11  1.67e+08 5.63e+02  3.28e+07    35s
   2   1.24955406e+08 -4.33589394e+11  1.45e+08 1.44e+02  2.28e+07    36s
   3   1.58311666e+08 -2.71707454e+11  8.92e+07 4.63e+01  1.62e+07    37s
   4   1.66680587e+08 -2.20790529e+11  7.89e+07 3.43e+01  1.42e+07    38s
   5   2.45542133e+08 -1.47671559e+11  2.29e+07 1.65e+01  4.38e+06    39s
   6   2.86987129e+08 -5.57007621e+10  3.72e+06 3.69e+00  7.53e+05    40s
   7   2.80589871e+08 -2.13584115e+10  7.64e+05 6.04e-01  1.58e+05    40s
   8   2.35778231e+08 -1.03151875e+10  2.26e+05 1.02e-01  4.67e+04    41s
   9   1.72588525e+08 -5.90311835e+09  9.19e+04 3.34e-02  1.93e+04    42s
  10   1.26315506e+08 -4.75015001e+09  4.14e+04 2.22e-02  1.07e+04    43s
  11   9.65999572e+07 -3.09297939e+09  1.89e+04 1.02e-02  5.53e+03    44s
  12   6.49860842e+07 -2.67618621e+09  7.33e+03 8.08e-03  3.70e+03    46s
  13   3.93954794e+07 -7.81079493e+08  1.68e+03 6.94e-09  9.62e+02    47s
  14   7.52290302e+06 -1.25336014e+08  1.67e+02 9.00e-09  1.42e+02    48s
  15   1.09769073e+06 -1.30442089e+07  2.20e+01 2.84e-10  1.48e+01    49s
  16   4.17411219e+05 -1.34711018e+06  7.37e+00 1.08e-10  1.83e+00    50s
  17   2.83509536e+05 -3.73598884e+05  4.56e+00 4.54e-11  6.83e-01    51s
  18   2.13104585e+05 -2.17789802e+05  3.00e+00 2.92e-11  4.47e-01    52s
  19   1.78528808e+05 -1.19748001e+05  2.24e+00 1.89e-11  3.10e-01    54s
  20   1.34983556e+05 -6.99626400e+04  1.34e+00 1.48e-11  2.13e-01    56s
  21   1.10436289e+05 -2.22633683e+04  8.12e-01 9.86e-12  1.38e-01    57s
  22   9.92139204e+04  3.36198101e+03  5.76e-01 7.05e-12  9.95e-02    58s
  23   9.29672339e+04  1.65336207e+04  4.55e-01 5.46e-12  7.93e-02    59s
  24   9.06194414e+04  2.10258671e+04  4.24e-01 5.22e-12  7.22e-02    60s
  25   8.50109785e+04  3.23221215e+04  3.24e-01 4.19e-12  5.47e-02    61s
  26   8.13704077e+04  3.81235986e+04  2.67e-01 3.24e-12  4.49e-02    62s
  27   7.75474415e+04  4.33591360e+04  2.06e-01 2.20e-12  3.55e-02    64s
  28   7.38318221e+04  4.76105662e+04  1.50e-01 2.13e-12  2.72e-02    66s
  29   7.11851229e+04  5.28364082e+04  1.11e-01 1.31e-12  1.90e-02    68s
  30   6.96328204e+04  5.55605982e+04  8.86e-02 9.40e-13  1.46e-02    70s
  31   6.81624363e+04  5.68128231e+04  6.78e-02 7.78e-13  1.18e-02    71s
  32   6.73167577e+04  5.79087675e+04  5.57e-02 6.01e-13  9.76e-03    73s
  33   6.65320588e+04  5.85307138e+04  4.44e-02 5.69e-13  8.30e-03    74s
  34   6.60735212e+04  5.90761777e+04  3.79e-02 5.85e-13  7.26e-03    76s
  35   6.56586702e+04  5.97617024e+04  3.17e-02 2.73e-12  6.12e-03    78s
  36   6.54816870e+04  6.00333819e+04  2.91e-02 2.96e-12  5.65e-03    80s
  37   6.54003210e+04  6.02212561e+04  2.79e-02 3.59e-13  5.37e-03    82s
  38   6.51496446e+04  6.04218400e+04  2.42e-02 2.50e-12  4.91e-03    83s
  39   6.50218117e+04  6.06814951e+04  2.24e-02 2.98e-13  4.50e-03    85s
  40   6.48790806e+04  6.10167754e+04  2.03e-02 2.97e-13  4.01e-03    87s
  41   6.47597555e+04  6.12197679e+04  1.86e-02 2.34e-13  3.67e-03    89s
  42   6.45997828e+04  6.14627433e+04  1.63e-02 1.93e-13  3.26e-03    91s
  43   6.44702470e+04  6.16232098e+04  1.44e-02 4.55e-13  2.95e-03    92s
  44   6.43312646e+04  6.17817504e+04  1.23e-02 2.27e-13  2.65e-03    94s
  45   6.42173294e+04  6.19363987e+04  1.04e-02 1.30e-13  2.37e-03    96s
  46   6.41524733e+04  6.20395721e+04  9.32e-03 6.82e-13  2.19e-03    98s
  47   6.40739643e+04  6.21561828e+04  7.93e-03 2.27e-12  1.99e-03   100s
  48   6.39995776e+04  6.23351795e+04  6.62e-03 4.55e-13  1.73e-03   101s
  49   6.39474731e+04  6.24103540e+04  5.75e-03 1.33e-13  1.60e-03   103s
  50   6.39223447e+04  6.24601655e+04  5.34e-03 1.31e-13  1.52e-03   105s
  51   6.38930778e+04  6.25159316e+04  4.87e-03 9.24e-14  1.43e-03   107s
  52   6.38596510e+04  6.26228285e+04  4.34e-03 2.05e-12  1.28e-03   109s
  53   6.38361891e+04  6.26784119e+04  3.99e-03 1.19e-13  1.20e-03   110s
  54   6.38162718e+04  6.27569808e+04  3.70e-03 3.18e-12  1.10e-03   112s
  55   6.37864604e+04  6.28175411e+04  3.27e-03 1.36e-12  1.01e-03   114s
  56   6.37671406e+04  6.28755491e+04  3.00e-03 6.82e-13  9.25e-04   115s
  57   6.37422663e+04  6.29351647e+04  2.66e-03 7.28e-14  8.38e-04   117s
  58   6.37216176e+04  6.29822519e+04  2.39e-03 1.03e-13  7.67e-04   119s
  59   6.37113139e+04  6.30064000e+04  2.26e-03 6.82e-13  7.31e-04   121s
  60   6.36985317e+04  6.30343687e+04  2.09e-03 4.55e-13  6.89e-04   123s
  61   6.36884933e+04  6.30625564e+04  1.96e-03 6.82e-13  6.50e-04   124s
  62   6.36833651e+04  6.30797328e+04  1.90e-03 3.64e-12  6.26e-04   126s
  63   6.36731762e+04  6.31069882e+04  1.77e-03 6.75e-14  5.88e-04   128s
  64   6.36668403e+04  6.31356234e+04  1.69e-03 4.71e-14  5.51e-04   130s
  65   6.36559433e+04  6.31547634e+04  1.56e-03 4.26e-14  5.20e-04   131s
  66   6.36462688e+04  6.31756304e+04  1.44e-03 4.09e-14  4.88e-04   133s
  67   6.36373153e+04  6.31932906e+04  1.33e-03 1.36e-12  4.61e-04   135s
  68   6.36258967e+04  6.32208888e+04  1.20e-03 1.36e-12  4.20e-04   137s
  69   6.36172608e+04  6.32450687e+04  1.10e-03 2.05e-12  3.86e-04   139s
  70   6.36042317e+04  6.32650680e+04  9.52e-04 1.36e-12  3.52e-04   141s
  71   6.35935866e+04  6.32917833e+04  8.37e-04 1.59e-12  3.13e-04   143s
  72   6.35866973e+04  6.33067958e+04  7.63e-04 3.20e-13  2.90e-04   146s
  73   6.35813895e+04  6.33149129e+04  7.06e-04 1.37e-13  2.77e-04   148s
  74   6.35780334e+04  6.33269283e+04  6.71e-04 4.09e-12  2.61e-04   150s
  75   6.35690421e+04  6.33468903e+04  5.79e-04 4.62e-14  2.31e-04   153s
  76   6.35608953e+04  6.33692197e+04  4.99e-04 1.42e-13  1.99e-04   156s
  77   6.35576015e+04  6.33902664e+04  4.68e-04 5.68e-14  1.74e-04   158s
  78   6.35503680e+04  6.34132043e+04  3.99e-04 1.59e-12  1.42e-04   161s
  79   6.35447562e+04  6.34252837e+04  3.46e-04 2.84e-14  1.24e-04   163s
  80   6.35393765e+04  6.34323388e+04  2.99e-04 2.22e-14  1.11e-04   165s
  81   6.35368865e+04  6.34334681e+04  2.77e-04 3.18e-12  1.07e-04   168s
  82   6.35348408e+04  6.34426090e+04  2.59e-04 1.60e-14  9.57e-05   171s
  83   6.35333138e+04  6.34470814e+04  2.45e-04 2.84e-14  8.95e-05   173s
  84   6.35312513e+04  6.34503850e+04  2.26e-04 4.35e-14  8.39e-05   175s
  85   6.35291551e+04  6.34550422e+04  2.09e-04 1.07e-13  7.69e-05   177s
  86   6.35236121e+04  6.34597197e+04  1.61e-04 1.59e-12  6.63e-05   180s
  87   6.35217298e+04  6.34628488e+04  1.46e-04 1.23e-13  6.11e-05   183s
  88   6.35203613e+04  6.34679624e+04  1.34e-04 1.14e-12  5.44e-05   186s
  89   6.35186648e+04  6.34711127e+04  1.20e-04 3.02e-14  4.93e-05   189s
  90   6.35169798e+04  6.34748803e+04  1.07e-04 1.82e-12  4.37e-05   192s
  91   6.35153411e+04  6.34771478e+04  9.38e-05 2.84e-14  3.96e-05   195s
  92   6.35148353e+04  6.34789953e+04  8.96e-05 3.64e-14  3.72e-05   198s
  93   6.35135709e+04  6.34824741e+04  7.94e-05 7.82e-14  3.23e-05   201s
  94   6.35118384e+04  6.34860869e+04  6.54e-05 4.26e-14  2.67e-05   204s
  95   6.35110748e+04  6.34870003e+04  5.94e-05 2.96e-12  2.50e-05   208s
  96   6.35100683e+04  6.34888839e+04  5.19e-05 8.17e-14  2.20e-05   211s
  97   6.35095139e+04  6.34899351e+04  4.79e-05 3.20e-14  2.03e-05   214s
  98   6.35089917e+04  6.34916539e+04  4.39e-05 4.80e-14  1.80e-05   217s
  99   6.35081609e+04  6.34933251e+04  3.76e-05 3.42e-14  1.54e-05   221s
 100   6.35073876e+04  6.34950975e+04  3.18e-05 3.64e-12  1.28e-05   224s
 101   6.35065205e+04  6.34977605e+04  2.53e-05 7.28e-14  9.09e-06   228s
 102   6.35056445e+04  6.34999038e+04  1.89e-05 1.39e-13  5.96e-06   231s
 103   6.35043326e+04  6.35015747e+04  9.50e-06 3.41e-13  2.86e-06   236s
 104   6.35038510e+04  6.35020845e+04  6.16e-06 9.09e-13  1.83e-06   241s
 105   6.35033075e+04  6.35022517e+04  2.41e-06 4.35e-14  1.10e-06   245s
 106   6.35032664e+04  6.35022721e+04  2.15e-06 5.33e-14  1.03e-06   247s
 107   6.35032490e+04  6.35022865e+04  2.04e-06 6.82e-13  9.99e-07   250s
 108   6.35032108e+04  6.35023094e+04  1.79e-06 4.97e-14  9.35e-07   252s
 109   6.35031219e+04  6.35023893e+04  1.19e-06 7.96e-13  7.60e-07   255s
 110   6.35030671e+04  6.35025755e+04  8.20e-07 2.84e-14  5.10e-07   257s
 111   6.35030423e+04  6.35027221e+04  6.59e-07 4.06e-12  3.32e-07   259s
 112   6.35030142e+04  6.35027963e+04  4.88e-07 1.50e-11  2.26e-07   262s
 113   6.35029988e+04  6.35028193e+04  3.92e-07 1.27e-11  1.86e-07   265s
 114   6.35029793e+04  6.35028426e+04  2.74e-07 9.73e-12  1.42e-07   269s
 115   6.35029624e+04  6.35028894e+04  1.82e-07 5.01e-12  7.58e-08   272s
 116   6.35029447e+04  6.35029049e+04  4.34e-05 5.73e-12  4.13e-08   274s
 117   6.35029393e+04  6.35029172e+04  1.07e-04 2.55e-10  2.29e-08   276s
 118   6.35029327e+04  6.35029259e+04  8.66e-05 5.92e-09  7.03e-09   277s
 119   6.35029313e+04  6.35029288e+04  5.20e-05 1.22e-09  2.63e-09   278s
 120   6.35029302e+04  6.35029299e+04  1.49e-05 3.45e-10  4.01e-10   279s

Barrier solved model in 120 iterations and 279.34 seconds (199.89 work units)
Optimal objective 6.35029302e+04

