
Gurobi 13.0.2 (linux64) logging started Thu Jul 16 20:40:03 2026

Set parameter LogFile to value "outputs/batch_1007_res/2049_FR_alone/logfile_2049_FR_alone.txt"
Gurobi Optimizer version 13.0.2 build v13.0.2rc1 (linux64 - "CentOS Stream 9")

CPU model: Intel(R) Xeon(R) Gold 6130 CPU @ 2.10GHz, instruction set [SSE2|AVX|AVX2|AVX512]
Thread count: 16 physical cores, 32 logical processors, using up to 32 threads

Non-default parameters:
Method  2
Crossover  0
NumericFocus  3
Presolve  2

Optimize a model with 1007906 rows, 823495 columns and 3978264 nonzeros (Min)
Model fingerprint: 0x1e4f1c18
Model has 210275 linear objective coefficients
Coefficient statistics:
  Matrix range     [1e-04, 1e+02]
  Objective range  [6e-04, 3e+03]
  Bounds range     [0e+00, 0e+00]
  RHS range        [7e-02, 1e+05]

Presolve removed 482139 rows and 236558 columns (presolve time = 5s)...
Presolve removed 482139 rows and 236558 columns (presolve time = 10s)...
Presolve removed 596021 rows and 245321 columns (presolve time = 15s)...
Presolve removed 596021 rows and 245321 columns (presolve time = 20s)...
Presolve removed 604781 rows and 245321 columns
Presolve time: 23.77s
Presolved: 403125 rows, 586934 columns, 2290110 nonzeros
Ordering time: 0.47s

Barrier statistics:
 Dense cols : 14
 AA' NZ     : 1.956e+06
 Factor NZ  : 8.507e+06 (roughly 500 MB of memory)
 Factor Ops : 3.939e+08 (less than 1 second per iteration)
 Threads    : 16

                  Objective                Residual
Iter       Primal          Dual         Primal    Dual     Compl     Time
   0   1.36937186e+09 -2.22365098e+12  2.35e+08 3.28e-14  3.12e+07    25s
   1   1.36993665e+09 -9.83972463e+11  2.16e+08 2.79e+02  2.19e+07    26s
   2   1.44115717e+09 -8.70124016e+11  1.66e+08 3.10e+02  1.74e+07    27s
   3   3.75039207e+09 -4.54748055e+11  5.03e+07 8.94e+01  6.33e+06    28s
   4   3.92323541e+09 -9.35507352e+10  8.95e+06 1.15e+01  1.04e+06    29s
   5   3.57952254e+09 -2.22173811e+10  1.34e+06 1.03e+00  1.52e+05    30s
   6   1.93505057e+09 -6.93722106e+09  1.94e+05 1.22e-01  2.52e+04    31s
   7   5.07721539e+08 -2.52755686e+09  2.45e+04 3.51e-02  5.22e+03    32s
   8   1.49697735e+08 -2.36470222e+09  3.03e+03 3.25e-02  3.32e+03    33s
   9   6.16338218e+07 -2.97144309e+08  3.00e+02 2.94e-03  4.25e+02    34s
  10   1.83702919e+07 -3.59561376e+07  4.69e+01 1.40e-04  5.88e+01    36s
  11   3.90251066e+06 -8.49334632e+06  8.35e+00 2.18e-13  1.27e+01    37s
  12   1.34516178e+06 -5.04121280e+06  2.65e+00 1.22e-13  6.48e+00    38s
  13   7.13080688e+05 -1.71226061e+06  1.18e+00 4.35e-14  2.44e+00    39s
  14   3.71125644e+05 -8.17023920e+05  5.31e-01 2.22e-14  1.19e+00    40s
  15   2.25304319e+05 -3.56358169e+05  2.52e-01 1.11e-14  5.83e-01    41s
  16   1.67271008e+05 -2.07179677e+05  1.52e-01 7.96e-15  3.75e-01    42s
  17   1.38879252e+05 -8.79650555e+04  1.05e-01 4.85e-15  2.27e-01    44s
  18   1.24116958e+05 -5.15178550e+04  8.24e-02 3.96e-15  1.76e-01    45s
  19   1.05570957e+05 -2.95949431e+04  5.37e-02 3.29e-15  1.35e-01    46s
  20   9.96314130e+04  1.25232909e+03  4.48e-02 2.07e-15  9.86e-02    47s
  21   9.12780400e+04  1.44642703e+04  3.20e-02 1.74e-15  7.70e-02    49s
  22   8.63084560e+04  2.25561707e+04  2.46e-02 1.57e-15  6.39e-02    50s
  23   8.19818941e+04  3.12809178e+04  1.85e-02 1.29e-15  5.08e-02    52s
  24   7.83145192e+04  3.80816098e+04  1.34e-02 1.07e-15  4.03e-02    54s
  25   7.57245962e+04  4.34572656e+04  9.93e-03 9.61e-16  3.23e-02    56s
  26   7.33806046e+04  4.90378545e+04  7.02e-03 7.12e-16  2.44e-02    58s
  27   7.12918430e+04  5.36595222e+04  5.11e-03 4.62e-16  1.77e-02    61s
  28   7.05767738e+04  5.60940784e+04  4.39e-03 4.06e-16  1.45e-02    62s
  29   6.97732863e+04  5.85109387e+04  3.58e-03 2.67e-16  1.13e-02    64s
  30   6.91955496e+04  5.92940910e+04  2.98e-03 2.81e-16  9.92e-03    66s
  31   6.91302434e+04  5.96204331e+04  2.91e-03 2.26e-16  9.53e-03    69s
  32   6.85720999e+04  6.09119046e+04  2.27e-03 3.20e-16  7.67e-03    70s
  33   6.81779252e+04  6.16201014e+04  1.86e-03 4.32e-16  6.57e-03    72s
  34   6.78975324e+04  6.21613675e+04  1.59e-03 2.71e-16  5.75e-03    74s
  35   6.75456052e+04  6.30766687e+04  1.26e-03 8.88e-16  4.48e-03    76s
  36   6.73523144e+04  6.36415207e+04  1.08e-03 7.53e-16  3.72e-03    78s
  37   6.72757007e+04  6.37498868e+04  1.01e-03 6.22e-15  3.53e-03    80s
  38   6.72283592e+04  6.38466340e+04  9.66e-04 6.41e-16  3.39e-03    82s
  39   6.71909070e+04  6.40222091e+04  9.34e-04 9.33e-15  3.17e-03    84s
  40   6.71593693e+04  6.40969015e+04  9.05e-04 9.13e-16  3.07e-03    86s
  41   6.71283993e+04  6.41726307e+04  8.75e-04 1.06e-15  2.96e-03    89s
  42   6.70958024e+04  6.41799043e+04  8.44e-04 8.12e-16  2.92e-03    92s
  43   6.70333923e+04  6.42487520e+04  7.97e-04 1.06e-15  2.79e-03    95s
  44   6.69490153e+04  6.45158435e+04  7.27e-04 8.88e-16  2.44e-03    98s
  45   6.69023022e+04  6.46301737e+04  6.88e-04 1.78e-15  2.28e-03   100s
  46   6.68466377e+04  6.46726885e+04  6.40e-04 1.06e-15  2.18e-03   103s
  47   6.68161721e+04  6.47229804e+04  6.15e-04 9.80e-16  2.10e-03   105s
  48   6.67628573e+04  6.47990243e+04  5.65e-04 8.78e-16  1.97e-03   108s
  49   6.67266590e+04  6.48787142e+04  5.35e-04 9.33e-15  1.85e-03   111s
  50   6.67023802e+04  6.49682876e+04  5.08e-04 1.44e-15  1.74e-03   114s
  51   6.66669928e+04  6.49944220e+04  4.75e-04 7.11e-15  1.68e-03   116s
  52   6.66551843e+04  6.51308069e+04  4.61e-04 4.22e-15  1.53e-03   119s
  53   6.65369040e+04  6.52147238e+04  3.55e-04 1.93e-15  1.32e-03   122s
  54   6.64293158e+04  6.53658362e+04  2.62e-04 1.85e-15  1.07e-03   125s
  55   6.63651041e+04  6.55364402e+04  2.10e-04 9.10e-15  8.30e-04   127s
  56   6.63512185e+04  6.56223134e+04  2.00e-04 2.00e-15  7.30e-04   131s
  57   6.63236584e+04  6.56820423e+04  1.79e-04 4.88e-15  6.43e-04   134s
  58   6.63083019e+04  6.57228828e+04  1.68e-04 1.15e-15  5.86e-04   137s
  59   6.62846339e+04  6.57625971e+04  1.50e-04 3.33e-15  5.23e-04   139s
  60   6.62678685e+04  6.57730098e+04  1.36e-04 1.44e-15  4.96e-04   143s
  61   6.62500481e+04  6.57997493e+04  1.21e-04 2.78e-15  4.51e-04   145s
  62   6.62343336e+04  6.58101109e+04  1.09e-04 1.19e-15  4.25e-04   148s
  63   6.62261663e+04  6.58659599e+04  1.03e-04 1.51e-15  3.61e-04   151s
  64   6.61942953e+04  6.58850734e+04  7.61e-05 1.17e-15  3.10e-04   154s
  65   6.61823724e+04  6.59030163e+04  6.77e-05 2.22e-15  2.80e-04   157s
  66   6.61744017e+04  6.59188689e+04  6.19e-05 2.27e-15  2.56e-04   161s
  67   6.61649697e+04  6.59331525e+04  5.54e-05 2.78e-15  2.32e-04   164s
  68   6.61560107e+04  6.59477093e+04  4.91e-05 7.77e-15  2.09e-04   167s
  69   6.61416357e+04  6.59773286e+04  3.92e-05 1.17e-15  1.65e-04   171s
  70   6.61355558e+04  6.60076915e+04  3.51e-05 1.06e-15  1.28e-04   174s
  71   6.61247731e+04  6.60138877e+04  2.81e-05 9.28e-16  1.11e-04   177s
  72   6.61211620e+04  6.60202311e+04  2.57e-05 4.44e-15  1.01e-04   180s
  73   6.61120340e+04  6.60286971e+04  1.98e-05 2.66e-15  8.35e-05   183s
  74   6.61095055e+04  6.60346814e+04  1.82e-05 1.49e-15  7.50e-05   187s
  75   6.61049010e+04  6.60443301e+04  1.51e-05 1.44e-15  6.07e-05   191s
  76   6.61007686e+04  6.60460372e+04  1.24e-05 1.66e-15  5.48e-05   195s
  77   6.60996637e+04  6.60486384e+04  1.18e-05 1.32e-15  5.11e-05   199s
  78   6.60992113e+04  6.60521618e+04  1.13e-05 2.66e-15  4.71e-05   203s
  79   6.60965684e+04  6.60579047e+04  9.58e-06 1.21e-15  3.87e-05   206s
  80   6.60945586e+04  6.60620570e+04  8.43e-06 8.00e-16  3.26e-05   210s
  81   6.60923368e+04  6.60631710e+04  7.09e-06 5.77e-15  2.92e-05   213s
  82   6.60910300e+04  6.60670941e+04  6.29e-06 1.41e-15  2.40e-05   217s
  83   6.60899711e+04  6.60684944e+04  5.67e-06 1.98e-15  2.15e-05   220s
  84   6.60894277e+04  6.60699747e+04  5.34e-06 4.54e-15  1.95e-05   224s
  85   6.60887851e+04  6.60706361e+04  4.96e-06 5.28e-15  1.82e-05   227s
  86   6.60881753e+04  6.60707532e+04  4.61e-06 5.70e-15  1.75e-05   231s
  87   6.60873111e+04  6.60721698e+04  4.11e-06 6.29e-15  1.52e-05   235s
  88   6.60869084e+04  6.60728352e+04  3.86e-06 1.12e-14  1.41e-05   239s
  89   6.60859536e+04  6.60735813e+04  3.30e-06 1.23e-14  1.24e-05   243s
  90   6.60853551e+04  6.60743343e+04  2.96e-06 2.08e-14  1.10e-05   247s
  91   6.60851703e+04  6.60746200e+04  2.85e-06 1.97e-14  1.06e-05   251s
  92   6.60849134e+04  6.60747481e+04  2.71e-06 1.81e-14  1.02e-05   255s
  93   6.60841702e+04  6.60754190e+04  2.27e-06 3.35e-14  8.77e-06   258s
  94   6.60834421e+04  6.60764111e+04  1.86e-06 2.18e-14  7.04e-06   262s
  95   6.60827962e+04  6.60773274e+04  1.50e-06 1.50e-14  5.48e-06   265s
  96   6.60825133e+04  6.60777025e+04  1.34e-06 1.30e-14  4.82e-06   270s
  97   6.60822460e+04  6.60779742e+04  1.19e-06 1.12e-14  4.28e-06   274s
  98   6.60817175e+04  6.60784714e+04  9.05e-07 9.66e-15  3.25e-06   278s
  99   6.60815571e+04  6.60787789e+04  8.29e-07 7.80e-15  2.78e-06   283s
 100   6.60814680e+04  6.60788731e+04  7.75e-07 7.38e-15  2.60e-06   287s
 101   6.60813775e+04  6.60789676e+04  7.22e-07 6.69e-15  2.41e-06   292s
 102   6.60812447e+04  6.60790502e+04  6.58e-07 6.08e-15  2.20e-06   296s
 103   6.60811846e+04  6.60791145e+04  6.17e-07 5.66e-15  2.07e-06   300s
 104   6.60809440e+04  6.60791888e+04  4.87e-07 4.96e-15  1.76e-06   305s
 105   6.60807966e+04  6.60792551e+04  4.12e-07 4.48e-15  1.54e-06   309s
 106   6.60806388e+04  6.60793575e+04  3.27e-07 3.82e-15  1.28e-06   314s
 107   6.60805427e+04  6.60795493e+04  2.72e-07 2.78e-15  9.95e-07   319s
 108   6.60804527e+04  6.60796421e+04  2.36e-07 2.04e-15  8.12e-07   324s
 109   6.60804093e+04  6.60797012e+04  2.09e-07 1.80e-15  7.09e-07   329s
 110   6.60803792e+04  6.60797081e+04  1.89e-07 1.75e-15  6.72e-07   335s
 111   6.60803727e+04  6.60797329e+04  1.95e-07 5.88e-15  6.41e-07   339s
 112   6.60803402e+04  6.60797582e+04  1.72e-07 2.00e-15  5.83e-07   345s
 113   6.60802950e+04  6.60797725e+04  1.53e-07 1.99e-15  5.23e-07   351s
 114   6.60802318e+04  6.60798362e+04  3.63e-05 7.68e-15  3.96e-07   357s
 115   6.60802099e+04  6.60798669e+04  3.30e-05 1.53e-13  3.44e-07   364s
 116   6.60801968e+04  6.60798852e+04  3.76e-05 1.20e-13  3.12e-07   369s
 117   6.60801743e+04  6.60799001e+04  3.35e-05 1.01e-13  2.75e-07   374s
 118   6.60801636e+04  6.60799175e+04  3.49e-05 1.25e-13  2.46e-07   379s
 119   6.60801308e+04  6.60799224e+04  2.83e-05 1.03e-13  2.09e-07   385s
 120   6.60801223e+04  6.60799365e+04  2.66e-05 2.26e-13  1.86e-07   390s
 121   6.60801008e+04  6.60799465e+04  2.17e-05 1.77e-13  1.55e-07   396s
 122   6.60800940e+04  6.60799534e+04  2.04e-05 1.77e-13  1.41e-07   402s
 123   6.60800732e+04  6.60799598e+04  1.53e-04 3.21e-13  1.14e-07   405s
 124   6.60800648e+04  6.60799628e+04  1.38e-04 6.11e-13  1.02e-07   411s
 125   6.60800537e+04  6.60799652e+04  1.18e-04 5.68e-13  8.86e-08   419s
 126   6.60800381e+04  6.60799723e+04  8.77e-05 3.51e-13  6.59e-08   423s
 127   6.60800239e+04  6.60799822e+04  6.15e-05 5.50e-12  4.18e-08   431s
 128   6.60800201e+04  6.60799832e+04  5.48e-05 4.65e-12  3.70e-08   440s
 129   6.60800176e+04  6.60799834e+04  5.02e-05 4.02e-12  3.43e-08   445s
 130   6.60800125e+04  6.60799840e+04  7.58e-05 5.04e-12  2.86e-08   446s
 131   6.60800014e+04  6.60799871e+04  3.81e-05 2.56e-13  1.43e-08   449s
 132   6.60799968e+04  6.60799889e+04  2.31e-05 2.02e-12  7.99e-09   453s
 133   6.60799960e+04  6.60799893e+04  1.31e-05 8.53e-13  6.72e-09   454s
 134   6.60799934e+04  6.60799894e+04  1.15e-04 1.62e-12  4.07e-09   456s
 135   6.60799906e+04  6.60799896e+04  2.85e-05 1.30e-09  9.27e-10   459s
 136   6.60799899e+04  6.60799898e+04  3.58e-06 1.52e-09  1.04e-10   462s

Barrier solved model in 136 iterations and 462.03 seconds (239.76 work units)
Optimal objective 6.60799899e+04


Gurobi 13.0.2 (linux64) logging started Fri Jul 17 09:40:47 2026

Set parameter LogFile to value "outputs/batch_1007_res/2049_FR_alone/logfile_2049_FR_alone.txt"
Gurobi Optimizer version 13.0.2 build v13.0.2rc1 (linux64 - "CentOS Stream 9")

CPU model: Intel(R) Xeon(R) Gold 6130 CPU @ 2.10GHz, instruction set [SSE2|AVX|AVX2|AVX512]
Thread count: 16 physical cores, 32 logical processors, using up to 32 threads

Non-default parameters:
Method  2
Crossover  0
NumericFocus  3
Presolve  2

Optimize a model with 1007907 rows, 823495 columns and 3925705 nonzeros (Min)
Model fingerprint: 0xb4b9c0d1
Model has 210275 linear objective coefficients
Coefficient statistics:
  Matrix range     [1e-04, 1e+02]
  Objective range  [6e-04, 3e+03]
  Bounds range     [0e+00, 0e+00]
  RHS range        [7e-02, 1e+05]

Presolve removed 639820 rows and 438038 columns (presolve time = 5s)...
Presolve removed 736182 rows and 446801 columns
Presolve time: 9.59s
Presolved: 271725 rows, 385454 columns, 1466670 nonzeros
Ordering time: 0.37s

Barrier statistics:
 Dense cols : 14
 AA' NZ     : 1.094e+06
 Factor NZ  : 5.980e+06 (roughly 300 MB of memory)
 Factor Ops : 3.587e+08 (less than 1 second per iteration)
 Threads    : 16

                  Objective                Residual
Iter       Primal          Dual         Primal    Dual     Compl     Time
   0   3.13438394e+07 -1.07709129e+12  8.57e+07 3.71e-14  1.21e+07    11s
   1   3.14293756e+07 -3.99170240e+11  7.88e+07 2.28e+02  7.62e+06    12s
   2   3.22764731e+07 -1.02236671e+11  6.07e+07 2.47e+01  4.89e+06    12s
   3   3.85732240e+07 -3.62311622e+10  1.52e+07 3.85e+00  1.25e+06    14s
   4   3.87182919e+07 -1.21979713e+10  2.02e+06 3.44e-01  1.75e+05    15s
   5   3.58761820e+07 -5.36953792e+09  4.13e+05 9.18e-02  3.84e+04    16s
   6   2.73349636e+07 -2.58264511e+09  8.40e+04 3.38e-02  9.41e+03    17s
   7   1.59554068e+07 -1.04144714e+09  1.17e+04 7.97e-03  2.21e+03    18s
   8   1.06432188e+07 -8.50964807e+08  1.73e+03 5.89e-03  1.41e+03    18s
   9   9.66825087e+06 -5.90384712e+08  4.51e+02 3.20e-03  9.42e+02    20s
  10   7.07309214e+06 -3.25765362e+08  4.47e+01 1.01e-03  5.13e+02    21s
  11   2.56355872e+06 -4.62558102e+07  5.22e+00 3.98e-13  7.42e+01    23s
  12   9.38325748e+05 -1.03546477e+07  1.22e+00 9.59e-14  1.70e+01    25s
  13   5.14824670e+05 -2.69523028e+06  5.48e-01 2.84e-14  4.83e+00    26s
  14   3.04176569e+05 -1.26707251e+06  2.69e-01 1.33e-14  2.36e+00    28s
  15   2.14385732e+05 -5.80065954e+05  1.53e-01 6.80e-15  1.19e+00    29s
  16   1.58274933e+05 -2.94947732e+05  8.73e-02 3.82e-15  6.81e-01    30s
  17   1.32423797e+05 -1.56889815e+05  5.98e-02 2.19e-15  4.35e-01    31s
  18   1.17625478e+05 -6.90263184e+04  4.50e-02 1.38e-15  2.80e-01    32s
  19   1.06850862e+05 -3.14731406e+04  3.47e-02 9.78e-16  2.08e-01    33s
  20   9.41326876e+04  7.39116610e+03  2.25e-02 5.76e-16  1.30e-01    35s
  21   9.01688882e+04  2.37685592e+04  1.89e-02 4.49e-16  9.97e-02    36s
  22   8.19410054e+04  3.22858477e+04  1.14e-02 3.69e-16  7.46e-02    37s
  23   7.88362041e+04  3.95502033e+04  8.85e-03 2.84e-16  5.90e-02    37s
  24   7.64117569e+04  4.71566179e+04  6.94e-03 2.50e-16  4.39e-02    39s
  25   7.26768660e+04  5.23873678e+04  4.31e-03 1.63e-16  3.05e-02    40s
  26   7.12865080e+04  5.62105700e+04  3.45e-03 2.48e-16  2.26e-02    41s
  27   7.01698081e+04  5.83508495e+04  2.77e-03 2.48e-16  1.78e-02    43s
  28   6.94266357e+04  5.97610405e+04  2.33e-03 4.44e-16  1.45e-02    45s
  29   6.88757960e+04  6.05222533e+04  1.99e-03 4.44e-16  1.25e-02    46s
  30   6.85056280e+04  6.11405364e+04  1.76e-03 6.92e-16  1.11e-02    47s
  31   6.83424754e+04  6.18850325e+04  1.67e-03 1.14e-15  9.70e-03    49s
  32   6.82752627e+04  6.22125519e+04  1.61e-03 8.88e-16  9.11e-03    51s
  33   6.76628481e+04  6.25462776e+04  1.23e-03 1.33e-15  7.68e-03    52s
  34   6.72503486e+04  6.34170618e+04  1.01e-03 1.78e-15  5.76e-03    54s
  35   6.69657137e+04  6.37679555e+04  8.71e-04 9.03e-16  4.80e-03    56s
  36   6.67857305e+04  6.38870640e+04  7.80e-04 1.58e-15  4.35e-03    58s
  37   6.63721393e+04  6.41103638e+04  5.71e-04 1.40e-15  3.40e-03    60s
  38   6.62223256e+04  6.43879613e+04  4.96e-04 8.88e-16  2.75e-03    62s
  39   6.61362232e+04  6.45306822e+04  4.44e-04 6.22e-15  2.41e-03    64s
  40   6.61188051e+04  6.45728455e+04  4.34e-04 1.14e-15  2.32e-03    67s
  41   6.60338867e+04  6.47753467e+04  3.75e-04 3.36e-15  1.89e-03    68s
  42   6.59298894e+04  6.48889131e+04  3.06e-04 3.55e-15  1.56e-03    71s
  43   6.58425710e+04  6.50477003e+04  2.52e-04 3.36e-15  1.19e-03    72s
  44   6.57207592e+04  6.51429652e+04  1.79e-04 3.66e-15  8.68e-04    75s
  45   6.56594198e+04  6.51969945e+04  1.42e-04 2.61e-15  6.94e-04    77s
  46   6.56245737e+04  6.52476831e+04  1.21e-04 6.11e-15  5.66e-04    80s
  47   6.55903630e+04  6.52776052e+04  1.01e-04 2.61e-15  4.70e-04    82s
  48   6.55651009e+04  6.53130924e+04  8.36e-05 2.39e-15  3.78e-04    84s
  49   6.55339630e+04  6.53263904e+04  6.25e-05 4.05e-15  3.12e-04    87s
  50   6.55158088e+04  6.53667714e+04  5.02e-05 3.72e-15  2.24e-04    90s
  51   6.54958594e+04  6.53873190e+04  3.73e-05 5.13e-15  1.63e-04    93s
  52   6.54766567e+04  6.54088821e+04  2.51e-05 3.55e-15  1.02e-04    96s
  53   6.54606837e+04  6.54187281e+04  1.51e-05 5.13e-15  6.30e-05    99s
  54   6.54531718e+04  6.54229638e+04  1.06e-05 3.22e-15  4.54e-05   101s
  55   6.54478601e+04  6.54269948e+04  7.51e-06 3.55e-15  3.13e-05   103s
  56   6.54430184e+04  6.54281985e+04  4.70e-06 5.13e-15  2.23e-05   105s
  57   6.54406334e+04  6.54296887e+04  3.33e-06 5.13e-15  1.64e-05   106s
  58   6.54386923e+04  6.54314012e+04  2.24e-06 5.13e-15  1.09e-05   108s
  59   6.54369678e+04  6.54325144e+04  1.29e-06 2.01e-15  6.69e-06   109s
  60   6.54359108e+04  6.54333472e+04  7.15e-07 1.80e-13  3.85e-06   110s
  61   6.54353251e+04  6.54339218e+04  4.08e-07 8.67e-14  2.11e-06   112s
  62   6.54348430e+04  6.54341625e+04  1.59e-07 5.91e-14  1.02e-06   113s
  63   6.54347218e+04  6.54343015e+04  9.88e-08 3.42e-14  6.31e-07   115s
  64   6.54345995e+04  6.54344286e+04  5.93e-08 1.14e-13  2.57e-07   116s
  65   6.54345562e+04  6.54344715e+04  1.84e-08 1.14e-13  1.27e-07   118s
  66   6.54345477e+04  6.54345000e+04  1.48e-08 1.48e-12  7.16e-08   121s
  67   6.54345246e+04  6.54345101e+04  2.53e-07 1.11e-11  2.17e-08   123s
  68   6.54345160e+04  6.54345122e+04  5.05e-08 7.72e-12  5.81e-09   125s
  69   6.54345130e+04  6.54345126e+04  6.65e-08 1.14e-12  6.08e-10   127s
  70   6.54345129e+04  6.54345126e+04  2.47e-07 6.38e-11  4.17e-10   128s
  71   6.54345128e+04  6.54345126e+04  1.16e-07 2.27e-10  1.86e-10   129s
  72   6.54345127e+04  6.54345126e+04  4.23e-08 3.84e-11  5.51e-11   130s

Barrier solved model in 72 iterations and 129.51 seconds (49.29 work units)
Optimal objective 6.54345127e+04

