
Gurobi 13.0.2 (linux64) logging started Thu Jul 16 13:43:13 2026

Set parameter LogFile to value "outputs/batch_1007_res/2044_FR_alone/logfile_2044_FR_alone.txt"
Gurobi Optimizer version 13.0.2 build v13.0.2rc1 (linux64 - "CentOS Stream 9")

CPU model: Intel(R) Xeon(R) Gold 6130 CPU @ 2.10GHz, instruction set [SSE2|AVX|AVX2|AVX512]
Thread count: 16 physical cores, 32 logical processors, using up to 32 threads

Non-default parameters:
Method  2
Crossover  0
NumericFocus  3
Presolve  2

Optimize a model with 1007906 rows, 823495 columns and 3978206 nonzeros (Min)
Model fingerprint: 0x87d6ca76
Model has 210275 linear objective coefficients
Coefficient statistics:
  Matrix range     [1e-04, 1e+02]
  Objective range  [6e-04, 3e+03]
  Bounds range     [0e+00, 0e+00]
  RHS range        [7e-02, 1e+05]

Presolve removed 482139 rows and 236558 columns (presolve time = 5s)...
Presolve removed 482139 rows and 236558 columns (presolve time = 10s)...
Presolve removed 596021 rows and 245321 columns (presolve time = 15s)...
Presolve removed 596021 rows and 245321 columns (presolve time = 20s)...
Presolve removed 604781 rows and 245321 columns
Presolve time: 22.14s
Presolved: 403125 rows, 586934 columns, 2290110 nonzeros
Ordering time: 0.39s

Barrier statistics:
 Dense cols : 14
 AA' NZ     : 1.956e+06
 Factor NZ  : 8.507e+06 (roughly 500 MB of memory)
 Factor Ops : 3.939e+08 (less than 1 second per iteration)
 Threads    : 16

                  Objective                Residual
Iter       Primal          Dual         Primal    Dual     Compl     Time
   0   1.36875381e+09 -2.22365098e+12  2.35e+08 3.28e-14  3.12e+07    24s
   1   1.36932091e+09 -9.83863343e+11  2.16e+08 2.79e+02  2.19e+07    24s
   2   1.44055813e+09 -8.70015234e+11  1.66e+08 3.10e+02  1.74e+07    25s
   3   3.74922796e+09 -4.54616079e+11  5.03e+07 8.94e+01  6.33e+06    26s
   4   3.92195081e+09 -9.35289593e+10  8.95e+06 1.15e+01  1.04e+06    27s
   5   3.57859923e+09 -2.22211325e+10  1.35e+06 1.03e+00  1.53e+05    28s
   6   1.94562640e+09 -6.98865375e+09  2.02e+05 1.22e-01  2.57e+04    28s
   7   5.15277113e+08 -2.44339995e+09  2.60e+04 3.30e-02  5.17e+03    29s
   8   1.43700349e+08 -2.28686348e+09  3.04e+03 3.06e-02  3.19e+03    30s
   9   5.86690832e+07 -2.88798762e+08  3.01e+02 2.70e-03  4.08e+02    31s
  10   1.56480245e+07 -3.44511381e+07  3.87e+01 9.68e-05  5.39e+01    32s
  11   2.97574131e+06 -8.46803336e+06  5.82e+00 1.82e-12  1.17e+01    33s
  12   1.00690038e+06 -5.97527404e+06  1.60e+00 1.77e-12  7.06e+00    34s
  13   6.15511059e+05 -5.13309447e+06  8.78e-01 1.71e-12  5.80e+00    34s
  14   5.21947300e+05 -2.52361689e+06  6.26e-01 1.06e-12  3.07e+00    35s
  15   3.65138921e+05 -1.14838136e+06  3.92e-01 4.84e-14  1.52e+00    36s
  16   2.69408494e+05 -6.75568952e+05  2.61e-01 3.47e-13  9.49e-01    37s
  17   2.05887528e+05 -2.63847990e+05  1.74e-01 5.55e-14  4.71e-01    38s
  18   1.63236563e+05 -1.58962360e+05  1.18e-01 9.30e-15  3.23e-01    39s
  19   1.27623250e+05 -1.03388086e+05  7.19e-02 5.07e-15  2.32e-01    40s
  20   1.05761887e+05 -5.19014889e+04  4.36e-02 2.53e-14  1.58e-01    41s
  21   9.80727111e+04 -1.77508612e+04  3.38e-02 2.74e-15  1.16e-01    42s
  22   9.27473953e+04 -3.63472891e+03  2.73e-02 8.41e-15  9.66e-02    42s
  23   8.78611439e+04  3.95796340e+03  2.13e-02 1.46e-14  8.41e-02    43s
  24   8.28946422e+04  1.77738774e+04  1.51e-02 1.46e-14  6.53e-02    44s
  25   7.94044885e+04  2.86829416e+04  1.10e-02 8.41e-15  5.08e-02    46s
  26   7.74665617e+04  3.77805359e+04  8.87e-03 9.61e-16  3.98e-02    47s
  27   7.57561301e+04  4.22580845e+04  7.08e-03 8.23e-16  3.36e-02    48s
  28   7.36941754e+04  4.78921928e+04  4.99e-03 6.56e-16  2.59e-02    50s
  29   7.22777300e+04  5.24566481e+04  3.60e-03 5.17e-16  1.99e-02    51s
  30   7.10310988e+04  5.53956210e+04  2.53e-03 4.62e-16  1.57e-02    53s
  31   7.03554238e+04  5.85716184e+04  2.14e-03 2.64e-15  1.18e-02    54s
  32   6.99521471e+04  5.96847790e+04  1.85e-03 1.08e-15  1.03e-02    56s
  33   6.93467328e+04  6.10122076e+04  1.47e-03 1.86e-15  8.35e-03    57s
  34   6.91390621e+04  6.18063214e+04  1.34e-03 3.53e-16  7.35e-03    58s
  35   6.89154599e+04  6.22552734e+04  1.21e-03 6.38e-16  6.67e-03    60s
  36   6.88241276e+04  6.26829553e+04  1.14e-03 5.33e-15  6.15e-03    61s
  37   6.84210820e+04  6.32190368e+04  9.12e-04 3.55e-15  5.21e-03    63s
  38   6.79887768e+04  6.40348369e+04  6.52e-04 8.60e-16  3.96e-03    64s
  39   6.77850003e+04  6.45749232e+04  5.38e-04 8.44e-15  3.22e-03    65s
  40   6.75711037e+04  6.49161739e+04  4.20e-04 3.09e-16  2.66e-03    67s
  41   6.74080663e+04  6.53834496e+04  3.34e-04 5.71e-16  2.03e-03    69s
  42   6.73149856e+04  6.55281336e+04  2.87e-04 4.44e-16  1.79e-03    71s
  43   6.72832069e+04  6.56999671e+04  2.72e-04 4.00e-15  1.59e-03    74s
  44   6.72684383e+04  6.57288700e+04  2.63e-04 1.11e-14  1.54e-03    76s
  45   6.72023524e+04  6.57808495e+04  2.31e-04 5.98e-16  1.42e-03    78s
  46   6.71692672e+04  6.59740566e+04  2.15e-04 4.44e-16  1.20e-03    80s
  47   6.71138458e+04  6.60227378e+04  1.85e-04 3.11e-15  1.09e-03    83s
  48   6.70427047e+04  6.61161832e+04  1.54e-04 5.33e-15  9.28e-04    85s
  49   6.69884572e+04  6.61925828e+04  1.30e-04 6.66e-15  7.97e-04    88s
  50   6.69461672e+04  6.62733832e+04  1.11e-04 4.24e-16  6.74e-04    90s
  51   6.68959159e+04  6.63898506e+04  8.89e-05 4.17e-16  5.07e-04    92s
  52   6.68676717e+04  6.64458599e+04  7.67e-05 5.33e-16  4.23e-04    95s
  53   6.68446522e+04  6.64867128e+04  6.71e-05 4.00e-15  3.59e-04    97s
  54   6.68338974e+04  6.65169403e+04  6.25e-05 4.44e-15  3.18e-04   100s
  55   6.68208328e+04  6.65272745e+04  5.66e-05 4.74e-16  2.94e-04   102s
  56   6.68059803e+04  6.65383768e+04  5.01e-05 6.64e-16  2.68e-04   104s
  57   6.67941479e+04  6.65451206e+04  4.48e-05 6.96e-16  2.50e-04   107s
  58   6.67770264e+04  6.65564057e+04  3.80e-05 4.88e-15  2.21e-04   109s
  59   6.67725340e+04  6.65714062e+04  3.62e-05 4.09e-16  2.02e-04   112s
  60   6.67650875e+04  6.65954865e+04  3.31e-05 5.33e-15  1.70e-04   115s
  61   6.67481545e+04  6.65979576e+04  2.60e-05 6.66e-15  1.50e-04   117s
  62   6.67435612e+04  6.66018291e+04  2.41e-05 4.15e-16  1.42e-04   120s
  63   6.67339060e+04  6.66109886e+04  1.99e-05 4.33e-16  1.23e-04   122s
  64   6.67270874e+04  6.66132161e+04  1.74e-05 4.44e-15  1.14e-04   125s
  65   6.67182552e+04  6.66207828e+04  1.39e-05 4.40e-16  9.77e-05   128s
  66   6.67136059e+04  6.66367960e+04  1.21e-05 3.60e-16  7.70e-05   131s
  67   6.67090825e+04  6.66422805e+04  1.04e-05 3.56e-16  6.69e-05   134s
  68   6.67064234e+04  6.66456442e+04  9.36e-06 4.91e-16  6.09e-05   137s
  69   6.67047854e+04  6.66487482e+04  8.70e-06 3.86e-16  5.61e-05   140s
  70   6.67021941e+04  6.66534490e+04  7.69e-06 4.17e-16  4.88e-05   143s
  71   6.67004424e+04  6.66545236e+04  7.00e-06 2.90e-16  4.60e-05   147s
  72   6.66995557e+04  6.66549312e+04  6.67e-06 3.11e-15  4.47e-05   150s
  73   6.66962440e+04  6.66565169e+04  5.42e-06 4.00e-15  3.98e-05   153s
  74   6.66949631e+04  6.66602548e+04  4.94e-06 8.88e-16  3.48e-05   156s
  75   6.66934850e+04  6.66607392e+04  4.40e-06 5.35e-16  3.28e-05   159s
  76   6.66921679e+04  6.66628703e+04  3.90e-06 5.33e-15  2.94e-05   162s
  77   6.66919517e+04  6.66649754e+04  3.83e-06 8.88e-16  2.70e-05   165s
  78   6.66909734e+04  6.66662916e+04  3.47e-06 3.55e-15  2.47e-05   168s
  79   6.66896568e+04  6.66675424e+04  3.02e-06 1.69e-15  2.22e-05   171s
  80   6.66882719e+04  6.66686854e+04  2.52e-06 2.27e-15  1.96e-05   174s
  81   6.66878019e+04  6.66704048e+04  2.35e-06 3.39e-15  1.74e-05   176s
  82   6.66873533e+04  6.66717989e+04  2.19e-06 5.19e-15  1.56e-05   179s
  83   6.66860898e+04  6.66728470e+04  1.73e-06 6.58e-15  1.33e-05   181s
  84   6.66855554e+04  6.66749492e+04  1.52e-06 1.67e-14  1.06e-05   184s
  85   6.66840764e+04  6.66752478e+04  9.94e-07 1.54e-14  8.85e-06   187s
  86   6.66836242e+04  6.66756822e+04  8.40e-07 1.69e-14  7.96e-06   190s
  87   6.66832922e+04  6.66763536e+04  7.14e-07 1.30e-14  6.95e-06   192s
  88   6.66830815e+04  6.66770850e+04  6.36e-07 1.12e-14  6.01e-06   195s
  89   6.66828316e+04  6.66773152e+04  5.51e-07 1.08e-14  5.53e-06   198s
  90   6.66826558e+04  6.66775105e+04  4.97e-07 1.03e-14  5.16e-06   201s
  91   6.66825760e+04  6.66778186e+04  4.64e-07 1.24e-14  4.77e-06   203s
  92   6.66825443e+04  6.66779901e+04  4.62e-07 9.06e-15  4.56e-06   206s
  93   6.66824707e+04  6.66781876e+04  4.28e-07 8.51e-15  4.29e-06   209s
  94   6.66823918e+04  6.66784184e+04  4.05e-07 7.90e-15  3.98e-06   212s
  95   6.66822911e+04  6.66786329e+04  3.60e-07 7.34e-15  3.67e-06   215s
  96   6.66822076e+04  6.66787363e+04  3.45e-07 7.04e-15  3.48e-06   218s
  97   6.66821247e+04  6.66788915e+04  3.16e-07 6.60e-15  3.24e-06   221s
  98   6.66820571e+04  6.66789774e+04  2.95e-07 6.35e-15  3.09e-06   224s
  99   6.66820159e+04  6.66791978e+04  2.81e-07 1.38e-14  2.82e-06   227s
 100   6.66820019e+04  6.66793743e+04  2.65e-07 6.11e-15  2.63e-06   230s
 101   6.66819133e+04  6.66795394e+04  2.45e-07 5.53e-15  2.38e-06   233s
 102   6.66818514e+04  6.66798731e+04  2.22e-07 4.42e-15  1.98e-06   236s
 103   6.66816686e+04  6.66801874e+04  1.54e-07 1.29e-14  1.48e-06   240s
 104   6.66815749e+04  6.66803740e+04  1.23e-07 4.00e-15  1.20e-06   243s
 105   6.66814998e+04  6.66804975e+04  9.03e-08 3.75e-15  1.00e-06   247s
 106   6.66814676e+04  6.66805726e+04  8.28e-08 1.69e-14  8.97e-07   250s
 107   6.66814383e+04  6.66806943e+04  7.29e-08 2.71e-15  7.46e-07   254s
 108   6.66813495e+04  6.66808371e+04  4.98e-08 1.94e-15  5.14e-07   258s
 109   6.66813369e+04  6.66809215e+04  4.47e-08 8.88e-15  4.16e-07   263s
 110   6.66813055e+04  6.66809800e+04  2.81e-08 1.16e-15  3.26e-07   267s
 111   6.66812783e+04  6.66810288e+04  1.21e-06 6.82e-11  2.50e-07   270s
 112   6.66812617e+04  6.66810892e+04  1.48e-06 3.27e-13  1.73e-07   272s
 113   6.66812432e+04  6.66811280e+04  1.05e-06 2.16e-13  1.15e-07   274s
 114   6.66812268e+04  6.66811521e+04  5.78e-07 1.45e-13  7.48e-08   276s
 115   6.66812221e+04  6.66811600e+04  4.51e-07 1.27e-13  6.22e-08   279s
 116   6.66812191e+04  6.66811764e+04  4.02e-07 5.83e-13  4.28e-08   281s
 117   6.66812154e+04  6.66811843e+04  3.07e-07 7.13e-12  3.12e-08   283s
 118   6.66812107e+04  6.66811965e+04  2.65e-07 3.18e-12  1.42e-08   285s
 119   6.66812056e+04  6.66812022e+04  3.08e-07 3.98e-13  3.43e-09   288s
 120   6.66812040e+04  6.66812036e+04  1.39e-06 3.02e-11  3.65e-10   289s
 121   6.66812038e+04  6.66812038e+04  1.32e-06 1.54e-11  3.71e-11   291s

Barrier solved model in 121 iterations and 290.55 seconds (211.45 work units)
Optimal objective 6.66812038e+04


Gurobi 13.0.2 (linux64) logging started Fri Jul 17 04:57:30 2026

Set parameter LogFile to value "outputs/batch_1007_res/2044_FR_alone/logfile_2044_FR_alone.txt"
Gurobi Optimizer version 13.0.2 build v13.0.2rc1 (linux64 - "CentOS Stream 9")

CPU model: Intel(R) Xeon(R) Gold 6130 CPU @ 2.10GHz, instruction set [SSE2|AVX|AVX2|AVX512]
Thread count: 16 physical cores, 32 logical processors, using up to 32 threads

Non-default parameters:
Method  2
Crossover  0
NumericFocus  3
Presolve  2

Optimize a model with 1007907 rows, 823495 columns and 3925647 nonzeros (Min)
Model fingerprint: 0xfaa7a94c
Model has 210275 linear objective coefficients
Coefficient statistics:
  Matrix range     [1e-04, 1e+02]
  Objective range  [6e-04, 3e+03]
  Bounds range     [0e+00, 0e+00]
  RHS range        [7e-02, 1e+05]

Presolve removed 639820 rows and 438038 columns (presolve time = 5s)...
Presolve removed 727422 rows and 446801 columns (presolve time = 10s)...
Presolve removed 736182 rows and 446801 columns
Presolve time: 10.17s
Presolved: 271725 rows, 385454 columns, 1466670 nonzeros
Ordering time: 0.37s

Barrier statistics:
 Dense cols : 14
 AA' NZ     : 1.094e+06
 Factor NZ  : 5.980e+06 (roughly 300 MB of memory)
 Factor Ops : 3.587e+08 (less than 1 second per iteration)
 Threads    : 16

                  Objective                Residual
Iter       Primal          Dual         Primal    Dual     Compl     Time
   0   3.13309907e+07 -1.07709129e+12  8.57e+07 3.71e-14  1.21e+07    12s
   1   3.14164912e+07 -3.98989227e+11  7.87e+07 2.28e+02  7.62e+06    13s
   2   3.22636199e+07 -1.02144716e+11  6.07e+07 2.46e+01  4.89e+06    14s
   3   3.85577442e+07 -3.61848220e+10  1.52e+07 3.85e+00  1.25e+06    15s
   4   3.87147251e+07 -1.22291644e+10  2.06e+06 3.59e-01  1.78e+05    16s
   5   3.59492929e+07 -5.05240311e+09  4.34e+05 7.57e-02  3.92e+04    17s
   6   2.70663469e+07 -2.36577288e+09  9.68e+04 2.01e-02  9.81e+03    18s
   7   1.57974236e+07 -1.25411901e+09  2.00e+04 7.40e-03  3.02e+03    19s
   8   1.21532061e+07 -1.14670147e+09  3.27e+03 6.52e-03  1.97e+03    19s
   9   9.60557937e+06 -8.59868205e+08  9.31e+02 4.50e-03  1.39e+03    21s
  10   8.74074129e+06 -7.52346712e+08  4.65e+02 3.61e-03  1.20e+03    22s
  11   6.84534438e+06 -4.88890691e+08  8.80e+01 2.03e-03  7.67e+02    23s
  12   3.55209839e+06 -8.38237496e+07  1.47e+01 5.78e-10  1.33e+02    25s
  13   1.30829092e+06 -1.75609826e+07  3.88e+00 3.27e-11  2.85e+01    26s
  14   6.70695740e+05 -5.93414681e+06  1.70e+00 4.77e-12  9.95e+00    27s
  15   4.62740272e+05 -2.24424352e+06  1.05e+00 1.82e-12  4.07e+00    28s
  16   2.98491121e+05 -1.18972983e+06  5.81e-01 3.07e-12  2.24e+00    29s
  17   2.02912310e+05 -4.47376582e+05  3.18e-01 8.53e-13  9.77e-01    30s
  18   1.64441357e+05 -2.17748088e+05  2.24e-01 7.39e-13  5.74e-01    31s
  19   1.31111977e+05 -1.38627565e+05  1.44e-01 6.68e-13  4.05e-01    33s
  20   1.16945039e+05 -6.94206719e+04  1.09e-01 4.55e-13  2.80e-01    34s
  21   1.04470323e+05 -1.21202438e+04  7.98e-02 3.20e-14  1.75e-01    36s
  22   9.69474485e+04  1.02652534e+04  6.28e-02 2.19e-15  1.30e-01    36s
  23   8.52664144e+04  2.94201388e+04  3.60e-02 1.56e-13  8.39e-02    38s
  24   8.22962188e+04  3.64524643e+04  2.94e-02 4.41e-15  6.89e-02    38s
  25   7.81940331e+04  4.05476228e+04  2.04e-02 1.42e-14  5.65e-02    40s
  26   7.50870937e+04  4.86260307e+04  1.37e-02 5.86e-14  3.97e-02    41s
  27   7.27521719e+04  5.24423575e+04  9.16e-03 3.73e-14  3.05e-02    44s
  28   7.12608832e+04  5.59700332e+04  6.94e-03 1.07e-14  2.30e-02    46s
  29   6.99520399e+04  5.81728167e+04  5.02e-03 3.55e-14  1.77e-02    48s
  30   6.92714126e+04  6.00046561e+04  4.11e-03 2.22e-14  1.39e-02    50s
  31   6.91206089e+04  6.03834161e+04  3.90e-03 1.78e-15  1.31e-02    52s
  32   6.84858459e+04  6.12458768e+04  3.07e-03 1.20e-14  1.09e-02    53s
  33   6.83159100e+04  6.22934010e+04  2.86e-03 2.31e-14  9.05e-03    55s
  34   6.81594310e+04  6.30708297e+04  2.68e-03 5.33e-15  7.64e-03    57s
  35   6.79808918e+04  6.33510040e+04  2.42e-03 1.29e-14  6.95e-03    59s
  36   6.78138419e+04  6.36494921e+04  2.12e-03 4.88e-15  6.25e-03    60s
  37   6.73813352e+04  6.39584857e+04  1.62e-03 1.20e-14  5.14e-03    62s
  38   6.71773366e+04  6.43096572e+04  1.41e-03 5.33e-15  4.31e-03    64s
  39   6.70516595e+04  6.45544892e+04  1.27e-03 9.33e-15  3.75e-03    66s
  40   6.69454451e+04  6.47209726e+04  1.17e-03 7.99e-15  3.34e-03    68s
  41   6.68718194e+04  6.48855815e+04  1.09e-03 1.33e-15  2.98e-03    70s
  42   6.67622762e+04  6.49914953e+04  9.82e-04 1.07e-14  2.66e-03    71s
  43   6.65595001e+04  6.50613364e+04  7.81e-04 8.44e-15  2.25e-03    73s
  44   6.64069799e+04  6.51696472e+04  6.27e-04 5.33e-15  1.86e-03    75s
  45   6.63165321e+04  6.52627013e+04  5.36e-04 1.14e-15  1.58e-03    78s
  46   6.62305767e+04  6.53019355e+04  4.51e-04 8.88e-16  1.39e-03    81s
  47   6.62147452e+04  6.53412229e+04  4.36e-04 1.47e-14  1.31e-03    84s
  48   6.62026561e+04  6.53671830e+04  4.24e-04 9.77e-15  1.25e-03    87s
  49   6.61624114e+04  6.54095328e+04  3.83e-04 8.88e-16  1.13e-03    90s
  50   6.61016345e+04  6.54432775e+04  3.21e-04 2.66e-15  9.89e-04    94s
  51   6.60854404e+04  6.54661439e+04  3.04e-04 9.87e-16  9.30e-04    97s
  52   6.60829525e+04  6.54761508e+04  3.02e-04 1.14e-15  9.11e-04    98s
  53   6.60674248e+04  6.55429008e+04  2.80e-04 9.77e-15  7.88e-04   101s
  54   6.60188379e+04  6.56323462e+04  2.13e-04 4.88e-15  5.80e-04   104s
  55   6.59804714e+04  6.56950693e+04  1.64e-04 1.75e-15  4.29e-04   106s
  56   6.59439265e+04  6.57422621e+04  1.19e-04 3.36e-15  3.03e-04   109s
  57   6.59209580e+04  6.57685093e+04  9.13e-05 6.66e-15  2.29e-04   113s
  58   6.58981527e+04  6.57827208e+04  6.45e-05 2.44e-15  1.73e-04   116s
  59   6.58844423e+04  6.58006007e+04  4.89e-05 5.13e-15  1.26e-04   120s
  60   6.58749425e+04  6.58075291e+04  3.85e-05 6.66e-15  1.01e-04   122s
  61   6.58733736e+04  6.58126043e+04  3.68e-05 8.88e-15  9.13e-05   124s
  62   6.58661882e+04  6.58207812e+04  2.89e-05 3.18e-15  6.82e-05   127s
  63   6.58572787e+04  6.58259535e+04  1.94e-05 1.78e-15  4.70e-05   130s
  64   6.58527520e+04  6.58286623e+04  1.44e-05 6.22e-15  3.62e-05   134s
  65   6.58501694e+04  6.58305621e+04  1.14e-05 3.55e-15  2.94e-05   139s
  66   6.58461860e+04  6.58327744e+04  7.07e-06 4.88e-15  2.01e-05   141s
  67   6.58449959e+04  6.58357780e+04  5.69e-06 1.58e-15  1.38e-05   145s
  68   6.58436934e+04  6.58364884e+04  4.20e-06 7.55e-15  1.08e-05   149s
  69   6.58425870e+04  6.58372683e+04  2.98e-06 5.13e-15  7.99e-06   153s
  70   6.58420828e+04  6.58380019e+04  2.41e-06 1.58e-15  6.13e-06   157s
  71   6.58416117e+04  6.58386058e+04  1.88e-06 9.77e-15  4.51e-06   160s
  72   6.58411805e+04  6.58390040e+04  1.39e-06 1.59e-15  3.27e-06   163s
  73   6.58404123e+04  6.58393534e+04  5.43e-07 3.55e-15  1.59e-06   167s
  74   6.58402110e+04  6.58396693e+04  3.26e-07 1.62e-15  8.13e-07   169s
  75   6.58400629e+04  6.58397999e+04  1.63e-07 7.24e-16  3.95e-07   172s
  76   6.58399363e+04  6.58398778e+04  3.73e-08 1.59e-12  8.78e-08   173s
  77   6.58399053e+04  6.58398897e+04  2.97e-07 7.82e-14  2.34e-08   177s
  78   6.58398989e+04  6.58398964e+04  5.65e-08 6.96e-13  3.71e-09   181s
  79   6.58398975e+04  6.58398971e+04  1.27e-08 1.14e-12  5.93e-10   183s
  80   6.58398974e+04  6.58398973e+04  5.94e-08 7.39e-13  6.45e-11   187s

Barrier solved model in 80 iterations and 187.14 seconds (60.45 work units)
Optimal objective 6.58398974e+04

