
Gurobi 13.0.2 (linux64) logging started Tue Jul 21 21:15:06 2026

Set parameter LogFile to value "outputs/batch_2007_res_step1/2053_FR_alone/logfile_2053_FR_alone.txt"
Gurobi Optimizer version 13.0.2 build v13.0.2rc1 (linux64 - "CentOS Stream 9")

CPU model: Intel(R) Xeon(R) Gold 6130 CPU @ 2.10GHz, instruction set [SSE2|AVX|AVX2|AVX512]
Thread count: 16 physical cores, 32 logical processors, using up to 32 threads

Non-default parameters:
Method  2
Crossover  0
NumericFocus  3
Presolve  2

Optimize a model with 1007911 rows, 823495 columns and 3978224 nonzeros (Min)
Model fingerprint: 0x24fd6949
Model has 210275 linear objective coefficients
Coefficient statistics:
  Matrix range     [1e-04, 1e+02]
  Objective range  [6e-04, 3e+03]
  Bounds range     [0e+00, 0e+00]
  RHS range        [7e-02, 1e+05]

Presolve removed 377400 rows and 260000 columns (presolve time = 9s)...
Presolve removed 380225 rows and 262825 columns (presolve time = 10s)...
Presolve removed 380225 rows and 262825 columns (presolve time = 15s)...
Presolve removed 380225 rows and 262825 columns (presolve time = 20s)...
Presolve removed 578504 rows and 271589 columns (presolve time = 25s)...
Presolve removed 578504 rows and 271589 columns (presolve time = 30s)...
Presolve removed 587264 rows and 271589 columns
Presolve time: 33.57s
Presolved: 420647 rows, 560666 columns, 2435832 nonzeros
Ordering time: 0.50s

Barrier statistics:
 Dense cols : 26
 AA' NZ     : 2.145e+06
 Factor NZ  : 8.963e+06 (roughly 500 MB of memory)
 Factor Ops : 4.425e+08 (less than 1 second per iteration)
 Threads    : 16

                  Objective                Residual
Iter       Primal          Dual         Primal    Dual     Compl     Time
   0   9.76235604e+07 -7.85184592e+11  1.65e+08 1.08e-13  3.70e+07    36s
   1   1.02642763e+08 -6.59098117e+11  1.57e+08 6.14e+02  3.15e+07    37s
   2   1.15303437e+08 -4.24152558e+11  1.35e+08 1.26e+02  2.12e+07    42s
   3   1.51162214e+08 -2.57715448e+11  8.55e+07 4.45e+01  1.46e+07    49s
   4   1.60638141e+08 -2.08998493e+11  7.42e+07 3.28e+01  1.26e+07    51s
   5   2.37596592e+08 -1.30766860e+11  1.81e+07 1.41e+01  3.28e+06    52s
   6   2.71009374e+08 -4.31495803e+10  2.51e+06 2.52e+00  4.85e+05    55s
   7   2.59386399e+08 -1.67010817e+10  5.15e+05 4.05e-01  1.02e+05    57s
   8   2.07830204e+08 -8.41927906e+09  1.63e+05 9.88e-02  3.32e+04    58s
   9   1.60065382e+08 -5.12519046e+09  7.16e+04 4.12e-02  1.51e+04    60s
  10   1.26649393e+08 -4.80852438e+09  3.65e+04 3.72e-02  1.02e+04    63s
  11   1.01581898e+08 -2.39993328e+09  1.75e+04 1.12e-02  4.53e+03    66s
  12   6.85706616e+07 -1.56588996e+09  7.26e+03 5.12e-03  2.39e+03    70s
  13   4.71342560e+07 -6.48760792e+08  3.38e+03 3.55e-04  9.32e+02    73s
  14   1.33070811e+07 -4.53931170e+08  5.38e+02 1.52e-08  5.15e+02    77s
  15   4.98666549e+06 -1.44807345e+08  5.33e+01 3.20e-10  1.57e+02    79s
  16   7.98235436e+05 -1.45832850e+07  7.32e+00 2.26e-10  1.60e+01    82s
  17   3.26682749e+05 -1.49170214e+06  2.54e+00 4.93e-11  1.89e+00    86s
  18   2.54595829e+05 -4.62712168e+05  1.81e+00 2.03e-11  7.45e-01    89s
  19   2.04869176e+05 -2.23588461e+05  1.30e+00 1.02e-11  4.45e-01    94s
  20   1.69729172e+05 -1.51340109e+05  9.48e-01 7.79e-12  3.33e-01    97s
  21   1.52537913e+05 -1.12685602e+05  7.75e-01 6.32e-12  2.75e-01   102s
  22   1.39316548e+05 -9.54657147e+04  6.44e-01 6.01e-12  2.44e-01   105s
  23   1.29042820e+05 -7.77446650e+04  5.48e-01 5.07e-12  2.15e-01   108s
  24   1.15614650e+05 -5.58425342e+04  4.21e-01 4.14e-12  1.78e-01   117s
  25   1.03275153e+05 -9.72665832e+03  3.06e-01 2.86e-12  1.17e-01   121s
  26   9.23553423e+04  1.16339448e+04  2.01e-01 2.15e-12  8.38e-02   127s
  27   8.61130428e+04  2.56733751e+04  1.45e-01 2.27e-12  6.27e-02   134s
  28   8.26950940e+04  3.58375590e+04  1.15e-01 1.13e-12  4.86e-02   138s
  29   8.02798676e+04  4.03081709e+04  9.50e-02 9.66e-13  4.15e-02   140s
  30   7.57070710e+04  4.86940793e+04  6.42e-02 6.75e-13  2.80e-02   142s
  31   7.22667590e+04  5.65907024e+04  4.07e-02 1.14e-12  1.63e-02   149s
  32   7.05059461e+04  5.86930354e+04  2.95e-02 2.50e-12  1.23e-02   154s
  33   6.96809277e+04  6.02438959e+04  2.46e-02 2.74e-13  9.79e-03   159s
  34   6.91004286e+04  6.09981208e+04  2.10e-02 2.27e-12  8.41e-03   162s
  35   6.85887303e+04  6.15820141e+04  1.80e-02 1.49e-13  7.27e-03   166s
  36   6.81689724e+04  6.20726075e+04  1.54e-02 6.82e-13  6.33e-03   172s
  37   6.76219381e+04  6.23819222e+04  1.21e-02 1.81e-13  5.44e-03   180s
  38   6.73186140e+04  6.28534839e+04  1.02e-02 1.36e-12  4.63e-03   184s
  39   6.70231019e+04  6.31242485e+04  8.51e-03 9.33e-14  4.05e-03   187s
  40   6.69317408e+04  6.32741595e+04  7.97e-03 1.21e-13  3.80e-03   192s
  41   6.68638045e+04  6.33721301e+04  7.55e-03 1.60e-13  3.62e-03   197s
  42   6.68069422e+04  6.34432596e+04  7.21e-03 2.50e-12  3.49e-03   203s
  43   6.67311858e+04  6.35300430e+04  6.74e-03 1.59e-12  3.32e-03   209s
  44   6.65927805e+04  6.36456385e+04  5.88e-03 7.11e-14  3.06e-03   216s
  45   6.64944150e+04  6.38670550e+04  5.25e-03 6.82e-13  2.73e-03   220s
  46   6.64020704e+04  6.39796319e+04  4.63e-03 3.41e-12  2.51e-03   228s
  47   6.63400605e+04  6.41238232e+04  4.20e-03 2.13e-13  2.30e-03   235s
  48   6.62228124e+04  6.42635448e+04  3.39e-03 2.50e-12  2.03e-03   243s
  49   6.61636312e+04  6.44694317e+04  3.00e-03 2.84e-14  1.76e-03   251s
  50   6.60938392e+04  6.46628350e+04  2.54e-03 4.97e-14  1.49e-03   260s
  51   6.60462552e+04  6.47044877e+04  2.25e-03 4.97e-14  1.39e-03   269s
  52   6.60007901e+04  6.48177828e+04  1.97e-03 8.53e-14  1.23e-03   274s
  53   6.59595408e+04  6.49310239e+04  1.72e-03 2.27e-13  1.07e-03   279s
  54   6.59111182e+04  6.50460852e+04  1.44e-03 1.36e-12  8.98e-04   289s
  55   6.58766332e+04  6.50969935e+04  1.24e-03 1.82e-12  8.09e-04   298s
  56   6.58375685e+04  6.51468177e+04  1.03e-03 2.27e-13  7.17e-04   306s
  57   6.58072871e+04  6.51675762e+04  8.66e-04 2.27e-13  6.64e-04   318s
  58   6.57865405e+04  6.52462689e+04  7.59e-04 4.62e-14  5.61e-04   321s
  59   6.57751205e+04  6.52853834e+04  7.02e-04 1.78e-13  5.08e-04   324s
  60   6.57560689e+04  6.53062738e+04  6.10e-04 7.11e-14  4.67e-04   330s
  61   6.57430976e+04  6.53426429e+04  5.49e-04 1.59e-12  4.16e-04   336s
  62   6.57348105e+04  6.53770999e+04  5.11e-04 1.14e-12  3.71e-04   341s
  63   6.57290847e+04  6.53819082e+04  4.85e-04 2.13e-14  3.60e-04   344s
  64   6.57161421e+04  6.53960814e+04  4.25e-04 1.14e-12  3.32e-04   351s
  65   6.57122883e+04  6.54085248e+04  4.07e-04 2.31e-14  3.15e-04   358s
  66   6.57059166e+04  6.54230575e+04  3.79e-04 1.14e-12  2.94e-04   365s
  67   6.57036193e+04  6.54276162e+04  3.70e-04 8.17e-14  2.86e-04   369s
  68   6.56971616e+04  6.54728104e+04  3.42e-04 5.68e-14  2.33e-04   378s
  69   6.56898052e+04  6.54833849e+04  3.10e-04 8.62e-14  2.14e-04   387s
  70   6.56853055e+04  6.55087745e+04  2.91e-04 1.26e-13  1.83e-04   393s
  71   6.56801132e+04  6.55102765e+04  2.69e-04 4.62e-14  1.76e-04   402s
  72   6.56703806e+04  6.55242170e+04  2.29e-04 1.42e-13  1.52e-04   412s
  73   6.56632142e+04  6.55318222e+04  1.98e-04 4.26e-14  1.36e-04   416s
  74   6.56552986e+04  6.55392622e+04  1.68e-04 3.41e-12  1.20e-04   426s
  75   6.56516404e+04  6.55501311e+04  1.53e-04 1.42e-14  1.05e-04   435s
  76   6.56482052e+04  6.55549834e+04  1.40e-04 4.55e-13  9.67e-05   440s
  77   6.56462894e+04  6.55595414e+04  1.33e-04 2.13e-14  9.00e-05   450s
  78   6.56430219e+04  6.55635393e+04  1.21e-04 2.04e-14  8.25e-05   461s
  79   6.56424362e+04  6.55645311e+04  1.18e-04 4.32e-12  8.08e-05   465s
  80   6.56409225e+04  6.55675058e+04  1.12e-04 4.55e-13  7.62e-05   472s
  81   6.56380106e+04  6.55699055e+04  1.01e-04 3.20e-14  7.07e-05   481s
  82   6.56350087e+04  6.55713642e+04  8.94e-05 1.10e-13  6.60e-05   490s
  83   6.56336929e+04  6.55728281e+04  8.44e-05 9.09e-13  6.32e-05   500s
  84   6.56324502e+04  6.55751968e+04  7.98e-05 7.11e-14  5.94e-05   505s
  85   6.56298532e+04  6.55792362e+04  7.05e-05 1.36e-12  5.25e-05   510s
  86   6.56287361e+04  6.55853685e+04  6.65e-05 2.81e-13  4.50e-05   520s
  87   6.56277328e+04  6.55863302e+04  6.29e-05 2.27e-13  4.30e-05   527s
  88   6.56262767e+04  6.55893425e+04  5.77e-05 1.82e-12  3.83e-05   538s
  89   6.56245861e+04  6.55925944e+04  5.14e-05 6.82e-13  3.32e-05   551s
  90   6.56238142e+04  6.55950696e+04  4.88e-05 8.88e-14  2.98e-05   557s
  91   6.56227347e+04  6.55961095e+04  4.48e-05 2.31e-14  2.76e-05   567s
  92   6.56209335e+04  6.55968873e+04  3.85e-05 3.46e-14  2.50e-05   574s
  93   6.56190528e+04  6.55971153e+04  3.18e-05 4.44e-14  2.28e-05   585s
  94   6.56184526e+04  6.55986855e+04  2.97e-05 6.82e-13  2.05e-05   593s
  95   6.56180132e+04  6.55998860e+04  2.82e-05 4.55e-13  1.88e-05   602s
  96   6.56175351e+04  6.56010140e+04  2.63e-05 4.55e-13  1.71e-05   609s
  97   6.56166408e+04  6.56013161e+04  2.33e-05 1.04e-14  1.59e-05   616s
  98   6.56159490e+04  6.56018797e+04  2.11e-05 1.59e-12  1.46e-05   626s
  99   6.56154716e+04  6.56030558e+04  1.95e-05 2.13e-14  1.29e-05   636s
 100   6.56152218e+04  6.56036787e+04  1.86e-05 2.27e-13  1.20e-05   645s
 101   6.56140589e+04  6.56042382e+04  1.47e-05 2.75e-14  1.02e-05   656s
 102   6.56137581e+04  6.56047134e+04  1.38e-05 9.59e-14  9.39e-06   669s
 103   6.56134520e+04  6.56049491e+04  1.27e-05 2.73e-12  8.82e-06   683s
 104   6.56132260e+04  6.56051997e+04  1.19e-05 1.36e-12  8.33e-06   695s
 105   6.56131552e+04  6.56056965e+04  1.17e-05 1.82e-12  7.74e-06   707s
 106   6.56130112e+04  6.56060078e+04  1.12e-05 6.82e-13  7.27e-06   723s
 107   6.56128046e+04  6.56061733e+04  1.05e-05 4.44e-14  6.88e-06   732s
 108   6.56125096e+04  6.56062477e+04  9.47e-06 1.36e-12  6.50e-06   736s
 109   6.56123840e+04  6.56065229e+04  9.05e-06 1.79e-13  6.08e-06   749s
 110   6.56121343e+04  6.56070087e+04  8.19e-06 1.39e-13  5.32e-06   758s
 111   6.56119570e+04  6.56071594e+04  7.52e-06 1.59e-12  4.98e-06   764s
 112   6.56114832e+04  6.56073130e+04  5.94e-06 6.82e-13  4.33e-06   775s
 113   6.56114050e+04  6.56074579e+04  5.69e-06 4.55e-13  4.10e-06   785s
 114   6.56111869e+04  6.56076682e+04  5.02e-06 5.68e-14  3.65e-06   794s
 115   6.56111274e+04  6.56077376e+04  4.81e-06 1.36e-12  3.52e-06   803s
 116   6.56110916e+04  6.56078573e+04  4.66e-06 1.82e-12  3.36e-06   811s
 117   6.56108131e+04  6.56082943e+04  3.68e-06 2.84e-14  2.61e-06   819s
 118   6.56103210e+04  6.56084419e+04  1.99e-06 3.46e-14  1.95e-06   826s
 119   6.56102389e+04  6.56085004e+04  1.74e-06 3.91e-14  1.80e-06   835s
 120   6.56102267e+04  6.56085515e+04  1.69e-06 1.36e-12  1.74e-06   845s
 121   6.56101931e+04  6.56086791e+04  1.58e-06 1.88e-13  1.57e-06   855s
 122   6.56100976e+04  6.56087275e+04  1.30e-06 8.88e-14  1.42e-06   871s
 123   6.56100826e+04  6.56087934e+04  1.25e-06 4.25e-12  1.34e-06   879s
 124   6.56100759e+04  6.56088385e+04  1.23e-06 5.07e-12  1.28e-06   895s
 125   6.56100423e+04  6.56088945e+04  1.13e-06 3.41e-12  1.19e-06   904s
 126   6.56100086e+04  6.56089229e+04  1.03e-06 3.40e-12  1.13e-06   917s
 127   6.56099038e+04  6.56090268e+04  6.83e-07 4.50e-13  9.10e-07   929s
 128   6.56098728e+04  6.56090731e+04  1.15e-06 3.87e-12  8.30e-07   940s
 129   6.56098653e+04  6.56091254e+04  1.26e-06 4.13e-13  7.68e-07   952s
 130   6.56098518e+04  6.56091736e+04  1.72e-06 2.98e-12  7.04e-07   963s
 131   6.56098415e+04  6.56091891e+04  1.68e-06 2.73e-12  6.77e-07   977s
 132   6.56098258e+04  6.56092293e+04  1.57e-06 2.29e-12  6.19e-07   989s
 133   6.56097732e+04  6.56092867e+04  6.76e-06 2.39e-11  5.05e-07   994s
 134   6.56097281e+04  6.56095714e+04  7.32e-06 2.34e-10  1.63e-07  1005s
 135   6.56096865e+04  6.56096571e+04  1.67e-05 4.99e-11  3.06e-08  1030s
 136   6.56096800e+04  6.56096708e+04  3.32e-05 1.47e-11  9.52e-09  1037s
 137   6.56096762e+04  6.56096744e+04  2.41e-05 2.50e-12  1.87e-09  1044s
 138   6.56096753e+04  6.56096751e+04  7.82e-06 9.84e-09  1.99e-10  1058s

Barrier solved model in 138 iterations and 1057.61 seconds (235.32 work units)
Optimal objective 6.56096753e+04

