
Gurobi 13.0.2 (linux64) logging started Thu Jul 16 23:09:50 2026

Set parameter LogFile to value "outputs/batch_1007_res/2051_FR_interconnected/logfile_2051_FR_interconnected.txt"
Gurobi Optimizer version 13.0.2 build v13.0.2rc1 (linux64 - "CentOS Stream 9")

CPU model: Intel(R) Xeon(R) Gold 6130 CPU @ 2.10GHz, instruction set [SSE2|AVX|AVX2|AVX512]
Thread count: 16 physical cores, 32 logical processors, using up to 32 threads

Non-default parameters:
Method  2
Crossover  0
NumericFocus  3
Presolve  2

Optimize a model with 9050774 rows, 6658150 columns and 26751985 nonzeros (Min)
Model fingerprint: 0xae8ec542
Model has 1393190 linear objective coefficients
Coefficient statistics:
  Matrix range     [1e-04, 1e+02]
  Objective range  [6e-04, 3e+03]
  Bounds range     [0e+00, 0e+00]
  RHS range        [2e-02, 1e+05]

Presolve removed 5502619 rows and 3311566 columns (presolve time = 5s)...
Presolve removed 5765538 rows and 3627000 columns (presolve time = 10s)...
Presolve removed 5765538 rows and 3627000 columns (presolve time = 15s)...
Presolve removed 5765538 rows and 3627000 columns (presolve time = 20s)...
Presolve removed 5765538 rows and 3627000 columns (presolve time = 25s)...
Presolve removed 5765538 rows and 3627000 columns (presolve time = 30s)...
Presolve removed 5765538 rows and 3627000 columns (presolve time = 35s)...
Presolve removed 5765538 rows and 3627000 columns (presolve time = 40s)...
Presolve removed 6501378 rows and 3627000 columns (presolve time = 45s)...
Presolve removed 6588990 rows and 3635790 columns (presolve time = 50s)...
Presolve removed 6588990 rows and 3635790 columns (presolve time = 55s)...
Presolve removed 6588990 rows and 3635790 columns (presolve time = 60s)...
Presolve removed 6588990 rows and 3635790 columns (presolve time = 65s)...
Presolve removed 6588990 rows and 3635790 columns (presolve time = 70s)...
Presolve removed 6588990 rows and 3635790 columns (presolve time = 75s)...
Presolve removed 6597750 rows and 3635790 columns
Presolve time: 78.21s
Presolved: 2453024 rows, 3031120 columns, 10218014 nonzeros
Ordering time: 3.51s

Barrier statistics:
 Dense cols : 95
 AA' NZ     : 6.091e+06
 Factor NZ  : 4.130e+07 (roughly 2.0 GB of memory)
 Factor Ops : 6.489e+09 (less than 1 second per iteration)
 Threads    : 16

                  Objective                Residual
Iter       Primal          Dual         Primal    Dual     Compl     Time
   0   5.21424829e+10 -6.72749205e+11  5.63e+08 3.95e-14  3.01e+07   137s
   1   5.35214646e+10 -3.94031031e+11  5.18e+08 2.06e+02  1.68e+07   141s
   2   7.89567987e+10 -2.69586079e+11  3.97e+08 8.99e+01  1.03e+07   146s
   3   2.00384544e+11 -1.70187143e+11  6.93e+07 2.80e+01  2.35e+06   152s
   4   1.55680072e+11 -5.26262076e+10  1.13e+07 3.41e+00  3.66e+05   157s
   5   6.29439556e+10 -2.69319126e+10  2.12e+06 8.81e-01  8.33e+04   161s
   6   1.64435457e+10 -1.80275217e+10  2.72e+05 4.47e-01  2.31e+04   164s
   7   8.06930634e+09 -1.05868233e+10  7.68e+04 2.12e-01  9.93e+03   167s
   8   3.38299489e+09 -3.66203622e+09  9.54e+03 5.17e-02  2.76e+03   170s
   9   7.57339586e+08 -7.52640199e+08  9.50e+02 8.03e-03  4.90e+02   175s
  10   2.76698593e+08 -1.17224115e+08  2.19e+02 4.39e-04  1.03e+02   179s
  11   7.54492396e+07 -5.10693951e+07  5.37e+01 7.83e-05  3.09e+01   184s
  12   2.40899385e+07 -4.21515635e+07  1.62e+01 4.69e-05  1.58e+01   193s
  13   1.60917128e+07 -2.16013822e+07  1.10e+01 6.18e-05  8.87e+00   199s
  14   1.25120195e+07 -1.14631009e+07  8.24e+00 1.17e-13  5.60e+00   203s
  15   8.60560893e+06 -9.14642601e+06  5.42e+00 2.27e-13  4.13e+00   208s
  16   6.50106894e+06 -4.96688153e+06  3.99e+00 6.39e-14  2.66e+00   212s
  17   3.50883122e+06 -2.30509603e+06  1.99e+00 3.29e-14  1.34e+00   217s
  18   2.57117120e+06 -1.34304906e+06  1.34e+00 2.13e-14  9.03e-01   223s
  19   1.95782830e+06 -8.97228794e+05  9.45e-01 1.60e-14  6.58e-01   228s
  20   1.40498963e+06 -6.00288359e+05  5.87e-01 1.36e-12  4.62e-01   234s
  21   1.16013961e+06 -3.98740538e+05  4.31e-01 1.11e-14  3.59e-01   238s
  22   9.88785316e+05 -2.12293626e+05  3.25e-01 1.36e-12  2.77e-01   245s
  23   8.37529410e+05 -6.08044994e+04  2.36e-01 7.33e-15  2.07e-01   252s
  24   7.39654959e+05  1.01925398e+05  1.77e-01 5.44e-15  1.47e-01   262s
  25   6.62569872e+05  1.40248867e+05  1.30e-01 2.96e-12  1.20e-01   269s
  26   6.30308192e+05  1.95043406e+05  1.11e-01 4.55e-13  1.00e-01   280s
  27   5.94934065e+05  2.11727084e+05  8.89e-02 2.27e-13  8.82e-02   290s
  28   5.80083424e+05  2.27272370e+05  8.01e-02 3.89e-15  8.12e-02   298s
  29   5.63967807e+05  2.45338930e+05  7.07e-02 1.82e-12  7.34e-02   308s
  30   5.45828387e+05  2.62161972e+05  6.03e-02 3.16e-15  6.53e-02   320s
  31   5.35540963e+05  2.85037651e+05  5.49e-02 1.82e-12  5.77e-02   329s
  32   5.27104061e+05  2.95343395e+05  5.03e-02 1.59e-12  5.34e-02   340s
  33   5.16611352e+05  3.04955110e+05  4.47e-02 3.18e-12  4.87e-02   347s
  34   5.03788823e+05  3.18634083e+05  3.77e-02 2.39e-15  4.26e-02   356s
  35   4.93778013e+05  3.27971428e+05  3.23e-02 2.11e-15  3.82e-02   363s
  36   4.84544214e+05  3.39859669e+05  2.74e-02 2.03e-15  3.33e-02   371s
  37   4.78426411e+05  3.56348092e+05  2.42e-02 2.27e-12  2.81e-02   381s
  38   4.72346493e+05  3.63307674e+05  2.11e-02 1.57e-15  2.51e-02   390s
  39   4.69014460e+05  3.66321589e+05  1.94e-02 4.55e-13  2.36e-02   400s
  40   4.63683506e+05  3.72917528e+05  1.67e-02 2.96e-12  2.09e-02   410s
  41   4.57295387e+05  3.80592189e+05  1.34e-02 1.77e-15  1.77e-02   419s
  42   4.53658638e+05  3.88146323e+05  1.16e-02 6.82e-13  1.51e-02   425s
  43   4.50259333e+05  3.91906996e+05  9.90e-03 2.47e-15  1.34e-02   435s
  44   4.47274742e+05  3.95642733e+05  8.42e-03 6.82e-13  1.19e-02   445s
  45   4.44871622e+05  4.00002936e+05  7.23e-03 2.08e-15  1.03e-02   453s
  46   4.43390396e+05  4.03225106e+05  6.51e-03 2.61e-15  9.25e-03   462s
  47   4.42398975e+05  4.04376290e+05  6.04e-03 6.82e-13  8.75e-03   470s
  48   4.41108070e+05  4.06872538e+05  5.40e-03 2.66e-15  7.88e-03   480s
  49   4.40432678e+05  4.08324895e+05  5.06e-03 4.09e-12  7.39e-03   487s
  50   4.39189283e+05  4.11199426e+05  4.48e-03 2.33e-15  6.44e-03   496s
  51   4.38716794e+05  4.12385312e+05  4.26e-03 2.59e-15  6.06e-03   505s
  52   4.38355761e+05  4.14163594e+05  4.08e-03 4.55e-13  5.57e-03   517s
  53   4.37921752e+05  4.15003014e+05  3.87e-03 1.14e-12  5.28e-03   525s
  54   4.37024810e+05  4.16923665e+05  3.40e-03 2.50e-15  4.63e-03   536s
  55   4.36152924e+05  4.17744041e+05  2.97e-03 2.05e-12  4.24e-03   546s
  56   4.35197626e+05  4.18425378e+05  2.47e-03 3.10e-15  3.86e-03   557s
  57   4.34668348e+05  4.20065757e+05  2.20e-03 2.66e-15  3.36e-03   569s
  58   4.34148850e+05  4.21271459e+05  1.94e-03 3.55e-15  2.96e-03   579s
  59   4.33841325e+05  4.22904383e+05  1.78e-03 3.09e-15  2.52e-03   590s
  60   4.33503992e+05  4.23691373e+05  1.62e-03 1.36e-12  2.26e-03   601s
  61   4.33146451e+05  4.24002688e+05  1.44e-03 4.55e-13  2.11e-03   611s
  62   4.32773285e+05  4.24383151e+05  1.25e-03 2.27e-13  1.93e-03   622s
  63   4.32511761e+05  4.24954745e+05  1.13e-03 9.09e-13  1.74e-03   632s
  64   4.32225698e+05  4.25339343e+05  9.94e-04 4.62e-15  1.59e-03   643s
  65   4.32006411e+05  4.25591418e+05  8.89e-04 2.27e-13  1.48e-03   653s
  66   4.31831141e+05  4.25987852e+05  8.05e-04 2.73e-12  1.35e-03   663s
  67   4.31631217e+05  4.26276686e+05  7.12e-04 1.82e-12  1.23e-03   673s
  68   4.31551100e+05  4.26684096e+05  6.74e-04 1.14e-12  1.12e-03   684s
  69   4.31503703e+05  4.26960651e+05  6.52e-04 1.82e-12  1.05e-03   692s
  70   4.31327766e+05  4.27086039e+05  5.72e-04 5.33e-15  9.77e-04   702s
  71   4.31278924e+05  4.27428858e+05  5.49e-04 5.37e-15  8.86e-04   713s
  72   4.31184502e+05  4.27652963e+05  5.05e-04 1.36e-12  8.13e-04   724s
  73   4.31091405e+05  4.27845227e+05  4.64e-04 6.51e-15  7.47e-04   735s
  74   4.31033909e+05  4.27966294e+05  4.40e-04 7.11e-15  7.06e-04   746s
  75   4.30990361e+05  4.28086593e+05  4.20e-04 4.61e-15  6.69e-04   756s
  76   4.30861634e+05  4.28189177e+05  3.65e-04 4.55e-13  6.15e-04   767s
  77   4.30783182e+05  4.28375432e+05  3.32e-04 7.00e-15  5.54e-04   778s
  78   4.30746617e+05  4.28461289e+05  3.16e-04 2.73e-12  5.26e-04   788s
  79   4.30718250e+05  4.28578632e+05  3.04e-04 7.11e-15  4.93e-04   799s
  80   4.30680035e+05  4.28700550e+05  2.87e-04 7.11e-15  4.56e-04   808s
  81   4.30620917e+05  4.28760969e+05  2.62e-04 7.38e-15  4.28e-04   818s
  82   4.30567842e+05  4.28831162e+05  2.40e-04 1.36e-12  4.00e-04   829s
  83   4.30492951e+05  4.28890571e+05  2.10e-04 1.82e-12  3.69e-04   840s
  84   4.30451356e+05  4.29065871e+05  1.93e-04 5.94e-15  3.19e-04   850s
  85   4.30389838e+05  4.29206806e+05  1.68e-04 1.36e-12  2.72e-04   861s
  86   4.30348185e+05  4.29286553e+05  1.51e-04 3.55e-15  2.44e-04   871s
  87   4.30321722e+05  4.29304457e+05  1.41e-04 5.04e-15  2.34e-04   881s
  88   4.30291302e+05  4.29373118e+05  1.29e-04 4.55e-13  2.11e-04   889s
  89   4.30264780e+05  4.29412426e+05  1.19e-04 4.55e-13  1.96e-04   904s
  90   4.30249775e+05  4.29419255e+05  1.13e-04 4.55e-13  1.91e-04   916s
  91   4.30226761e+05  4.29475070e+05  1.05e-04 2.50e-12  1.73e-04   932s
  92   4.30206170e+05  4.29542610e+05  9.68e-05 9.69e-15  1.53e-04   944s
  93   4.30182962e+05  4.29575198e+05  8.81e-05 2.05e-12  1.40e-04   960s
  94   4.30162272e+05  4.29595913e+05  8.04e-05 6.82e-13  1.30e-04   976s
  95   4.30147117e+05  4.29601625e+05  7.46e-05 1.14e-14  1.26e-04   987s
  96   4.30133895e+05  4.29638213e+05  6.97e-05 9.88e-15  1.14e-04  1003s
  97   4.30116842e+05  4.29666586e+05  6.37e-05 9.65e-15  1.04e-04  1020s
  98   4.30100540e+05  4.29697993e+05  5.77e-05 1.14e-12  9.27e-05  1037s
  99   4.30078689e+05  4.29735207e+05  4.98e-05 9.63e-15  7.91e-05  1055s
 100   4.30068541e+05  4.29742442e+05  4.63e-05 5.75e-15  7.51e-05  1072s
 101   4.30062630e+05  4.29755927e+05  4.42e-05 7.59e-15  7.06e-05  1087s
 102   4.30053436e+05  4.29772682e+05  4.08e-05 3.55e-15  6.46e-05  1105s
 103   4.30040603e+05  4.29785992e+05  3.64e-05 1.14e-12  5.86e-05  1123s
 104   4.30032610e+05  4.29800513e+05  3.36e-05 4.55e-12  5.34e-05  1142s
 105   4.30022866e+05  4.29806369e+05  3.01e-05 5.75e-15  4.98e-05  1161s
 106   4.30014680e+05  4.29813682e+05  2.72e-05 2.96e-12  4.63e-05  1174s
 107   4.30007444e+05  4.29821334e+05  2.47e-05 1.36e-12  4.28e-05  1194s
 108   4.30002816e+05  4.29831936e+05  2.31e-05 3.61e-15  3.93e-05  1212s
 109   4.29995753e+05  4.29843624e+05  2.08e-05 4.58e-15  3.50e-05  1232s
 110   4.29989283e+05  4.29858360e+05  1.86e-05 4.83e-15  3.01e-05  1253s
 111   4.29983047e+05  4.29866746e+05  1.65e-05 3.64e-12  2.68e-05  1275s
 112   4.29977244e+05  4.29871725e+05  1.45e-05 1.36e-12  2.43e-05  1297s
 113   4.29974329e+05  4.29873325e+05  1.36e-05 2.50e-12  2.33e-05  1316s
 114   4.29970109e+05  4.29880336e+05  1.22e-05 2.27e-13  2.07e-05  1339s
 115   4.29965376e+05  4.29887781e+05  1.07e-05 6.29e-15  1.79e-05  1362s
 116   4.29963301e+05  4.29890594e+05  1.00e-05 6.82e-13  1.67e-05  1384s
 117   4.29959752e+05  4.29894302e+05  8.88e-06 1.36e-12  1.51e-05  1406s
 118   4.29955138e+05  4.29897073e+05  7.37e-06 4.43e-15  1.34e-05  1430s
 119   4.29952039e+05  4.29905537e+05  6.36e-06 1.36e-12  1.07e-05  1453s
 120   4.29949204e+05  4.29907469e+05  5.46e-06 4.60e-15  9.61e-06  1478s
 121   4.29947453e+05  4.29911583e+05  4.90e-06 6.95e-15  8.26e-06  1502s
 122   4.29945281e+05  4.29913380e+05  4.23e-06 2.73e-12  7.34e-06  1529s
 123   4.29942546e+05  4.29914642e+05  3.39e-06 1.14e-12  6.42e-06  1556s
 124   4.29941676e+05  4.29916555e+05  3.11e-06 6.82e-13  5.78e-06  1579s
 125   4.29941144e+05  4.29918627e+05  2.94e-06 7.27e-15  5.18e-06  1605s
 126   4.29939821e+05  4.29920463e+05  2.56e-06 1.59e-12  4.46e-06  1633s
 127   4.29938417e+05  4.29921597e+05  2.11e-06 4.55e-13  3.87e-06  1656s
 128   4.29938008e+05  4.29922359e+05  1.99e-06 7.11e-15  3.60e-06  1682s
 129   4.29937551e+05  4.29922464e+05  1.87e-06 2.27e-12  3.47e-06  1706s
 130   4.29937009e+05  4.29923460e+05  1.69e-06 2.73e-12  3.12e-06  1731s
 131   4.29936750e+05  4.29923971e+05  1.63e-06 7.67e-15  2.94e-06  1757s
 132   4.29936490e+05  4.29924394e+05  1.55e-06 7.11e-15  2.78e-06  1790s
 133   4.29936288e+05  4.29924789e+05  1.47e-06 1.69e-14  2.65e-06  1819s
 134   4.29935927e+05  4.29925313e+05  1.28e-06 2.85e-14  2.44e-06  1845s
 135   4.29935324e+05  4.29925887e+05  1.09e-06 3.12e-14  2.17e-06  1874s
 136   4.29935014e+05  4.29926355e+05  1.00e-06 4.55e-13  1.99e-06  1894s
 137   4.29934794e+05  4.29926630e+05  9.26e-07 2.68e-14  1.88e-06  1918s
 138   4.29934424e+05  4.29927018e+05  7.85e-07 1.88e-11  1.70e-06  1950s
 139   4.29934081e+05  4.29927612e+05  6.81e-07 2.16e-10  1.49e-06  1979s
 140   4.29933840e+05  4.29927964e+05  6.23e-07 1.14e-09  1.35e-06  1999s
 141   4.29933579e+05  4.29928190e+05  5.75e-07 1.07e-09  1.24e-06  2022s
 142   4.29933333e+05  4.29928491e+05  4.99e-07 9.93e-10  1.11e-06  2045s
 143   4.29933183e+05  4.29928854e+05  4.72e-07 8.62e-10  9.97e-07  2082s
 144   4.29933014e+05  4.29929163e+05  4.09e-07 1.08e-09  8.86e-07  2108s
 145   4.29932869e+05  4.29929367e+05  3.51e-07 9.86e-10  8.06e-07  2131s
 146   4.29932601e+05  4.29929630e+05  2.97e-07 1.17e-09  6.84e-07  2151s
 147   4.29932378e+05  4.29929913e+05  2.78e-07 2.89e-09  5.67e-07  2177s
 148   4.29932245e+05  4.29930091e+05  2.37e-07 1.93e-09  4.96e-07  2194s
 149   4.29932138e+05  4.29930142e+05  2.17e-07 1.76e-09  4.59e-07  2215s
 150   4.29932023e+05  4.29930217e+05  1.96e-07 1.95e-09  4.16e-07  2237s
 151   4.29931928e+05  4.29930288e+05  1.62e-07 1.76e-09  3.78e-07  2258s
 152   4.29931824e+05  4.29930422e+05  1.25e-07 1.73e-09  3.23e-07  2276s
 153   4.29931729e+05  4.29930521e+05  1.22e-07 1.42e-09  2.78e-07  2297s
 154   4.29931660e+05  4.29930563e+05  1.17e-07 1.32e-09  2.53e-07  2315s
 155   4.29931625e+05  4.29930647e+05  8.79e-08 3.25e-09  2.25e-07  2338s
 156   4.29931565e+05  4.29930660e+05  8.11e-08 3.16e-09  2.08e-07  2352s
 157   4.29931503e+05  4.29930698e+05  6.08e-08 2.79e-09  1.85e-07  2374s
 158   4.29931464e+05  4.29930732e+05  1.01e-07 4.64e-09  1.69e-07  2389s
 159   4.29931420e+05  4.29930805e+05  5.39e-08 3.78e-09  1.42e-07  2411s
 160   4.29931390e+05  4.29930832e+05  4.51e-08 3.96e-08  1.28e-07  2428s
 161   4.29931353e+05  4.29930854e+05  6.39e-08 5.30e-08  1.15e-07  2445s
 162   4.29931336e+05  4.29930884e+05  4.48e-08 1.75e-07  1.04e-07  2461s
 163   4.29931306e+05  4.29930901e+05  7.73e-08 1.17e-07  9.32e-08  2477s
 164   4.29931287e+05  4.29930929e+05  8.16e-08 1.81e-07  8.24e-08  2493s
 165   4.29931274e+05  4.29930943e+05  8.57e-08 2.33e-07  7.60e-08  2510s
 166   4.29931257e+05  4.29930964e+05  6.50e-08 2.55e-07  6.76e-08  2525s
 167   4.29931240e+05  4.29930972e+05  6.65e-08 3.02e-07  6.16e-08  2538s
 168   4.29931218e+05  4.29930981e+05  5.88e-08 2.88e-07  5.47e-08  2556s
 169   4.29931206e+05  4.29930995e+05  5.98e-08 2.55e-07  4.86e-08  2568s
 170   4.29931197e+05  4.29930999e+05  4.14e-08 2.39e-07  4.55e-08  2578s
 171   4.29931190e+05  4.29931013e+05  4.06e-08 2.15e-07  4.09e-08  2594s
 172   4.29931183e+05  4.29931022e+05  4.91e-08 2.47e-07  3.72e-08  2608s
 173   4.29931180e+05  4.29931029e+05  6.78e-08 2.54e-07  3.47e-08  2624s
 174   4.29931173e+05  4.29931034e+05  2.40e-07 2.34e-07  3.19e-08  2636s
 175   4.29931167e+05  4.29931040e+05  2.04e-07 2.12e-07  2.94e-08  2650s
 176   4.29931158e+05  4.29931048e+05  2.74e-07 3.14e-07  2.55e-08  2666s
 177   4.29931148e+05  4.29931057e+05  2.39e-07 2.35e-07  2.10e-08  2681s
 178   4.29931143e+05  4.29931062e+05  2.13e-07 1.99e-07  1.86e-08  2702s
 179   4.29931139e+05  4.29931066e+05  4.06e-07 1.74e-07  1.68e-08  2724s
 180   4.29931135e+05  4.29931068e+05  3.76e-07 1.63e-07  1.55e-08  2734s
 181   4.29931129e+05  4.29931071e+05  2.60e-06 1.41e-07  1.34e-08  2754s
 182   4.29931126e+05  4.29931073e+05  2.39e-06 1.32e-07  1.23e-08  2772s
 183   4.29931122e+05  4.29931074e+05  2.07e-06 1.25e-07  1.11e-08  2791s
 184   4.29931116e+05  4.29931076e+05  4.51e-06 1.07e-07  9.36e-09  2814s
 185   4.29931115e+05  4.29931077e+05  4.21e-06 9.93e-08  8.54e-09  2826s
 186   4.29931113e+05  4.29931078e+05  3.96e-06 9.64e-08  8.11e-09  2833s
 187   4.29931112e+05  4.29931079e+05  3.70e-06 8.93e-08  7.44e-09  2853s
 188   4.29931110e+05  4.29931080e+05  3.33e-06 8.50e-08  6.80e-09  2863s
 189   4.29931108e+05  4.29931080e+05  3.11e-06 8.26e-08  6.44e-09  2874s
 190   4.29931107e+05  4.29931081e+05  2.94e-06 7.81e-08  6.06e-09  2885s
 191   4.29931107e+05  4.29931082e+05  2.80e-06 6.80e-08  5.65e-09  2901s
 192   4.29931106e+05  4.29931082e+05  2.69e-06 6.56e-08  5.41e-09  2912s
 193   4.29931105e+05  4.29931083e+05  2.56e-06 6.33e-08  5.16e-09  2921s
 194   4.29931104e+05  4.29931083e+05  2.38e-06 6.03e-08  4.84e-09  2932s
 195   4.29931104e+05  4.29931084e+05  2.27e-06 5.92e-08  4.61e-09  2942s
 196   4.29931103e+05  4.29931084e+05  2.14e-06 5.55e-08  4.34e-09  2949s
 197   4.29931102e+05  4.29931084e+05  2.06e-06 5.22e-08  4.11e-09  2957s
 198   4.29931101e+05  4.29931085e+05  2.93e-05 4.94e-08  3.76e-09  2970s
 199   4.29931101e+05  4.29931085e+05  2.93e-05 4.94e-08  3.76e-09  2982s
 200   4.29931101e+05  4.29931085e+05  2.73e-05 4.66e-08  3.53e-09  2990s
 201   4.29931100e+05  4.29931085e+05  2.69e-05 4.55e-08  3.48e-09  3003s
 202   4.29931100e+05  4.29931086e+05  2.52e-05 4.27e-08  3.24e-09  3013s
 203   4.29931099e+05  4.29931086e+05  2.40e-05 3.93e-08  3.07e-09  3020s
 204   4.29931099e+05  4.29931086e+05  2.40e-05 3.92e-08  3.06e-09  3033s
 205   4.29931099e+05  4.29931086e+05  2.33e-05 3.71e-08  2.94e-09  3041s
 206   4.29931099e+05  4.29931086e+05  2.61e-05 3.61e-08  2.80e-09  3060s
 207   4.29931098e+05  4.29931087e+05  2.40e-05 3.47e-08  2.60e-09  3070s
 208   4.29931097e+05  4.29931087e+05  2.26e-05 3.31e-08  2.46e-09  3077s

Barrier solved model in 208 iterations and 3077.22 seconds (1437.05 work units)
Optimal objective 4.29931097e+05


Gurobi 13.0.2 (linux64) logging started Fri Jul 17 11:55:36 2026

Set parameter LogFile to value "outputs/batch_1007_res/2051_FR_interconnected/logfile_2051_FR_interconnected.txt"
Gurobi Optimizer version 13.0.2 build v13.0.2rc1 (linux64 - "CentOS Stream 9")

CPU model: Intel(R) Xeon(R) Gold 6130 CPU @ 2.10GHz, instruction set [SSE2|AVX|AVX2|AVX512]
Thread count: 16 physical cores, 32 logical processors, using up to 32 threads

Non-default parameters:
Method  2
Crossover  0
NumericFocus  3
Presolve  2

Optimize a model with 9050784 rows, 6658150 columns and 26699435 nonzeros (Min)
Model fingerprint: 0xa8104d30
Model has 1393190 linear objective coefficients
Coefficient statistics:
  Matrix range     [1e-04, 1e+02]
  Objective range  [6e-04, 3e+03]
  Bounds range     [0e+00, 0e+00]
  RHS range        [2e-02, 1e+05]

Presolve removed 5598989 rows and 3591886 columns (presolve time = 5s)...
Presolve removed 5923228 rows and 3907320 columns (presolve time = 10s)...
Presolve removed 5923228 rows and 3907320 columns (presolve time = 15s)...
Presolve removed 5923228 rows and 3907320 columns (presolve time = 20s)...
Presolve removed 5923228 rows and 3907320 columns (presolve time = 25s)...
Presolve removed 5923228 rows and 3907320 columns (presolve time = 30s)...
Presolve removed 6632788 rows and 3907320 columns (presolve time = 35s)...
Presolve removed 6720400 rows and 3916110 columns (presolve time = 40s)...
Presolve removed 6720400 rows and 3916110 columns (presolve time = 45s)...
Presolve removed 6720400 rows and 3916110 columns (presolve time = 50s)...
Presolve removed 6720400 rows and 3916110 columns (presolve time = 55s)...
Presolve removed 6720400 rows and 3916110 columns (presolve time = 60s)...
Presolve removed 6720400 rows and 3916110 columns (presolve time = 65s)...
Presolve removed 6729160 rows and 3916110 columns
Presolve time: 68.86s
Presolved: 2321624 rows, 2750800 columns, 9315734 nonzeros
Elapsed ordering time = 7s
Elapsed ordering time = 10s
Elapsed ordering time = 15s
Ordering time: 19.81s

Barrier statistics:
 Dense cols : 95
 AA' NZ     : 5.228e+06
 Factor NZ  : 3.355e+07 (roughly 2.0 GB of memory)
 Factor Ops : 2.471e+09 (less than 1 second per iteration)
 Threads    : 16

                  Objective                Residual
Iter       Primal          Dual         Primal    Dual     Compl     Time
   0   3.29400758e+08 -1.61251898e+11  1.10e+08 1.82e-14  6.74e+06   160s
   1   3.48218164e+08 -1.06390106e+11  1.03e+08 3.33e+02  4.45e+06   165s
   2   4.38695436e+08 -7.29314876e+10  7.51e+07 1.22e+02  2.62e+06   172s
   3   6.42919548e+08 -4.36872215e+10  1.42e+07 1.12e+01  5.01e+05   180s
   4   6.45520567e+08 -2.07965065e+10  2.08e+06 1.41e+00  7.87e+04   187s
   5   5.63887769e+08 -9.00007107e+09  3.24e+05 2.07e-01  1.30e+04   192s
   6   3.18474537e+08 -3.68646207e+09  4.76e+04 3.53e-02  2.39e+03   196s
   7   1.48282656e+08 -3.09796516e+09  7.96e+03 2.78e-02  1.15e+03   202s
   8   8.52739583e+07 -7.14349731e+08  1.53e+03 2.54e-03  2.42e+02   208s
   9   2.91798591e+07 -2.70527768e+08  1.56e+02 5.42e-10  8.09e+01   216s
  10   1.42775038e+07 -2.18367715e+08  4.05e+01 2.95e-10  6.09e+01   230s
  11   7.33001621e+06 -4.82695056e+07  1.58e+01 4.73e-11  1.43e+01   239s
  12   4.20656026e+06 -2.96619581e+07  7.55e+00 5.96e-11  8.68e+00   243s
  13   2.96838760e+06 -1.39216468e+07  4.61e+00 2.43e-11  4.31e+00   247s
  14   2.51511840e+06 -7.49529911e+06  3.65e+00 1.40e-11  2.55e+00   251s
  15   2.03115761e+06 -5.93177767e+06  2.70e+00 1.11e-11  2.03e+00   254s
  16   1.57952632e+06 -3.50998073e+06  1.89e+00 8.19e-12  1.30e+00   260s
  17   1.29091945e+06 -2.95058915e+06  1.35e+00 5.40e-12  1.08e+00   264s
  18   1.11067527e+06 -1.79756202e+06  1.04e+00 4.55e-12  7.40e-01   269s
  19   9.95637496e+05 -1.21426825e+06  8.50e-01 1.18e-11  5.62e-01   276s
  20   8.60992864e+05 -7.88944809e+05  6.37e-01 4.55e-12  4.20e-01   281s
  21   7.74621137e+05 -3.43097626e+05  4.99e-01 4.09e-12  2.84e-01   288s
  22   6.82019874e+05 -1.41060513e+05  3.52e-01 4.55e-12  2.09e-01   296s
  23   6.18390710e+05  6.82530483e+03  2.52e-01 6.82e-12  1.56e-01   305s
  24   5.79818220e+05  9.11968888e+04  1.90e-01 2.73e-12  1.24e-01   315s
  25   5.65992022e+05  1.49968795e+05  1.68e-01 6.37e-12  1.06e-01   323s
  26   5.42393810e+05  1.99666720e+05  1.31e-01 4.55e-13  8.72e-02   332s
  27   5.30720652e+05  2.30941712e+05  1.14e-01 5.00e-12  7.62e-02   340s
  28   5.26839803e+05  2.56540809e+05  1.09e-01 4.55e-12  6.87e-02   346s
  29   5.14356436e+05  2.83234671e+05  9.05e-02 8.19e-12  5.88e-02   355s
  30   4.98346026e+05  3.01629410e+05  6.92e-02 5.46e-12  5.00e-02   364s
  31   4.81828822e+05  3.24097147e+05  4.95e-02 3.64e-12  4.01e-02   371s
  32   4.73323233e+05  3.39690309e+05  4.09e-02 6.82e-12  3.40e-02   379s
  33   4.64880354e+05  3.50448084e+05  3.24e-02 4.77e-12  2.91e-02   387s
  34   4.57272961e+05  3.67959937e+05  2.51e-02 9.09e-12  2.27e-02   395s
  35   4.51438137e+05  3.78241667e+05  1.98e-02 3.64e-12  1.86e-02   402s
  36   4.47087042e+05  3.87788840e+05  1.59e-02 2.96e-12  1.51e-02   409s
  37   4.44683213e+05  3.92171001e+05  1.38e-02 3.64e-12  1.34e-02   416s
  38   4.42176906e+05  3.95253810e+05  1.17e-02 1.09e-11  1.19e-02   424s
  39   4.41657487e+05  3.97827442e+05  1.13e-02 2.73e-12  1.11e-02   429s
  40   4.40365405e+05  4.00477309e+05  1.02e-02 2.05e-12  1.01e-02   437s
  41   4.39600324e+05  4.02867194e+05  9.52e-03 1.82e-12  9.34e-03   444s
  42   4.38614402e+05  4.05347085e+05  8.71e-03 6.59e-12  8.46e-03   451s
  43   4.38172668e+05  4.08428912e+05  8.34e-03 5.46e-12  7.56e-03   459s
  44   4.35969368e+05  4.11318462e+05  6.47e-03 3.64e-12  6.27e-03   468s
  45   4.35163990e+05  4.12712061e+05  5.81e-03 3.18e-12  5.71e-03   475s
  46   4.34257625e+05  4.15205867e+05  5.07e-03 6.14e-12  4.84e-03   483s
  47   4.33250943e+05  4.17027546e+05  4.27e-03 4.55e-12  4.13e-03   493s
  48   4.32454510e+05  4.17872234e+05  3.64e-03 3.41e-12  3.71e-03   502s
  49   4.32050889e+05  4.18728376e+05  3.32e-03 2.73e-12  3.39e-03   508s
  50   4.31500099e+05  4.20263948e+05  2.88e-03 7.28e-12  2.86e-03   516s
  51   4.30838391e+05  4.20787277e+05  2.37e-03 3.64e-12  2.56e-03   524s
  52   4.30457680e+05  4.22316865e+05  2.08e-03 6.82e-12  2.07e-03   533s
  53   4.30168462e+05  4.22784055e+05  1.86e-03 3.64e-12  1.88e-03   542s
  54   4.29915052e+05  4.23009563e+05  1.68e-03 7.28e-12  1.76e-03   550s
  55   4.29665425e+05  4.23357414e+05  1.49e-03 4.09e-12  1.60e-03   558s
  56   4.29509813e+05  4.23478953e+05  1.38e-03 3.64e-12  1.53e-03   566s
  57   4.29324249e+05  4.23887792e+05  1.25e-03 7.73e-12  1.38e-03   575s
  58   4.29217991e+05  4.23949763e+05  1.17e-03 4.55e-12  1.34e-03   584s
  59   4.29080120e+05  4.24235374e+05  1.07e-03 3.41e-12  1.23e-03   593s
  60   4.28934738e+05  4.24509463e+05  9.60e-04 5.46e-12  1.13e-03   603s
  61   4.28787232e+05  4.25133383e+05  8.54e-04 3.87e-12  9.29e-04   617s
  62   4.28555020e+05  4.25393300e+05  6.90e-04 3.41e-12  8.04e-04   633s
  63   4.28435860e+05  4.25731508e+05  6.08e-04 1.00e-11  6.88e-04   646s
  64   4.28337615e+05  4.25945904e+05  5.42e-04 1.46e-11  6.08e-04   661s
  65   4.28246885e+05  4.26033712e+05  4.81e-04 6.37e-12  5.63e-04   676s
  66   4.28198407e+05  4.26358134e+05  4.49e-04 3.64e-12  4.68e-04   690s
  67   4.28098530e+05  4.26450086e+05  3.86e-04 6.82e-12  4.19e-04   704s
  68   4.28038303e+05  4.26594856e+05  3.48e-04 4.09e-12  3.67e-04   718s
  69   4.27997106e+05  4.26678801e+05  3.22e-04 5.23e-12  3.35e-04   730s
  70   4.27959353e+05  4.26769916e+05  2.98e-04 2.50e-12  3.02e-04   744s
  71   4.27914146e+05  4.26849024e+05  2.69e-04 4.09e-12  2.71e-04   759s
  72   4.27886337e+05  4.26924914e+05  2.51e-04 5.46e-12  2.44e-04   775s
  73   4.27853615e+05  4.26967424e+05  2.31e-04 3.64e-12  2.25e-04   789s
  74   4.27821938e+05  4.27013914e+05  2.12e-04 4.09e-12  2.05e-04   804s
  75   4.27799843e+05  4.27059829e+05  1.98e-04 8.19e-12  1.88e-04   814s
  76   4.27772981e+05  4.27090166e+05  1.82e-04 1.09e-11  1.74e-04   827s
  77   4.27746690e+05  4.27127832e+05  1.66e-04 2.96e-12  1.57e-04   837s
  78   4.27726375e+05  4.27146440e+05  1.54e-04 2.05e-12  1.47e-04   850s
  79   4.27714199e+05  4.27186379e+05  1.47e-04 2.96e-12  1.34e-04   864s
  80   4.27695980e+05  4.27216799e+05  1.36e-04 5.68e-12  1.22e-04   880s
  81   4.27677742e+05  4.27226219e+05  1.25e-04 3.87e-12  1.15e-04   892s
  82   4.27665735e+05  4.27250490e+05  1.18e-04 1.27e-11  1.06e-04   905s
  83   4.27652340e+05  4.27271105e+05  1.10e-04 3.18e-12  9.69e-05   922s
  84   4.27638715e+05  4.27287680e+05  1.02e-04 2.50e-12  8.93e-05   936s
  85   4.27626000e+05  4.27312255e+05  9.48e-05 5.00e-12  7.98e-05   951s
  86   4.27610369e+05  4.27328640e+05  8.55e-05 1.36e-11  7.16e-05   964s
  87   4.27597660e+05  4.27340880e+05  7.81e-05 2.96e-12  6.53e-05   977s
  88   4.27589129e+05  4.27348969e+05  7.30e-05 3.18e-12  6.11e-05   991s
  89   4.27569729e+05  4.27356635e+05  6.12e-05 4.55e-12  5.42e-05  1006s
  90   4.27563089e+05  4.27363806e+05  5.73e-05 4.55e-12  5.07e-05  1018s
  91   4.27555382e+05  4.27372775e+05  5.30e-05 2.73e-12  4.64e-05  1033s
  92   4.27546849e+05  4.27382465e+05  4.81e-05 3.87e-12  4.18e-05  1047s
  93   4.27536708e+05  4.27389352e+05  4.22e-05 6.37e-12  3.75e-05  1063s
  94   4.27527166e+05  4.27397890e+05  3.67e-05 6.37e-12  3.29e-05  1078s
  95   4.27517239e+05  4.27405252e+05  3.09e-05 2.96e-12  2.85e-05  1094s
  96   4.27512464e+05  4.27411064e+05  2.82e-05 2.96e-12  2.58e-05  1106s
  97   4.27505968e+05  4.27418112e+05  2.45e-05 5.23e-12  2.23e-05  1122s
  98   4.27501058e+05  4.27423564e+05  2.17e-05 6.14e-12  1.97e-05  1136s
  99   4.27495833e+05  4.27426653e+05  1.87e-05 2.27e-12  1.76e-05  1152s
 100   4.27489884e+05  4.27435594e+05  1.54e-05 3.64e-12  1.38e-05  1173s
 101   4.27486207e+05  4.27438429e+05  1.33e-05 1.82e-12  1.21e-05  1188s
 102   4.27483627e+05  4.27442230e+05  1.19e-05 5.23e-12  1.05e-05  1209s
 103   4.27479716e+05  4.27445153e+05  9.72e-06 4.32e-12  8.79e-06  1231s
 104   4.27477909e+05  4.27446903e+05  8.76e-06 9.55e-12  7.88e-06  1248s
 105   4.27476197e+05  4.27448341e+05  7.82e-06 2.27e-12  7.08e-06  1272s
 106   4.27474861e+05  4.27450320e+05  7.09e-06 2.27e-12  6.24e-06  1297s
 107   4.27473220e+05  4.27451501e+05  6.22e-06 5.00e-12  5.52e-06  1322s
 108   4.27471310e+05  4.27453572e+05  5.16e-06 2.27e-13  4.51e-06  1345s
 109   4.27470412e+05  4.27455819e+05  4.69e-06 1.00e-11  3.71e-06  1369s
 110   4.27468024e+05  4.27456823e+05  3.42e-06 5.68e-12  2.85e-06  1395s
 111   4.27466749e+05  4.27458047e+05  2.75e-06 6.37e-12  2.21e-06  1422s
 112   4.27466039e+05  4.27458592e+05  2.38e-06 4.32e-12  1.89e-06  1454s
 113   4.27465579e+05  4.27458941e+05  2.14e-06 4.77e-12  1.69e-06  1485s
 114   4.27464857e+05  4.27459275e+05  1.76e-06 4.55e-12  1.42e-06  1512s
 115   4.27464331e+05  4.27459616e+05  1.48e-06 2.18e-11  1.20e-06  1542s
 116   4.27463781e+05  4.27460054e+05  1.20e-06 1.82e-12  9.48e-07  1570s
 117   4.27463490e+05  4.27460252e+05  1.05e-06 3.41e-12  8.24e-07  1595s
 118   4.27463319e+05  4.27460327e+05  9.61e-07 6.14e-12  7.61e-07  1619s
 119   4.27463075e+05  4.27460497e+05  8.36e-07 2.73e-12  6.55e-07  1647s
 120   4.27462885e+05  4.27460663e+05  7.46e-07 3.18e-12  5.65e-07  1678s
 121   4.27462831e+05  4.27460733e+05  7.14e-07 3.18e-12  5.33e-07  1713s
 122   4.27462648e+05  4.27460854e+05  6.25e-07 5.46e-12  4.56e-07  1751s
 123   4.27462500e+05  4.27460936e+05  5.49e-07 1.00e-11  3.98e-07  1782s
 124   4.27462419e+05  4.27460996e+05  5.06e-07 5.00e-12  3.62e-07  1820s
 125   4.27462324e+05  4.27461063e+05  4.58e-07 8.64e-12  3.21e-07  1854s
 126   4.27462225e+05  4.27461090e+05  4.04e-07 1.82e-12  2.89e-07  1895s
 127   4.27462144e+05  4.27461152e+05  3.67e-07 4.77e-12  2.52e-07  1940s
 128   4.27462030e+05  4.27461197e+05  3.03e-07 1.14e-12  2.12e-07  1991s
 129   4.27461968e+05  4.27461239e+05  2.72e-07 2.27e-12  1.85e-07  2052s
 130   4.27461918e+05  4.27461258e+05  2.52e-07 6.37e-12  1.68e-07  2102s
 131   4.27461843e+05  4.27461272e+05  2.09e-07 3.66e-10  1.45e-07  2141s
 132   4.27461797e+05  4.27461302e+05  1.85e-07 4.20e-09  1.26e-07  2180s
 133   4.27461743e+05  4.27461319e+05  1.55e-07 3.61e-09  1.08e-07  2247s
 134   4.27461716e+05  4.27461329e+05  1.43e-07 1.57e-08  9.85e-08  2299s
 135   4.27461689e+05  4.27461339e+05  1.27e-07 1.84e-08  8.91e-08  2331s
 136   4.27461675e+05  4.27461349e+05  1.21e-07 6.76e-09  8.28e-08  2378s
 137   4.27461658e+05  4.27461352e+05  1.15e-07 7.36e-09  7.79e-08  2425s
 138   4.27461636e+05  4.27461359e+05  1.01e-07 8.55e-09  7.05e-08  2445s
 139   4.27461626e+05  4.27461362e+05  9.50e-08 2.36e-09  6.70e-08  2467s
 140   4.27461612e+05  4.27461364e+05  9.21e-08 2.27e-09  6.30e-08  2483s
 141   4.27461603e+05  4.27461370e+05  8.27e-08 2.40e-09  5.92e-08  2511s
 142   4.27461572e+05  4.27461384e+05  7.01e-08 9.63e-09  4.79e-08  2535s
 143   4.27461554e+05  4.27461394e+05  6.46e-08 5.91e-08  4.07e-08  2570s
 144   4.27461533e+05  4.27461399e+05  4.62e-08 1.21e-07  3.40e-08  2599s
 145   4.27461521e+05  4.27461402e+05  4.62e-08 1.12e-07  3.01e-08  2630s
 146   4.27461512e+05  4.27461407e+05  3.59e-08 1.29e-07  2.68e-08  2657s
 147   4.27461497e+05  4.27461413e+05  8.95e-08 9.48e-08  2.15e-08  2689s
 148   4.27461487e+05  4.27461416e+05  9.52e-08 7.80e-08  1.79e-08  2725s
 149   4.27461480e+05  4.27461418e+05  8.90e-06 7.21e-08  1.57e-08  2765s
 150   4.27461477e+05  4.27461420e+05  8.27e-06 6.97e-08  1.45e-08  2813s
 151   4.27461469e+05  4.27461421e+05  6.89e-06 6.45e-08  1.23e-08  2840s
 152   4.27461465e+05  4.27461422e+05  6.14e-06 5.96e-08  1.09e-08  2899s
 153   4.27461461e+05  4.27461424e+05  5.30e-06 5.33e-08  9.21e-09  2930s
 154   4.27461458e+05  4.27461426e+05  5.17e-06 4.29e-08  8.20e-09  2970s
 155   4.27461457e+05  4.27461426e+05  4.80e-06 4.12e-08  7.72e-09  2993s
 156   4.27461453e+05  4.27461427e+05  4.02e-06 3.88e-08  6.62e-09  3015s
 157   4.27461450e+05  4.27461428e+05  3.44e-06 3.48e-08  5.66e-09  3045s
 158   4.27461448e+05  4.27461428e+05  3.07e-06 3.29e-08  5.11e-09  3061s
 159   4.27461447e+05  4.27461428e+05  2.90e-06 3.11e-08  4.80e-09  3084s
 160   4.27461447e+05  4.27461429e+05  2.77e-06 2.83e-08  4.50e-09  3102s
 161   4.27461445e+05  4.27461429e+05  2.55e-06 2.70e-08  4.16e-09  3117s
 162   4.27461444e+05  4.27461429e+05  2.33e-06 2.49e-08  3.83e-09  3128s
 163   4.27461443e+05  4.27461429e+05  2.06e-06 2.38e-08  3.44e-09  3154s
 164   4.27461442e+05  4.27461430e+05  1.85e-06 5.41e-08  3.07e-09  3166s
 165   4.27461441e+05  4.27461430e+05  1.73e-06 5.07e-08  2.88e-09  3181s
 166   4.27461440e+05  4.27461430e+05  1.50e-06 4.24e-08  2.48e-09  3214s
 167   4.27461439e+05  4.27461431e+05  1.36e-06 3.84e-08  2.26e-09  3235s
 168   4.27461439e+05  4.27461431e+05  1.20e-06 3.86e-08  1.98e-09  3267s
 169   4.27461438e+05  4.27461431e+05  9.81e-07 3.13e-08  1.63e-09  3283s
 170   4.27461436e+05  4.27461431e+05  7.24e-07 2.75e-08  1.25e-09  3301s
 171   4.27461436e+05  4.27461432e+05  6.59e-07 2.24e-08  1.13e-09  3319s
 172   4.27461436e+05  4.27461432e+05  5.68e-07 1.87e-08  9.68e-10  3334s
 173   4.27461435e+05  4.27461432e+05  4.37e-07 1.64e-08  7.73e-10  3349s
 174   4.27461434e+05  4.27461432e+05  3.42e-07 1.46e-08  6.24e-10  3358s
 175   4.27461434e+05  4.27461432e+05  3.20e-07 1.26e-08  5.73e-10  3375s
 176   4.27461434e+05  4.27461432e+05  2.69e-07 1.16e-08  4.85e-10  3386s
 177   4.27461433e+05  4.27461432e+05  1.53e-07 8.07e-09  2.94e-10  3408s
 178   4.27461433e+05  4.27461432e+05  1.14e-07 7.60e-09  2.05e-10  3422s

Barrier solved model in 178 iterations and 3422.38 seconds (1045.31 work units)
Optimal objective 4.27461433e+05

