
Gurobi 13.0.2 (linux64) logging started Tue Jul 21 11:22:22 2026

Set parameter LogFile to value "outputs/batch_2007_nores_step1/2050_FR_alone/logfile_2050_FR_alone.txt"
Gurobi Optimizer version 13.0.2 build v13.0.2rc1 (linux64 - "CentOS Stream 9")

CPU model: Intel(R) Xeon(R) Gold 6130 CPU @ 2.10GHz, instruction set [SSE2|AVX|AVX2|AVX512]
Thread count: 16 physical cores, 32 logical processors, using up to 32 threads

Non-default parameters:
Method  2
Crossover  0
NumericFocus  3
Presolve  2

Optimize a model with 1007911 rows, 823495 columns and 3925679 nonzeros (Min)
Model fingerprint: 0x94604547
Model has 210275 linear objective coefficients
Coefficient statistics:
  Matrix range     [1e-04, 1e+02]
  Objective range  [6e-04, 3e+03]
  Bounds range     [0e+00, 0e+00]
  RHS range        [7e-02, 1e+05]

Presolve removed 529970 rows and 430000 columns (presolve time = 8s)...
Presolve removed 537995 rows and 438025 columns (presolve time = 10s)...
Presolve removed 709904 rows and 446789 columns
Presolve time: 14.99s
Presolved: 298007 rows, 385466 columns, 1594887 nonzeros
Ordering time: 0.32s

Barrier statistics:
 Dense cols : 26
 AA' NZ     : 1.248e+06
 Factor NZ  : 6.401e+06 (roughly 300 MB of memory)
 Factor Ops : 3.810e+08 (less than 1 second per iteration)
 Threads    : 16

                  Objective                Residual
Iter       Primal          Dual         Primal    Dual     Compl     Time
   0   9.07797825e+07 -6.10502471e+11  1.65e+08 1.08e-13  3.76e+07    17s
   1   9.42191766e+07 -5.23988328e+11  1.58e+08 6.06e+02  3.12e+07    18s
   2   1.03366233e+08 -3.67437118e+11  1.39e+08 2.14e+02  2.15e+07    19s
   3   1.23316505e+08 -2.21992383e+11  1.00e+08 4.26e+01  1.57e+07    22s
   4   1.85328511e+08 -1.19476947e+11  2.60e+07 4.73e+00  4.36e+06    25s
   5   1.89823207e+08 -4.64953552e+10  4.38e+06 6.91e-01  7.55e+05    27s
   6   1.62401597e+08 -2.12613975e+10  1.10e+06 1.43e-01  1.94e+05    29s
   7   1.12522553e+08 -1.20086227e+10  4.18e+05 3.95e-02  7.37e+04    31s
   8   6.62177476e+07 -6.79670849e+09  1.43e+05 1.13e-02  2.68e+04    33s
   9   4.18081470e+07 -4.05130625e+09  5.41e+04 4.30e-03  1.13e+04    34s
  10   3.00367908e+07 -3.81321651e+09  1.22e+04 3.85e-03  6.94e+03    38s
  11   1.45048500e+07 -1.57981446e+09  1.21e+03 6.22e-04  2.46e+03    40s
  12   8.34424355e+06 -2.22525974e+08  1.20e+02 3.29e-09  3.48e+02    43s
  13   1.04026663e+06 -2.22707251e+07  1.33e+01 3.97e-10  3.50e+01    46s
  14   2.73560130e+05 -2.24481595e+06  2.75e+00 1.19e-10  3.78e+00    48s
  15   1.66195887e+05 -4.58382001e+05  1.26e+00 4.65e-11  9.38e-01    49s
  16   1.34151299e+05 -1.97325934e+05  8.16e-01 2.16e-11  4.98e-01    51s
  17   1.03629411e+05 -7.99303525e+04  3.84e-01 1.18e-11  2.76e-01    52s
  18   8.99379046e+04 -2.26567847e+04  2.04e-01 7.87e-12  1.69e-01    56s
  19   8.14094002e+04  6.90289391e+03  1.27e-01 5.44e-12  1.12e-01    58s
  20   7.42001127e+04  2.72563929e+04  8.98e-02 2.99e-12  7.05e-02    61s
  21   7.27961300e+04  3.35757217e+04  8.17e-02 2.40e-12  5.89e-02    64s
  22   7.16595717e+04  3.63344349e+04  7.49e-02 2.10e-12  5.30e-02    67s
  23   6.74392388e+04  4.07566737e+04  5.21e-02 1.68e-12  4.01e-02    70s
  24   6.50743564e+04  4.45831436e+04  4.01e-02 1.13e-12  3.08e-02    72s
  25   6.16321464e+04  4.93249459e+04  2.28e-02 2.27e-12  1.85e-02    76s
  26   5.97667326e+04  5.11390500e+04  1.46e-02 5.20e-13  1.30e-02    80s
  27   5.91664344e+04  5.22740300e+04  1.20e-02 4.49e-13  1.04e-02    83s
  28   5.88341515e+04  5.27504869e+04  1.05e-02 3.42e-13  9.14e-03    85s
  29   5.85078824e+04  5.30730330e+04  8.99e-03 2.32e-13  8.16e-03    87s
  30   5.78977626e+04  5.34754972e+04  6.40e-03 2.50e-12  6.64e-03    90s
  31   5.75715899e+04  5.40938143e+04  5.06e-03 1.85e-13  5.22e-03    95s
  32   5.73249708e+04  5.44386255e+04  4.02e-03 1.59e-12  4.33e-03   100s
  33   5.71657956e+04  5.48852587e+04  3.37e-03 1.11e-13  3.42e-03   103s
  34   5.69882456e+04  5.51667662e+04  2.64e-03 1.33e-13  2.74e-03   106s
  35   5.68461822e+04  5.54707512e+04  2.09e-03 6.31e-14  2.07e-03   111s
  36   5.66925455e+04  5.57029039e+04  1.52e-03 6.75e-14  1.49e-03   116s
  37   5.65959598e+04  5.57830287e+04  1.17e-03 7.02e-14  1.22e-03   120s
  38   5.65563403e+04  5.58670130e+04  1.03e-03 2.05e-12  1.04e-03   123s
  39   5.64770241e+04  5.59446113e+04  7.63e-04 2.50e-12  7.99e-04   127s
  40   5.64279742e+04  5.60500383e+04  6.00e-04 3.55e-14  5.68e-04   130s
  41   5.63987920e+04  5.60916866e+04  5.05e-04 2.27e-13  4.61e-04   134s
  42   5.63731202e+04  5.61091172e+04  4.22e-04 1.14e-12  3.96e-04   139s
  43   5.63524573e+04  5.61343331e+04  3.56e-04 2.27e-13  3.28e-04   145s
  44   5.63402821e+04  5.61453582e+04  3.18e-04 3.46e-14  2.93e-04   151s
  45   5.63255087e+04  5.61645886e+04  2.70e-04 3.20e-14  2.42e-04   158s
  46   5.63059431e+04  5.61825632e+04  2.08e-04 1.95e-14  1.85e-04   163s
  47   5.62875904e+04  5.61936031e+04  1.50e-04 1.87e-14  1.41e-04   169s
  48   5.62780911e+04  5.62067125e+04  1.20e-04 1.82e-12  1.07e-04   174s
  49   5.62729179e+04  5.62103867e+04  1.04e-04 6.82e-13  9.39e-05   179s
  50   5.62665423e+04  5.62139504e+04  8.44e-05 1.36e-12  7.90e-05   185s
  51   5.62639274e+04  5.62186367e+04  7.67e-05 2.50e-12  6.80e-05   189s
  52   5.62606107e+04  5.62207502e+04  6.68e-05 1.74e-13  5.99e-05   198s
  53   5.62561859e+04  5.62220981e+04  5.34e-05 9.09e-13  5.12e-05   203s
  54   5.62554231e+04  5.62236085e+04  5.12e-05 1.07e-13  4.78e-05   207s
  55   5.62533156e+04  5.62251792e+04  4.51e-05 7.46e-14  4.23e-05   214s
  56   5.62515277e+04  5.62270670e+04  3.96e-05 1.21e-13  3.67e-05   221s
  57   5.62495831e+04  5.62291121e+04  3.41e-05 5.68e-14  3.07e-05   227s
  58   5.62490821e+04  5.62300471e+04  3.25e-05 1.78e-15  2.86e-05   232s
  59   5.62456323e+04  5.62315387e+04  2.22e-05 4.55e-13  2.12e-05   237s
  60   5.62447234e+04  5.62323645e+04  1.97e-05 2.27e-13  1.86e-05   244s
  61   5.62440355e+04  5.62333029e+04  1.77e-05 1.35e-13  1.61e-05   253s
  62   5.62433727e+04  5.62345180e+04  1.58e-05 1.14e-12  1.33e-05   262s
  63   5.62427677e+04  5.62348669e+04  1.41e-05 2.50e-12  1.19e-05   269s
  64   5.62421807e+04  5.62351215e+04  1.25e-05 2.73e-12  1.06e-05   273s
  65   5.62418037e+04  5.62354937e+04  1.14e-05 2.05e-12  9.48e-06   277s
  66   5.62411384e+04  5.62357800e+04  9.51e-06 2.27e-13  8.05e-06   285s
  67   5.62408119e+04  5.62360861e+04  8.61e-06 3.18e-12  7.10e-06   293s
  68   5.62406479e+04  5.62364439e+04  8.13e-06 3.38e-14  6.31e-06   299s
  69   5.62402253e+04  5.62365195e+04  6.87e-06 1.36e-12  5.56e-06   303s
  70   5.62400851e+04  5.62365514e+04  6.48e-06 2.27e-13  5.31e-06   307s
  71   5.62397675e+04  5.62366510e+04  5.59e-06 1.02e-12  4.68e-06   312s
  72   5.62393234e+04  5.62368469e+04  4.28e-06 4.97e-14  3.72e-06   318s
  73   5.62385281e+04  5.62370171e+04  1.93e-06 1.02e-12  2.27e-06   323s
  74   5.62384320e+04  5.62371154e+04  1.68e-06 9.09e-13  1.98e-06   330s
  75   5.62383548e+04  5.62371767e+04  1.47e-06 2.27e-12  1.77e-06   333s
  76   5.62383078e+04  5.62372127e+04  1.34e-06 1.42e-14  1.64e-06   337s
  77   5.62382936e+04  5.62372889e+04  1.30e-06 1.46e-13  1.51e-06   342s
  78   5.62381897e+04  5.62373664e+04  1.00e-06 1.95e-14  1.24e-06   347s
  79   5.62381222e+04  5.62374096e+04  8.19e-07 2.66e-14  1.07e-06   354s
  80   5.62381033e+04  5.62374320e+04  7.67e-07 2.73e-12  1.01e-06   362s
  81   5.62380623e+04  5.62374822e+04  6.51e-07 1.07e-13  8.71e-07   367s
  82   5.62380411e+04  5.62375004e+04  5.96e-07 2.27e-12  8.12e-07   373s
  83   5.62380202e+04  5.62375201e+04  5.42e-07 1.24e-14  7.51e-07   379s
  84   5.62380065e+04  5.62375412e+04  5.04e-07 2.27e-12  6.99e-07   385s
  85   5.62379762e+04  5.62375634e+04  4.18e-07 3.73e-14  6.20e-07   390s
  86   5.62379279e+04  5.62376186e+04  2.88e-07 1.36e-12  4.64e-07   394s
  87   5.62378601e+04  5.62376714e+04  1.04e-07 1.14e-12  2.83e-07   398s
  88   5.62378450e+04  5.62376913e+04  1.95e-07 4.76e-12  2.31e-07   402s
  89   5.62378423e+04  5.62377032e+04  3.41e-07 4.77e-12  2.09e-07   405s
  90   5.62378408e+04  5.62377092e+04  3.78e-07 4.88e-12  1.98e-07   406s
  91   5.62378395e+04  5.62377113e+04  3.41e-06 4.67e-12  1.93e-07   408s
  92   5.62378383e+04  5.62377157e+04  3.27e-06 4.36e-12  1.84e-07   411s
  93   5.62378380e+04  5.62377217e+04  3.23e-06 3.69e-12  1.75e-07   414s
  94   5.62378373e+04  5.62377313e+04  3.12e-06 3.31e-12  1.59e-07   417s
  95   5.62378349e+04  5.62377354e+04  1.05e-05 1.97e-12  1.50e-07   419s
  96   5.62378323e+04  5.62377385e+04  8.87e-06 1.16e-12  1.41e-07   421s
  97   5.62378317e+04  5.62377535e+04  8.35e-06 6.82e-13  1.17e-07   426s
  98   5.62378248e+04  5.62378014e+04  5.40e-05 3.75e-12  3.52e-08   428s
  99   5.62378200e+04  5.62378163e+04  7.17e-06 7.39e-13  5.64e-09   431s
 100   5.62378197e+04  5.62378190e+04  3.96e-06 6.87e-14  1.08e-09   432s
 101   5.62378197e+04  5.62378190e+04  3.61e-06 2.01e-09  9.77e-10   435s
 102   5.62378196e+04  5.62378192e+04  2.44e-06 1.37e-08  5.20e-10   436s

Barrier solved model in 102 iterations and 436.34 seconds (96.84 work units)
Optimal objective 5.62378196e+04

