
Gurobi 13.0.2 (linux64) logging started Thu Jul 16 16:11:21 2026

Set parameter LogFile to value "outputs/batch_1007_res/2046_FR_interconnected/logfile_2046_FR_interconnected.txt"
Gurobi Optimizer version 13.0.2 build v13.0.2rc1 (linux64 - "CentOS Stream 9")

CPU model: Intel(R) Xeon(R) Gold 6130 CPU @ 2.10GHz, instruction set [SSE2|AVX|AVX2|AVX512]
Thread count: 16 physical cores, 32 logical processors, using up to 32 threads

Non-default parameters:
Method  2
Crossover  0
NumericFocus  3
Presolve  2

Optimize a model with 9050774 rows, 6658150 columns and 26752093 nonzeros (Min)
Model fingerprint: 0x3d23fa8c
Model has 1393190 linear objective coefficients
Coefficient statistics:
  Matrix range     [1e-04, 1e+02]
  Objective range  [6e-04, 3e+03]
  Bounds range     [0e+00, 0e+00]
  RHS range        [2e-02, 1e+05]

Presolve removed 5502619 rows and 3311566 columns (presolve time = 8s)...
Presolve removed 5502619 rows and 3364130 columns (presolve time = 10s)...
Presolve removed 5765705 rows and 3627167 columns (presolve time = 17s)...
Presolve removed 5765705 rows and 3627167 columns (presolve time = 20s)...
Presolve removed 5765705 rows and 3627167 columns (presolve time = 25s)...
Presolve removed 5765705 rows and 3627167 columns (presolve time = 30s)...
Presolve removed 5765705 rows and 3627167 columns (presolve time = 35s)...
Presolve removed 5765705 rows and 3627167 columns (presolve time = 40s)...
Presolve removed 5765705 rows and 3627167 columns (presolve time = 45s)...
Presolve removed 5765705 rows and 3627167 columns (presolve time = 50s)...
Presolve removed 5765705 rows and 3627167 columns (presolve time = 55s)...
Presolve removed 6501545 rows and 3627167 columns (presolve time = 60s)...
Presolve removed 6589157 rows and 3635957 columns (presolve time = 66s)...
Presolve removed 6589157 rows and 3635957 columns (presolve time = 70s)...
Presolve removed 6589157 rows and 3635957 columns (presolve time = 75s)...
Presolve removed 6589157 rows and 3635957 columns (presolve time = 80s)...
Presolve removed 6589157 rows and 3635957 columns (presolve time = 85s)...
Presolve removed 6589157 rows and 3635957 columns (presolve time = 90s)...
Presolve removed 6589157 rows and 3635957 columns (presolve time = 95s)...
Presolve removed 6589157 rows and 3635957 columns (presolve time = 100s)...
Presolve removed 6589157 rows and 3635957 columns (presolve time = 105s)...
Presolve removed 6597917 rows and 3635957 columns
Presolve time: 108.50s
Presolved: 2452857 rows, 3030953 columns, 10217680 nonzeros
Elapsed ordering time = 8s
Elapsed ordering time = 11s
Elapsed ordering time = 15s
Ordering time: 21.56s

Barrier statistics:
 Dense cols : 95
 AA' NZ     : 6.091e+06
 Factor NZ  : 3.685e+07 (roughly 2.0 GB of memory)
 Factor Ops : 2.893e+09 (less than 1 second per iteration)
 Threads    : 16

                  Objective                Residual
Iter       Primal          Dual         Primal    Dual     Compl     Time
   0   5.21534930e+10 -6.72683240e+11  5.63e+08 3.95e-14  3.01e+07   224s
   1   5.35327842e+10 -3.93983223e+11  5.18e+08 2.06e+02  1.68e+07   230s
   2   7.89736088e+10 -2.69542909e+11  3.97e+08 8.99e+01  1.03e+07   239s
   3   2.00427176e+11 -1.70142346e+11  6.93e+07 2.80e+01  2.35e+06   249s
   4   1.55714274e+11 -5.25729689e+10  1.13e+07 3.41e+00  3.66e+05   259s
   5   6.38829589e+10 -2.68961895e+10  2.19e+06 8.81e-01  8.49e+04   266s
   6   1.72524529e+10 -1.80840724e+10  3.05e+05 4.46e-01  2.39e+04   272s
   7   8.43781456e+09 -1.01222473e+10  8.81e+04 1.92e-01  9.68e+03   277s
   8   3.37896616e+09 -3.37111339e+09  1.12e+04 4.69e-02  2.62e+03   283s
   9   8.37048108e+08 -1.04259490e+09  1.11e+03 1.21e-02  6.40e+02   293s
  10   4.43633826e+08 -1.67837574e+08  4.44e+02 1.03e-03  1.65e+02   300s
  11   1.01909823e+08 -5.53884173e+07  8.76e+01 6.33e-05  3.85e+01   309s
  12   2.57553126e+07 -4.22079077e+07  2.04e+01 3.07e-05  1.62e+01   324s
  13   1.60894618e+07 -2.57343907e+07  1.29e+01 3.25e-05  9.85e+00   334s
  14   1.05823363e+07 -1.45012612e+07  8.75e+00 3.97e-05  5.86e+00   342s
  15   7.01299051e+06 -1.00561265e+07  5.58e+00 1.99e-06  3.97e+00   350s
  16   5.92157023e+06 -7.39629094e+06  4.67e+00 7.28e-14  3.09e+00   358s
  17   4.62550858e+06 -5.13747323e+06  3.56e+00 5.50e-14  2.26e+00   366s
  18   2.82386840e+06 -3.37429098e+06  1.90e+00 2.27e-13  1.43e+00   376s
  19   2.00489855e+06 -2.41703502e+06  1.22e+00 1.36e-12  1.02e+00   385s
  20   1.55948998e+06 -1.46390290e+06  8.34e-01 2.05e-12  6.97e-01   397s
  21   1.28919718e+06 -9.09381524e+05  6.24e-01 1.82e-12  5.07e-01   405s
  22   1.08982256e+06 -6.60703997e+05  4.76e-01 1.40e-14  4.03e-01   417s
  23   9.45355701e+05 -3.75584996e+05  3.67e-01 1.20e-14  3.04e-01   429s
  24   8.43932391e+05 -2.03051152e+05  2.92e-01 9.33e-15  2.41e-01   446s
  25   7.76453540e+05 -7.90931238e+04  2.42e-01 8.44e-15  1.97e-01   463s
  26   7.13364691e+05  1.38155997e+04  1.95e-01 5.55e-15  1.61e-01   482s
  27   6.70793809e+05  5.55424026e+04  1.63e-01 5.25e-15  1.42e-01   496s
  28   6.47798520e+05  9.51078202e+04  1.46e-01 4.55e-13  1.27e-01   515s
  29   6.13296807e+05  1.24539514e+05  1.20e-01 6.82e-13  1.13e-01   535s
  30   5.94009979e+05  1.56858848e+05  1.05e-01 2.27e-13  1.01e-01   553s
  31   5.81131370e+05  1.78861160e+05  9.53e-02 3.77e-15  9.26e-02   567s
  32   5.70975436e+05  1.90145244e+05  8.76e-02 2.50e-12  8.77e-02   581s
  33   5.60903456e+05  2.12840823e+05  7.98e-02 3.50e-15  8.02e-02   597s
  34   5.53226623e+05  2.28679970e+05  7.39e-02 2.27e-13  7.47e-02   612s
  35   5.40315038e+05  2.43199637e+05  6.38e-02 3.39e-15  6.84e-02   628s
  36   5.27810128e+05  2.72653803e+05  5.44e-02 4.55e-13  5.88e-02   645s
  37   5.15313674e+05  2.86328336e+05  4.49e-02 2.89e-15  5.27e-02   661s
  38   5.06373489e+05  3.11905936e+05  3.91e-02 2.39e-15  4.48e-02   677s
  39   5.00067370e+05  3.36744156e+05  3.52e-02 2.16e-15  3.76e-02   692s
  40   4.93462389e+05  3.52752120e+05  3.12e-02 6.82e-13  3.24e-02   708s
  41   4.86517175e+05  3.65458353e+05  2.70e-02 1.65e-15  2.79e-02   726s
  42   4.75999944e+05  3.73970575e+05  2.06e-02 1.69e-15  2.35e-02   740s
  43   4.70691563e+05  3.80368565e+05  1.74e-02 1.78e-15  2.08e-02   756s
  44   4.67733987e+05  3.86487155e+05  1.57e-02 1.82e-12  1.87e-02   770s
  45   4.67289659e+05  3.89996523e+05  1.54e-02 1.14e-12  1.78e-02   785s
  46   4.63526386e+05  3.94277233e+05  1.32e-02 1.36e-12  1.59e-02   801s
  47   4.62169021e+05  3.97897031e+05  1.24e-02 1.36e-12  1.48e-02   816s
  48   4.60904297e+05  4.01937586e+05  1.17e-02 3.25e-15  1.36e-02   831s
  49   4.59692473e+05  4.05183931e+05  1.09e-02 3.36e-15  1.26e-02   846s
  50   4.57407264e+05  4.09090978e+05  9.60e-03 4.09e-12  1.11e-02   861s
  51   4.56262280e+05  4.10656734e+05  8.96e-03 1.82e-12  1.05e-02   876s
  52   4.54813838e+05  4.13026018e+05  8.15e-03 2.27e-12  9.62e-03   892s
  53   4.53472880e+05  4.14923827e+05  7.39e-03 9.09e-13  8.88e-03   905s
  54   4.52177296e+05  4.16266116e+05  6.65e-03 1.36e-12  8.27e-03   921s
  55   4.50862050e+05  4.18799776e+05  5.89e-03 2.70e-15  7.38e-03   937s
  56   4.50172377e+05  4.21430775e+05  5.50e-03 2.27e-12  6.62e-03   949s
  57   4.49239479e+05  4.21951199e+05  4.94e-03 3.02e-15  6.28e-03   960s
  58   4.48300787e+05  4.23546264e+05  4.43e-03 2.91e-15  5.70e-03   975s
  59   4.48037432e+05  4.24614245e+05  4.29e-03 3.18e-12  5.39e-03   989s
  60   4.47266351e+05  4.25722869e+05  3.87e-03 2.73e-12  4.96e-03  1007s
  61   4.46607469e+05  4.26303256e+05  3.50e-03 2.50e-12  4.68e-03  1021s
  62   4.46255383e+05  4.26697763e+05  3.31e-03 3.35e-15  4.50e-03  1037s
  63   4.45693342e+05  4.28027407e+05  2.99e-03 3.14e-15  4.07e-03  1052s
  64   4.45317302e+05  4.28296831e+05  2.78e-03 9.09e-13  3.92e-03  1065s
  65   4.44872307e+05  4.29924223e+05  2.54e-03 6.82e-13  3.44e-03  1078s
  66   4.44496178e+05  4.30765399e+05  2.34e-03 3.64e-12  3.16e-03  1092s
  67   4.44164963e+05  4.31398103e+05  2.15e-03 2.72e-15  2.94e-03  1109s
  68   4.43672666e+05  4.32227933e+05  1.89e-03 9.09e-13  2.64e-03  1130s
  69   4.43234610e+05  4.33123949e+05  1.64e-03 1.14e-12  2.33e-03  1148s
  70   4.42864447e+05  4.33483938e+05  1.44e-03 3.10e-15  2.16e-03  1167s
  71   4.42610211e+05  4.33786818e+05  1.31e-03 2.94e-15  2.03e-03  1186s
  72   4.42459147e+05  4.34228559e+05  1.23e-03 2.27e-13  1.90e-03  1206s
  73   4.42364373e+05  4.34338829e+05  1.18e-03 3.21e-15  1.85e-03  1218s
  74   4.42215973e+05  4.34757975e+05  1.11e-03 4.55e-13  1.72e-03  1237s
  75   4.42066835e+05  4.35191866e+05  1.02e-03 6.82e-13  1.58e-03  1255s
  76   4.41886870e+05  4.35502729e+05  9.29e-04 2.75e-15  1.47e-03  1275s
  77   4.41745525e+05  4.35865271e+05  8.55e-04 2.93e-15  1.35e-03  1292s
  78   4.41673956e+05  4.36057442e+05  8.17e-04 1.36e-12  1.29e-03  1307s
  79   4.41572070e+05  4.36340919e+05  7.64e-04 1.14e-12  1.20e-03  1327s
  80   4.41459103e+05  4.36545354e+05  7.05e-04 9.09e-13  1.13e-03  1346s
  81   4.41345486e+05  4.36713553e+05  6.45e-04 3.37e-15  1.07e-03  1363s
  82   4.41193771e+05  4.37170136e+05  5.65e-04 3.75e-15  9.27e-04  1378s
  83   4.41115972e+05  4.37247704e+05  5.26e-04 3.85e-15  8.91e-04  1390s
  84   4.41046567e+05  4.37531492e+05  4.92e-04 2.27e-13  8.09e-04  1410s
  85   4.41003152e+05  4.37594135e+05  4.71e-04 3.70e-15  7.85e-04  1428s
  86   4.40941486e+05  4.37683248e+05  4.40e-04 2.80e-15  7.50e-04  1447s
  87   4.40879816e+05  4.37872346e+05  4.10e-04 3.11e-15  6.93e-04  1466s
  88   4.40780727e+05  4.38120071e+05  3.61e-04 6.82e-13  6.13e-04  1485s
  89   4.40691890e+05  4.38294210e+05  3.17e-04 2.56e-15  5.52e-04  1502s
  90   4.40610869e+05  4.38595851e+05  2.77e-04 4.77e-12  4.64e-04  1522s
  91   4.40543415e+05  4.38779809e+05  2.46e-04 2.39e-15  4.06e-04  1540s
  92   4.40490188e+05  4.38905393e+05  2.21e-04 2.66e-15  3.65e-04  1558s
  93   4.40447599e+05  4.38986158e+05  2.02e-04 9.09e-13  3.37e-04  1574s
  94   4.40400121e+05  4.39076978e+05  1.82e-04 4.81e-15  3.05e-04  1591s
  95   4.40373842e+05  4.39179111e+05  1.70e-04 2.27e-12  2.75e-04  1609s
  96   4.40339740e+05  4.39215284e+05  1.56e-04 2.50e-12  2.59e-04  1628s
  97   4.40299755e+05  4.39281149e+05  1.39e-04 6.82e-13  2.35e-04  1643s
  98   4.40275059e+05  4.39298025e+05  1.29e-04 2.81e-15  2.25e-04  1655s
  99   4.40251839e+05  4.39339447e+05  1.19e-04 3.07e-15  2.10e-04  1667s
 100   4.40215897e+05  4.39400861e+05  1.04e-04 2.44e-15  1.88e-04  1683s
 101   4.40192467e+05  4.39481102e+05  9.43e-05 2.65e-15  1.64e-04  1701s
 102   4.40169180e+05  4.39528548e+05  8.51e-05 2.47e-15  1.48e-04  1718s
 103   4.40151379e+05  4.39552858e+05  7.79e-05 2.55e-15  1.38e-04  1737s
 104   4.40132932e+05  4.39604720e+05  7.06e-05 2.33e-15  1.22e-04  1758s
 105   4.40120697e+05  4.39630379e+05  6.57e-05 1.14e-12  1.13e-04  1777s
 106   4.40107057e+05  4.39659902e+05  6.05e-05 3.55e-15  1.03e-04  1802s
 107   4.40094828e+05  4.39689584e+05  5.59e-05 2.27e-13  9.33e-05  1834s
 108   4.40080653e+05  4.39709834e+05  5.05e-05 1.82e-12  8.54e-05  1862s
 109   4.40071169e+05  4.39727886e+05  4.69e-05 1.82e-12  7.90e-05  1883s
 110   4.40062149e+05  4.39743837e+05  4.36e-05 7.11e-15  7.33e-05  1904s
 111   4.40056689e+05  4.39758256e+05  4.15e-05 1.59e-12  6.87e-05  1926s
 112   4.40046446e+05  4.39770628e+05  3.76e-05 3.55e-15  6.35e-05  1952s
 113   4.40039033e+05  4.39805660e+05  3.48e-05 2.05e-12  5.37e-05  1976s
 114   4.40029962e+05  4.39815325e+05  3.15e-05 2.66e-15  4.94e-05  2000s
 115   4.40019361e+05  4.39823276e+05  2.76e-05 4.55e-15  4.52e-05  2027s
 116   4.40013766e+05  4.39832257e+05  2.56e-05 1.59e-12  4.18e-05  2056s
 117   4.40010000e+05  4.39838886e+05  2.42e-05 2.27e-13  3.94e-05  2083s
 118   4.40007564e+05  4.39849856e+05  2.33e-05 2.27e-13  3.63e-05  2108s
 119   4.39999764e+05  4.39856363e+05  2.04e-05 2.73e-12  3.30e-05  2133s
 120   4.39995110e+05  4.39865350e+05  1.87e-05 3.63e-15  2.99e-05  2158s
 121   4.39989795e+05  4.39873556e+05  1.68e-05 2.50e-15  2.68e-05  2185s
 122   4.39983712e+05  4.39877813e+05  1.47e-05 2.76e-15  2.44e-05  2214s
 123   4.39979341e+05  4.39884321e+05  1.31e-05 9.09e-13  2.19e-05  2238s
 124   4.39975591e+05  4.39890807e+05  1.17e-05 1.14e-12  1.95e-05  2268s
 125   4.39973678e+05  4.39895196e+05  1.10e-05 2.50e-12  1.81e-05  2298s
 126   4.39970797e+05  4.39903771e+05  1.00e-05 3.03e-15  1.54e-05  2328s
 127   4.39966110e+05  4.39912315e+05  8.38e-06 3.64e-12  1.24e-05  2354s
 128   4.39963931e+05  4.39913696e+05  7.66e-06 4.55e-13  1.16e-05  2382s
 129   4.39962719e+05  4.39914727e+05  7.26e-06 7.47e-15  1.11e-05  2406s
 130   4.39959388e+05  4.39917742e+05  6.12e-06 3.55e-15  9.59e-06  2430s
 131   4.39958280e+05  4.39919050e+05  5.76e-06 4.77e-12  9.03e-06  2451s
 132   4.39956421e+05  4.39920484e+05  5.14e-06 1.82e-12  8.27e-06  2483s
 133   4.39955117e+05  4.39924381e+05  4.65e-06 2.39e-15  7.08e-06  2516s
 134   4.39953445e+05  4.39925433e+05  4.09e-06 3.58e-15  6.45e-06  2552s
 135   4.39951859e+05  4.39925909e+05  3.58e-06 1.14e-12  5.98e-06  2587s
 136   4.39951054e+05  4.39926508e+05  3.33e-06 2.27e-13  5.65e-06  2607s
 137   4.39949885e+05  4.39929293e+05  2.95e-06 1.06e-14  4.74e-06  2632s
 138   4.39949139e+05  4.39930069e+05  2.68e-06 2.50e-12  4.39e-06  2662s
 139   4.39948836e+05  4.39930499e+05  2.61e-06 9.40e-15  4.22e-06  2692s
 140   4.39947600e+05  4.39931561e+05  2.20e-06 2.27e-13  3.69e-06  2725s
 141   4.39947357e+05  4.39932184e+05  2.13e-06 7.39e-15  3.49e-06  2748s
 142   4.39946182e+05  4.39932559e+05  1.79e-06 6.24e-15  3.14e-06  2779s
 143   4.39945858e+05  4.39933889e+05  1.70e-06 2.96e-12  2.76e-06  2823s
 144   4.39945054e+05  4.39934562e+05  1.43e-06 4.71e-15  2.42e-06  2874s
 145   4.39944415e+05  4.39935141e+05  1.42e-06 5.69e-09  2.14e-06  2909s
 146   4.39943797e+05  4.39935788e+05  9.97e-07 4.99e-09  1.84e-06  2939s
 147   4.39943526e+05  4.39936972e+05  8.65e-07 8.43e-09  1.51e-06  2974s
 148   4.39943197e+05  4.39937337e+05  7.56e-07 7.63e-09  1.35e-06  3004s
 149   4.39943038e+05  4.39937535e+05  7.36e-07 7.25e-09  1.27e-06  3034s
 150   4.39942769e+05  4.39937753e+05  6.39e-07 7.53e-09  1.15e-06  3050s
 151   4.39942618e+05  4.39937852e+05  5.76e-07 7.49e-09  1.10e-06  3073s
 152   4.39942410e+05  4.39938295e+05  5.10e-07 6.22e-09  9.48e-07  3097s
 153   4.39942055e+05  4.39938444e+05  3.69e-07 5.86e-09  8.31e-07  3122s
 154   4.39941939e+05  4.39938845e+05  3.20e-07 3.74e-10  7.12e-07  3148s
 155   4.39941841e+05  4.39939020e+05  3.02e-07 3.38e-10  6.50e-07  3170s
 156   4.39941782e+05  4.39939124e+05  2.93e-07 2.87e-10  6.12e-07  3198s
 157   4.39941705e+05  4.39939167e+05  2.75e-07 2.84e-10  5.84e-07  3219s
 158   4.39941612e+05  4.39939334e+05  2.60e-07 2.58e-10  5.25e-07  3249s
 159   4.39941434e+05  4.39939454e+05  2.56e-07 2.56e-10  4.56e-07  3276s
 160   4.39941267e+05  4.39939528e+05  1.76e-07 2.09e-10  4.00e-07  3303s
 161   4.39941183e+05  4.39939579e+05  1.65e-07 1.29e-09  3.69e-07  3334s
 162   4.39941122e+05  4.39939627e+05  1.48e-07 1.70e-09  3.44e-07  3355s
 163   4.39941079e+05  4.39939794e+05  1.32e-07 3.14e-10  2.96e-07  3384s
 164   4.39941067e+05  4.39939863e+05  1.42e-07 2.69e-10  2.77e-07  3409s
 165   4.39941006e+05  4.39939921e+05  1.22e-07 6.34e-09  2.50e-07  3434s
 166   4.39940952e+05  4.39940006e+05  9.91e-08 5.82e-09  2.18e-07  3457s
 167   4.39940920e+05  4.39940062e+05  1.68e-07 2.85e-09  1.98e-07  3479s
 168   4.39940896e+05  4.39940109e+05  1.59e-07 2.90e-09  1.81e-07  3502s
 169   4.39940887e+05  4.39940156e+05  1.67e-07 4.46e-09  1.68e-07  3526s
 170   4.39940859e+05  4.39940167e+05  1.86e-07 4.78e-09  1.59e-07  3545s
 171   4.39940848e+05  4.39940173e+05  2.04e-07 5.68e-09  1.55e-07  3575s
 172   4.39940801e+05  4.39940227e+05  2.41e-07 7.61e-09  1.32e-07  3599s
 173   4.39940758e+05  4.39940289e+05  1.95e-07 7.14e-09  1.08e-07  3627s
 174   4.39940736e+05  4.39940326e+05  1.71e-07 6.03e-09  9.44e-08  3654s
 175   4.39940725e+05  4.39940369e+05  1.36e-07 6.50e-09  8.18e-08  3682s
 176   4.39940704e+05  4.39940387e+05  1.43e-07 6.25e-09  7.29e-08  3709s
 177   4.39940684e+05  4.39940404e+05  1.28e-07 5.50e-09  6.46e-08  3738s
 178   4.39940681e+05  4.39940420e+05  1.22e-07 5.24e-09  6.01e-08  3750s
 179   4.39940679e+05  4.39940429e+05  1.08e-07 4.75e-09  5.76e-08  3771s
 180   4.39940667e+05  4.39940435e+05  1.13e-07 4.72e-09  5.36e-08  3795s
 181   4.39940661e+05  4.39940439e+05  7.76e-08 4.88e-09  5.11e-08  3813s
 182   4.39940656e+05  4.39940446e+05  8.52e-08 4.57e-09  4.85e-08  3827s
 183   4.39940649e+05  4.39940455e+05  7.19e-08 4.03e-09  4.47e-08  3857s
 184   4.39940644e+05  4.39940460e+05  6.07e-08 2.95e-09  4.25e-08  3880s
 185   4.39940636e+05  4.39940465e+05  6.75e-08 2.76e-09  3.93e-08  3899s
 186   4.39940626e+05  4.39940471e+05  3.29e-08 2.61e-09  3.57e-08  3923s
 187   4.39940618e+05  4.39940489e+05  5.89e-08 7.84e-09  2.97e-08  3944s
 188   4.39940606e+05  4.39940493e+05  4.23e-08 7.55e-09  2.60e-08  3966s
 189   4.39940602e+05  4.39940495e+05  5.01e-08 7.40e-09  2.46e-08  3991s
 190   4.39940599e+05  4.39940500e+05  3.26e-08 6.70e-09  2.27e-08  4012s
 191   4.39940595e+05  4.39940505e+05  4.61e-08 6.10e-09  2.07e-08  4034s
 192   4.39940594e+05  4.39940508e+05  4.69e-08 5.85e-09  1.98e-08  4048s
 193   4.39940590e+05  4.39940513e+05  5.75e-08 5.22e-09  1.79e-08  4075s
 194   4.39940588e+05  4.39940516e+05  6.11e-08 4.82e-09  1.66e-08  4100s
 195   4.39940585e+05  4.39940520e+05  2.99e-08 4.46e-09  1.52e-08  4124s
 196   4.39940583e+05  4.39940522e+05  2.58e-08 4.18e-09  1.42e-08  4149s
 197   4.39940581e+05  4.39940524e+05  1.38e-07 2.97e-09  1.33e-08  4177s
 198   4.39940580e+05  4.39940526e+05  5.44e-06 1.62e-08  1.23e-08  4207s
 199   4.39940577e+05  4.39940529e+05  4.79e-06 1.73e-08  1.10e-08  4237s
 200   4.39940575e+05  4.39940530e+05  4.43e-06 1.36e-08  1.03e-08  4251s
 201   4.39940573e+05  4.39940531e+05  4.06e-06 1.33e-08  9.68e-09  4262s
 202   4.39940572e+05  4.39940532e+05  3.84e-06 1.30e-08  9.12e-09  4280s
 203   4.39940570e+05  4.39940535e+05  3.39e-06 1.61e-08  8.02e-09  4322s
 204   4.39940568e+05  4.39940536e+05  2.91e-06 1.35e-08  7.19e-09  4355s
 205   4.39940566e+05  4.39940538e+05  2.63e-06 1.27e-08  6.46e-09  4378s
 206   4.39940565e+05  4.39940540e+05  2.43e-06 1.49e-08  5.87e-09  4410s
 207   4.39940564e+05  4.39940541e+05  2.23e-06 1.40e-08  5.40e-09  4445s
 208   4.39940563e+05  4.39940541e+05  2.99e-05 1.31e-08  4.92e-09  4483s
 209   4.39940562e+05  4.39940542e+05  2.66e-05 1.20e-08  4.48e-09  4499s
 210   4.39940561e+05  4.39940543e+05  2.48e-05 1.12e-08  4.11e-09  4515s
 211   4.39940560e+05  4.39940544e+05  2.22e-05 1.18e-08  3.72e-09  4532s
 212   4.39940560e+05  4.39940545e+05  2.11e-05 1.28e-08  3.46e-09  4562s
 213   4.39940560e+05  4.39940546e+05  1.98e-05 1.49e-08  3.12e-09  4596s
 214   4.39940559e+05  4.39940547e+05  1.82e-05 1.31e-08  2.89e-09  4619s
 215   4.39940558e+05  4.39940547e+05  1.63e-05 1.21e-08  2.66e-09  4666s
 216   4.39940558e+05  4.39940547e+05  1.53e-05 1.13e-08  2.50e-09  4681s

Barrier solved model in 216 iterations and 4680.67 seconds (1455.88 work units)
Optimal objective 4.39940558e+05


Gurobi 13.0.2 (linux64) logging started Fri Jul 17 06:56:18 2026

Set parameter LogFile to value "outputs/batch_1007_res/2046_FR_interconnected/logfile_2046_FR_interconnected.txt"
Gurobi Optimizer version 13.0.2 build v13.0.2rc1 (linux64 - "CentOS Stream 9")

CPU model: Intel(R) Xeon(R) Gold 6130 CPU @ 2.10GHz, instruction set [SSE2|AVX|AVX2|AVX512]
Thread count: 16 physical cores, 32 logical processors, using up to 32 threads

Non-default parameters:
Method  2
Crossover  0
NumericFocus  3
Presolve  2

Optimize a model with 9050784 rows, 6658150 columns and 26699543 nonzeros (Min)
Model fingerprint: 0x963b8ccc
Model has 1393190 linear objective coefficients
Coefficient statistics:
  Matrix range     [1e-04, 1e+02]
  Objective range  [6e-04, 3e+03]
  Bounds range     [0e+00, 0e+00]
  RHS range        [2e-02, 1e+05]

Presolve removed 5598989 rows and 3591886 columns (presolve time = 5s)...
Presolve removed 5923395 rows and 3907487 columns (presolve time = 11s)...
Presolve removed 5923395 rows and 3907487 columns (presolve time = 15s)...
Presolve removed 5923395 rows and 3907487 columns (presolve time = 20s)...
Presolve removed 5923395 rows and 3907487 columns (presolve time = 25s)...
Presolve removed 5923395 rows and 3907487 columns (presolve time = 30s)...
Presolve removed 6632955 rows and 3907487 columns (presolve time = 35s)...
Presolve removed 6720567 rows and 3916277 columns (presolve time = 40s)...
Presolve removed 6720567 rows and 3916277 columns (presolve time = 45s)...
Presolve removed 6720567 rows and 3916277 columns (presolve time = 50s)...
Presolve removed 6720567 rows and 3916277 columns (presolve time = 55s)...
Presolve removed 6720567 rows and 3916277 columns (presolve time = 60s)...
Presolve removed 6729327 rows and 3916277 columns
Presolve time: 62.87s
Presolved: 2321457 rows, 2750633 columns, 9315400 nonzeros
Elapsed ordering time = 6s
Elapsed ordering time = 10s
Ordering time: 14.89s

Barrier statistics:
 Dense cols : 95
 AA' NZ     : 5.228e+06
 Factor NZ  : 3.340e+07 (roughly 2.0 GB of memory)
 Factor Ops : 2.458e+09 (less than 1 second per iteration)
 Threads    : 16

                  Objective                Residual
Iter       Primal          Dual         Primal    Dual     Compl     Time
   0   3.29335002e+08 -1.61185933e+11  1.10e+08 1.82e-14  6.74e+06   120s
   1   3.48148647e+08 -1.06306692e+11  1.03e+08 3.33e+02  4.45e+06   123s
   2   4.38609740e+08 -7.28403959e+10  7.50e+07 1.22e+02  2.62e+06   127s
   3   6.42784199e+08 -4.35889718e+10  1.42e+07 1.12e+01  5.01e+05   133s
   4   6.45392359e+08 -2.07097978e+10  2.08e+06 1.41e+00  7.87e+04   137s
   5   5.64083320e+08 -8.62060202e+09  3.29e+05 1.77e-01  1.30e+04   140s
   6   3.16517480e+08 -3.55629860e+09  5.00e+04 4.40e-02  2.44e+03   144s
   7   1.42027845e+08 -3.05536496e+09  8.58e+03 3.53e-02  1.18e+03   147s
   8   8.18746076e+07 -7.58558282e+08  1.66e+03 4.70e-03  2.62e+02   151s
   9   3.23199965e+07 -2.60748222e+08  1.86e+02 4.79e-04  8.08e+01   158s
  10   1.77094193e+07 -2.16835661e+08  5.71e+01 1.78e-04  6.26e+01   162s
  11   9.01908246e+06 -4.72952449e+07  1.41e+01 1.06e-11  1.46e+01   169s
  12   4.77838584e+06 -2.09559356e+07  6.10e+00 1.18e-11  6.61e+00   179s
  13   3.31479486e+06 -9.47137095e+06  3.66e+00 2.96e-12  3.27e+00   188s
  14   2.39523703e+06 -6.52979596e+06  2.31e+00 8.19e-12  2.28e+00   194s
  15   1.82181866e+06 -3.96999158e+06  1.58e+00 4.55e-12  1.48e+00   200s
  16   1.51167177e+06 -2.42973717e+06  1.20e+00 5.91e-12  1.00e+00   206s
  17   1.30993979e+06 -1.63801244e+06  9.61e-01 5.00e-12  7.51e-01   211s
  18   1.13936306e+06 -9.75345646e+05  7.66e-01 3.64e-12  5.38e-01   219s
  19   1.03213854e+06 -7.31007488e+05  6.49e-01 4.32e-12  4.49e-01   227s
  20   8.63871212e+05 -5.08616307e+05  4.62e-01 8.19e-12  3.49e-01   236s
  21   7.90161372e+05 -3.20458999e+05  3.80e-01 9.09e-12  2.83e-01   246s
  22   7.39193174e+05 -2.10550003e+05  3.23e-01 9.09e-12  2.42e-01   261s
  23   6.98161759e+05 -1.21250260e+05  2.76e-01 5.46e-12  2.08e-01   275s
  24   6.83426036e+05 -5.06932405e+04  2.59e-01 8.19e-12  1.87e-01   285s
  25   6.48220035e+05  1.79637668e+04  2.18e-01 4.55e-12  1.60e-01   300s
  26   6.11383439e+05  8.56083856e+04  1.75e-01 4.32e-12  1.34e-01   314s
  27   5.86602745e+05  1.49592597e+05  1.47e-01 1.82e-12  1.11e-01   327s
  28   5.73089872e+05  1.80228803e+05  1.31e-01 5.46e-12  9.99e-02   344s
  29   5.59812007e+05  2.15341474e+05  1.16e-01 9.09e-13  8.76e-02   359s
  30   5.38073518e+05  2.47723264e+05  9.09e-02 3.64e-12  7.38e-02   375s
  31   5.28077614e+05  2.71979364e+05  7.97e-02 1.36e-11  6.51e-02   387s
  32   5.13219132e+05  2.98110230e+05  6.36e-02 5.46e-12  5.47e-02   401s
  33   5.02794162e+05  3.09853632e+05  5.28e-02 4.55e-12  4.91e-02   414s
  34   4.94617588e+05  3.27616851e+05  4.51e-02 3.18e-12  4.25e-02   428s
  35   4.86233389e+05  3.40705489e+05  3.71e-02 2.96e-12  3.70e-02   443s
  36   4.76749689e+05  3.60853028e+05  2.91e-02 2.96e-12  2.95e-02   456s
  37   4.67862176e+05  3.75563218e+05  2.17e-02 6.37e-12  2.35e-02   468s
  38   4.61010676e+05  3.91408874e+05  1.62e-02 4.09e-12  1.77e-02   482s
  39   4.57285414e+05  3.99641004e+05  1.35e-02 2.50e-12  1.47e-02   492s
  40   4.55338070e+05  4.04400252e+05  1.21e-02 3.41e-12  1.30e-02   504s
  41   4.54100290e+05  4.07570251e+05  1.12e-02 9.09e-12  1.18e-02   517s
  42   4.51109115e+05  4.11112448e+05  9.11e-03 2.96e-12  1.02e-02   531s
  43   4.49580273e+05  4.15813316e+05  8.04e-03 7.73e-12  8.59e-03   543s
  44   4.48151859e+05  4.17883319e+05  7.07e-03 3.87e-12  7.70e-03   560s
  45   4.47550970e+05  4.18788025e+05  6.67e-03 2.27e-12  7.31e-03   571s
  46   4.46448945e+05  4.20546661e+05  5.93e-03 3.64e-12  6.59e-03   583s
  47   4.45740781e+05  4.21730976e+05  5.44e-03 3.87e-12  6.11e-03   598s
  48   4.45389219e+05  4.22940750e+05  5.20e-03 4.77e-12  5.71e-03   614s
  49   4.43996371e+05  4.24202270e+05  4.24e-03 3.64e-12  5.03e-03   628s
  50   4.43324485e+05  4.25781395e+05  3.78e-03 3.87e-12  4.46e-03   642s
  51   4.42961517e+05  4.26701337e+05  3.53e-03 5.46e-12  4.14e-03   654s
  52   4.42459880e+05  4.27608093e+05  3.18e-03 5.23e-12  3.78e-03   670s
  53   4.41775625e+05  4.28565943e+05  2.69e-03 7.28e-12  3.36e-03   686s
  54   4.41437479e+05  4.28769720e+05  2.46e-03 5.46e-12  3.22e-03   698s
  55   4.41109701e+05  4.29891941e+05  2.24e-03 3.18e-12  2.85e-03   713s
  56   4.40744574e+05  4.30288812e+05  1.99e-03 4.77e-12  2.66e-03   728s
  57   4.40589575e+05  4.31018712e+05  1.89e-03 4.55e-12  2.43e-03   741s
  58   4.40266210e+05  4.31552074e+05  1.68e-03 1.27e-11  2.22e-03   754s
  59   4.40066695e+05  4.32628927e+05  1.55e-03 1.59e-12  1.89e-03   767s
  60   4.39690592e+05  4.33227531e+05  1.30e-03 2.96e-12  1.64e-03   778s
  61   4.39528219e+05  4.33694085e+05  1.20e-03 7.28e-12  1.48e-03   793s
  62   4.39433083e+05  4.33808611e+05  1.14e-03 2.27e-12  1.43e-03   804s
  63   4.39348709e+05  4.33964695e+05  1.09e-03 1.14e-12  1.37e-03   819s
  64   4.39174713e+05  4.34277509e+05  9.83e-04 9.09e-13  1.25e-03   832s
  65   4.39068014e+05  4.34609418e+05  9.18e-04 1.36e-11  1.13e-03   844s
  66   4.38993707e+05  4.34830845e+05  8.73e-04 2.96e-12  1.06e-03   858s
  67   4.38885318e+05  4.34955054e+05  8.08e-04 3.18e-12  1.00e-03   874s
  68   4.38819173e+05  4.35080343e+05  7.68e-04 3.87e-12  9.51e-04   888s
  69   4.38662509e+05  4.35473003e+05  6.73e-04 4.55e-12  8.11e-04   902s
  70   4.38511036e+05  4.35731660e+05  5.83e-04 5.46e-12  7.07e-04   915s
  71   4.38444892e+05  4.35988928e+05  5.42e-04 4.77e-12  6.25e-04   929s
  72   4.38342225e+05  4.36227841e+05  4.79e-04 3.41e-12  5.38e-04   943s
  73   4.38232529e+05  4.36501997e+05  4.16e-04 3.87e-12  4.40e-04   957s
  74   4.38146753e+05  4.36588355e+05  3.68e-04 2.50e-12  3.96e-04   973s
  75   4.38095500e+05  4.36706623e+05  3.39e-04 3.64e-12  3.53e-04   987s
  76   4.38061130e+05  4.36762411e+05  3.19e-04 1.09e-11  3.30e-04   998s
  77   4.38001995e+05  4.36811839e+05  2.87e-04 5.23e-12  3.03e-04  1014s
  78   4.37954403e+05  4.36879200e+05  2.60e-04 2.73e-12  2.73e-04  1028s
  79   4.37915581e+05  4.36987537e+05  2.38e-04 4.09e-12  2.36e-04  1042s
  80   4.37866018e+05  4.37035457e+05  2.10e-04 1.36e-12  2.11e-04  1055s
  81   4.37837001e+05  4.37086163e+05  1.94e-04 8.64e-12  1.91e-04  1071s
  82   4.37801777e+05  4.37109559e+05  1.76e-04 3.87e-12  1.76e-04  1086s
  83   4.37771406e+05  4.37129345e+05  1.59e-04 1.09e-11  1.63e-04  1102s
  84   4.37751107e+05  4.37181362e+05  1.48e-04 5.46e-12  1.45e-04  1118s
  85   4.37731420e+05  4.37210699e+05  1.37e-04 2.73e-12  1.32e-04  1134s
  86   4.37702553e+05  4.37250161e+05  1.22e-04 6.59e-12  1.15e-04  1149s
  87   4.37682424e+05  4.37268374e+05  1.11e-04 3.64e-12  1.05e-04  1162s
  88   4.37665438e+05  4.37283230e+05  1.02e-04 2.05e-12  9.72e-05  1178s
  89   4.37652259e+05  4.37295317e+05  9.46e-05 7.28e-12  9.08e-05  1193s
  90   4.37636677e+05  4.37309364e+05  8.63e-05 4.77e-12  8.32e-05  1210s
  91   4.37627791e+05  4.37321872e+05  8.16e-05 4.77e-12  7.78e-05  1228s
  92   4.37617241e+05  4.37333764e+05  7.60e-05 9.09e-12  7.21e-05  1244s
  93   4.37607282e+05  4.37339136e+05  7.06e-05 2.73e-12  6.82e-05  1261s
  94   4.37597027e+05  4.37349852e+05  6.53e-05 2.73e-12  6.29e-05  1277s
  95   4.37588871e+05  4.37358107e+05  6.08e-05 2.27e-12  5.87e-05  1291s
  96   4.37580067e+05  4.37367175e+05  5.61e-05 4.55e-12  5.41e-05  1302s
  97   4.37571781e+05  4.37374106e+05  5.15e-05 4.55e-12  5.03e-05  1315s
  98   4.37561158e+05  4.37392337e+05  4.59e-05 5.00e-12  4.29e-05  1328s
  99   4.37552197e+05  4.37399486e+05  4.13e-05 1.36e-12  3.88e-05  1345s
 100   4.37546342e+05  4.37410299e+05  3.82e-05 2.27e-12  3.46e-05  1361s
 101   4.37536793e+05  4.37417902e+05  3.33e-05 4.77e-12  3.02e-05  1375s
 102   4.37528706e+05  4.37422229e+05  2.90e-05 1.27e-11  2.71e-05  1389s
 103   4.37524549e+05  4.37430164e+05  2.69e-05 2.27e-12  2.40e-05  1403s
 104   4.37522710e+05  4.37430984e+05  2.60e-05 4.77e-12  2.33e-05  1414s
 105   4.37518329e+05  4.37435718e+05  2.37e-05 5.00e-12  2.10e-05  1430s
 106   4.37511983e+05  4.37439596e+05  2.04e-05 3.87e-12  1.84e-05  1445s
 107   4.37507104e+05  4.37442594e+05  1.79e-05 8.19e-12  1.64e-05  1468s
 108   4.37503348e+05  4.37447409e+05  1.60e-05 6.59e-12  1.42e-05  1491s
 109   4.37500558e+05  4.37448809e+05  1.46e-05 4.09e-12  1.32e-05  1512s
 110   4.37496589e+05  4.37453278e+05  1.25e-05 5.00e-12  1.10e-05  1538s
 111   4.37494075e+05  4.37455921e+05  1.12e-05 3.18e-12  9.70e-06  1564s
 112   4.37492366e+05  4.37457246e+05  1.03e-05 3.64e-12  8.93e-06  1585s
 113   4.37489622e+05  4.37458398e+05  8.92e-06 2.73e-12  7.94e-06  1609s
 114   4.37488655e+05  4.37459877e+05  8.43e-06 3.41e-12  7.32e-06  1632s
 115   4.37486048e+05  4.37460915e+05  7.16e-06 4.55e-12  6.39e-06  1658s
 116   4.37484306e+05  4.37462485e+05  6.27e-06 4.55e-12  5.55e-06  1684s
 117   4.37483232e+05  4.37463328e+05  5.71e-06 5.46e-12  5.06e-06  1708s
 118   4.37481459e+05  4.37464047e+05  4.83e-06 4.09e-12  4.43e-06  1733s
 119   4.37480092e+05  4.37465052e+05  4.15e-06 2.27e-12  3.82e-06  1758s
 120   4.37478453e+05  4.37465857e+05  3.31e-06 4.77e-12  3.20e-06  1786s
 121   4.37477904e+05  4.37466501e+05  3.05e-06 2.05e-12  2.90e-06  1810s
 122   4.37477004e+05  4.37467602e+05  2.59e-06 3.64e-12  2.39e-06  1841s
 123   4.37476345e+05  4.37468489e+05  2.27e-06 2.96e-12  2.00e-06  1870s
 124   4.37475381e+05  4.37469089e+05  1.79e-06 2.05e-12  1.60e-06  1895s
 125   4.37474925e+05  4.37469552e+05  1.56e-06 1.36e-11  1.37e-06  1918s
 126   4.37474390e+05  4.37469832e+05  1.30e-06 2.73e-12  1.16e-06  1949s
 127   4.37474166e+05  4.37470062e+05  1.19e-06 5.46e-12  1.04e-06  1988s
 128   4.37473963e+05  4.37470170e+05  1.09e-06 7.28e-12  9.64e-07  2024s
 129   4.37473609e+05  4.37470379e+05  9.23e-07 2.96e-12  8.22e-07  2059s
 130   4.37473300e+05  4.37470550e+05  7.72e-07 2.50e-12  6.99e-07  2096s
 131   4.37473187e+05  4.37470808e+05  7.15e-07 1.27e-11  6.05e-07  2132s
 132   4.37472925e+05  4.37470969e+05  5.87e-07 3.87e-12  4.97e-07  2168s
 133   4.37472671e+05  4.37471129e+05  4.65e-07 2.50e-12  3.92e-07  2200s
 134   4.37472506e+05  4.37471219e+05  3.87e-07 4.09e-12  3.27e-07  2238s
 135   4.37472403e+05  4.37471270e+05  3.37e-07 1.27e-11  2.88e-07  2273s
 136   4.37472313e+05  4.37471349e+05  2.91e-07 2.73e-12  2.45e-07  2314s
 137   4.37472257e+05  4.37471407e+05  2.65e-07 5.23e-12  2.16e-07  2353s
 138   4.37472166e+05  4.37471455e+05  2.22e-07 4.77e-12  1.81e-07  2384s
 139   4.37472137e+05  4.37471471e+05  2.05e-07 4.09e-12  1.69e-07  2430s
 140   4.37472012e+05  4.37471511e+05  1.48e-07 5.00e-12  1.27e-07  2475s
 141   4.37471938e+05  4.37471578e+05  1.13e-07 7.28e-12  9.14e-08  2531s
 142   4.37471895e+05  4.37471595e+05  8.83e-08 1.94e-10  7.63e-08  2568s
 143   4.37471879e+05  4.37471613e+05  7.82e-08 1.60e-10  6.77e-08  2616s
 144   4.37471853e+05  4.37471628e+05  6.47e-08 3.74e-08  5.73e-08  2655s
 145   4.37471831e+05  4.37471633e+05  2.03e-08 3.20e-08  5.02e-08  2677s
 146   4.37471823e+05  4.37471639e+05  2.60e-08 2.93e-08  4.67e-08  2719s
 147   4.37471804e+05  4.37471647e+05  2.19e-08 2.48e-08  3.99e-08  2736s
 148   4.37471795e+05  4.37471649e+05  2.28e-08 2.36e-08  3.71e-08  2764s
 149   4.37471779e+05  4.37471657e+05  9.84e-08 1.36e-07  3.11e-08  2790s
 150   4.37471769e+05  4.37471661e+05  1.33e-07 1.27e-07  2.74e-08  2811s
 151   4.37471757e+05  4.37471669e+05  1.03e-07 4.20e-08  2.24e-08  2833s
 152   4.37471748e+05  4.37471675e+05  8.90e-08 1.45e-07  1.87e-08  2849s
 153   4.37471744e+05  4.37471681e+05  8.35e-08 7.89e-08  1.60e-08  2873s
 154   4.37471736e+05  4.37471684e+05  7.36e-08 2.27e-07  1.34e-08  2888s
 155   4.37471729e+05  4.37471687e+05  5.25e-08 3.11e-07  1.08e-08  2914s
 156   4.37471727e+05  4.37471688e+05  5.29e-08 2.87e-07  1.01e-08  2929s
 157   4.37471724e+05  4.37471690e+05  4.05e-08 2.24e-07  8.66e-09  2966s
 158   4.37471720e+05  4.37471691e+05  2.83e-06 1.91e-07  7.40e-09  3019s
 159   4.37471716e+05  4.37471693e+05  3.04e-06 1.41e-07  6.01e-09  3053s
 160   4.37471714e+05  4.37471693e+05  2.73e-06 1.30e-07  5.44e-09  3067s
 161   4.37471713e+05  4.37471693e+05  2.49e-06 1.22e-07  4.98e-09  3087s
 162   4.37471713e+05  4.37471693e+05  2.42e-06 1.19e-07  4.85e-09  3098s
 163   4.37471712e+05  4.37471694e+05  2.34e-06 1.12e-07  4.66e-09  3121s
 164   4.37471711e+05  4.37471694e+05  2.11e-06 1.05e-07  4.24e-09  3142s
 165   4.37471710e+05  4.37471695e+05  1.94e-06 9.07e-08  3.85e-09  3166s
 166   4.37471709e+05  4.37471695e+05  1.80e-06 8.95e-08  3.60e-09  3186s
 167   4.37471708e+05  4.37471695e+05  1.59e-06 8.17e-08  3.22e-09  3204s
 168   4.37471707e+05  4.37471695e+05  3.01e-06 7.40e-08  3.04e-09  3226s
 169   4.37471707e+05  4.37471696e+05  2.83e-06 6.99e-08  2.90e-09  3247s

Barrier solved model in 169 iterations and 3247.22 seconds (981.10 work units)
Optimal objective 4.37471707e+05

