type_jour,saison,0,1,2,3,4,5,6,7,8,9,10,11,12,13,14,15,16,17,18,19,20,21,22,23
lun,DJF,0.03698116359218263,0.033782996804950366,0.03145611428814417,0.030140446506471616,0.02952431847645487,0.029406811978294718,0.030189549588131,0.033147425997171416,0.037675873834996515,0.043211577709968606,0.04628602727995322,0.046786480299865804,0.047286429281878005,0.04631508882180189,0.045493054924524934,0.04613590149770736,0.045660665861765,0.04571335307146115,0.046984578470501165,0.050210742577668714,0.05215383775306989,0.05126237771135292,0.0487713509729497,0.04542383269873413
lun,MAM,0.037995782928128996,0.035394807765709975,0.033462738202210504,0.0323839831737993,0.03190785068174577,0.0318441829284719,0.03258020939676538,0.03440488327409638,0.03861683875009072,0.04415931005520727,0.04650784156596129,0.04705883142448336,0.0472572653610568,0.045580367900094086,0.04498297452530153,0.045746886169376146,0.04542715613777105,0.045333893437853934,0.04453264757226716,0.04506670974617129,0.04776248535952562,0.04868512772104796,0.04800856627841387,0.045298659644449506
lun,JJA,0.038225299663172126,0.0362060778300991,0.03464888320047306,0.03365979469630574,0.03312173505196392,0.032994755540358335,0.03328723879506893,0.03412157797736268,0.03704621764499497,0.04171750585077043,0.044264160874462465,0.045355162565387394,0.04644207811914845,0.04618419747668177,0.04598696728191205,0.046946967344340826,0.04700706911906991,0.0470234003226242,0.04621385102597022,0.045709884251262406,0.04623739659105564,0.046409342088154955,0.046627632766797475,0.04456280392256275
lun,SON,0.036061373354124696,0.03393325245277179,0.03238861156272298,0.0315233284752609,0.031061031177099782,0.03099038605322498,0.03177141476752935,0.034438928859213055,0.03806865761637869,0.043122825472676214,0.04543434501290227,0.04605087164450601,0.04701564030984091,0.046174723858448403,0.045782145867541035,0.04695325850250606,0.046920072116923554,0.047067444057518476,0.04698797806494789,0.0477501450092462,0.04978473633944486,0.04974392172934518,0.047076380592817844,0.043898527103008865
mar_jeu,DJF,0.03979082653979179,0.035847150134908155,0.03331606771981074,0.03181396959209882,0.031089392416617886,0.03085386792139254,0.03142406765272944,0.033892731807795985,0.03813310764566616,0.04325808763632519,0.04578315588901617,0.04603683977390974,0.04647120823581664,0.04533597935928834,0.0444547349118299,0.0451046194589296,0.04466098073154963,0.04471534026302276,0.04585289274496511,0.04901651251247266,0.05093540587840803,0.050079207122708934,0.04767774285392181,0.044456111197023966
mar_jeu,MAM,0.040192017479383765,0.03692700494502876,0.03482586357917572,0.033599394110671185,0.03298738737322571,0.032812267133405335,0.03326020902273643,0.03462727583098492,0.038485200449878486,0.04364952104653187,0.04547980255348345,0.045716241497220894,0.046370121145319,0.04527170344583661,0.04455821312375691,0.045341641168832075,0.04492351712436986,0.04477111997291247,0.04409870997252602,0.04468616063316218,0.04732104369319473,0.04841746651567945,0.047353404915483885,0.04432471326720029
mar_jeu,JJA,0.04049886000600485,0.03792829843048405,0.03623635265153934,0.0351681664029443,0.03458831132594469,0.03433845614368922,0.03445260933174067,0.034919834032144464,0.03760498316551782,0.04195451642264056,0.043964357524068846,0.04478819494430099,0.04573588416745315,0.04530783802255393,0.044980151045072636,0.04593169989459631,0.04594390175005315,0.04591562884195774,0.0451550667170379,0.044752541775528454,0.045276394188222754,0.04539690914470245,0.04556030370825441,0.04360074036354688
mar_jeu,SON,0.038890234991545314,0.03607040492608246,0.034326612515496825,0.033270703827659336,0.032718145970927995,0.032558385683708856,0.03306936780828438,0.035132648303842454,0.03836875636885325,0.043079630808215065,0.0449255563927296,0.045339421262644945,0.04615446223703455,0.045209505866520346,0.04479709649829415,0.0459691204829142,0.04591788197129138,0.04596730198517973,0.045921178001903214,0.04668837815719594,0.04859932738761535,0.04841187373059898,0.04583180021242604,0.04278220460903564
ven,DJF,0.04042467945867121,0.03640572893687218,0.033846332188226406,0.03227064276360115,0.03154544148392805,0.0312873631420378,0.031856242045038625,0.03425277767302424,0.03836694929043172,0.043373351646821434,0.04586874209352124,0.04615672688869487,0.04653455288913896,0.04548217692155673,0.04453933050739579,0.04507867497542655,0.044643513393461495,0.044412346450346175,0.045389906054343114,0.048449127935668614,0.04996230173593302,0.04906883088544712,0.04678414856191475,0.04400011207849894
ven,MAM,0.040408477306660924,0.037216469685621506,0.03517062491473806,0.03394298584978926,0.03333824673196402,0.03317166650602475,0.03360762128660585,0.034996612328033784,0.03885233324532188,0.044023180863920056,0.04581050726141584,0.04589868299527917,0.04645620554121843,0.04535116319882639,0.04477109669981944,0.045601277479445895,0.04511888258395864,0.04455788326871973,0.043750437173607874,0.044197598562136814,0.046473875032415075,0.04737140970196993,0.04631384925494752,0.04359891252755932
ven,JJA,0.040688030620707465,0.03813166727311415,0.03637933461871164,0.035256516930069176,0.03466306673349396,0.03438831935230463,0.03450941653103104,0.03497229924191288,0.03777802485049356,0.042235189125888216,0.044250469171900786,0.044956572463266696,0.04589262559412413,0.04548461494560798,0.04528086637825627,0.04611942195424257,0.04600679224664674,0.04562744190709447,0.04480848405445502,0.04443771319617557,0.04485073175792571,0.04492702767413129,0.04514617554606426,0.04320919783238196
ven,SON,0.03933814146312754,0.03639248383592541,0.03454571442360674,0.03344057833820088,0.03286946643352198,0.03268037579000312,0.03321306141294515,0.035269315296805354,0.038559533324120904,0.04341853592927933,0.0453149680779279,0.0456339743771876,0.04644242749042775,0.045428727844899285,0.04509194095436511,0.04625967669570696,0.046089468470315746,0.04578007115348403,0.045446928065572906,0.04600826581265326,0.04778398960262953,0.04761852504933972,0.04510510455643011,0.04226872560152351
sam_pont,DJF,0.044145066789232766,0.03999649651985309,0.03697062601163979,0.034967260661418996,0.033883161116845854,0.033346938604659176,0.033373622236249144,0.03427094824783434,0.03548335445444057,0.03847797136161133,0.04189312569077617,0.04329076828261762,0.044094843569850294,0.04448426754223688,0.04346549868962963,0.04287019965263535,0.042437222103170684,0.04251791542300964,0.04529077481531284,0.049662033025072855,0.051500205156961895,0.050600207526539764,0.047849411508343126,0.04512808101005801
sam_pont,MAM,0.04383865034347352,0.04031912732612047,0.037916918434651,0.036337352594865924,0.035503336025179716,0.035075857296845196,0.035063146737896955,0.03502537000774698,0.03672316480050323,0.04035973876295825,0.042975033902168364,0.044158551821162066,0.04505850393480865,0.04513765459527229,0.04407705698581667,0.04364259885564962,0.04301315423178459,0.04251340491703616,0.04258296308304574,0.04393103204071896,0.04674193379802457,0.048199024033600504,0.0472530227075037,0.04455340276316688
sam_pont,JJA,0.04373048660112161,0.04117013497669239,0.03934214803036957,0.03812683010787386,0.03738285999539634,0.03695213577138405,0.03664890947818532,0.03610404483657945,0.03751427823911717,0.040152298126112186,0.0421734873617563,0.04343651454368091,0.04432929898527207,0.04459572594326643,0.043894747882014064,0.04366687599327371,0.043337319242563614,0.04298419103279555,0.04293764360135316,0.04338404886185811,0.04430084640258474,0.044732027378194955,0.04530030132035693,0.04380284528819767
sam_pont,SON,0.04308479421032379,0.039907884492661354,0.037703925417284824,0.03628830074833099,0.035453660420163596,0.03500150534524688,0.03507538753316212,0.03586982783514261,0.03678558927925931,0.03979725666169844,0.04244532009598641,0.04370911114947498,0.04469955675141232,0.04510859747409028,0.04416563847092436,0.04370411340159841,0.04320488733403473,0.04290759162096376,0.04401098813021879,0.04600385375243254,0.04830679635655526,0.04830049479513405,0.04555506498301994,0.042909853740880244
dim_jf,DJF,0.04414548031119019,0.040485555900800975,0.037562989028422665,0.03545402684621779,0.0341873645273867,0.03350769281131435,0.03341867077878675,0.03396787034095448,0.034058699586682055,0.03571085345095029,0.03921686325202526,0.042192568509965354,0.044379737658268956,0.04551174454388948,0.04372413035046829,0.04212063109016469,0.041550938070324256,0.04177525779633413,0.04499252622602272,0.0499246984830471,0.05238062138910981,0.05233492287759868,0.05014547261882743,0.04725068355124741
dim_jf,MAM,0.0435224574884746,0.040408505378757176,0.03797737569245071,0.03643632105229051,0.03558464266608258,0.03518737974658391,0.03516590548072554,0.03485051144675137,0.03587580275904282,0.03867475623499825,0.04142104747803592,0.0435824008540522,0.04527420877185737,0.045790730026409106,0.04420150290479346,0.04301776170260746,0.04222969707442353,0.04190266660468575,0.042304679004342,0.04396121090424995,0.047024774029337836,0.04933246676310142,0.049420836359426755,0.046852359576519745
dim_jf,JJA,0.043965785578959464,0.04147485423671241,0.03951775774191812,0.03817854552471983,0.037367335879418456,0.03696594970827609,0.036592593390061545,0.035694462887210725,0.03651751635462937,0.03848344332700003,0.04063724603785668,0.042509411432620534,0.04396640154762509,0.04472075352828323,0.04388767788589715,0.04310181993877216,0.04261698089271474,0.042328643952064024,0.042614387184853386,0.043513680361064316,0.04502081907989335,0.046319599904689916,0.04766574070063316,0.046338592924126204
dim_jf,SON,0.04278585642096153,0.03989204115717658,0.037694517788164794,0.03623818215768735,0.03541541441241187,0.03501283430250882,0.035054103442574515,0.03546130542242477,0.035345479442329276,0.03744411946775178,0.04032410699305439,0.042729455307727066,0.044677107791225815,0.04574993334436926,0.04442720651839536,0.04319719421683973,0.04255210382412094,0.0423893300874851,0.04399393465685755,0.046607449139035174,0.04927158753929449,0.050273162736309114,0.04804145985333676,0.045422113977958
