
Gurobi 13.0.2 (linux64) logging started Tue Jul 21 04:34:41 2026

Set parameter LogFile to value "outputs/batch_2007_nores_step1/2047_FR_alone/logfile_2047_FR_alone.txt"
Gurobi Optimizer version 13.0.2 build v13.0.2rc1 (linux64 - "CentOS Stream 9")

CPU model: Intel(R) Xeon(R) Gold 6130 CPU @ 2.10GHz, instruction set [SSE2|AVX|AVX2|AVX512]
Thread count: 16 physical cores, 32 logical processors, using up to 32 threads

Non-default parameters:
Method  2
Crossover  0
NumericFocus  3
Presolve  2

Optimize a model with 1007911 rows, 823495 columns and 3925658 nonzeros (Min)
Model fingerprint: 0xdc6caeea
Model has 210275 linear objective coefficients
Coefficient statistics:
  Matrix range     [1e-04, 1e+02]
  Objective range  [6e-04, 3e+03]
  Bounds range     [0e+00, 0e+00]
  RHS range        [7e-02, 1e+05]

Presolve removed 529910 rows and 430000 columns (presolve time = 7s)...
Presolve removed 537935 rows and 438025 columns (presolve time = 10s)...
Presolve removed 709904 rows and 446789 columns
Presolve time: 14.41s
Presolved: 298007 rows, 385466 columns, 1594866 nonzeros
Ordering time: 0.33s

Barrier statistics:
 Dense cols : 26
 AA' NZ     : 1.248e+06
 Factor NZ  : 6.419e+06 (roughly 300 MB of memory)
 Factor Ops : 3.865e+08 (less than 1 second per iteration)
 Threads    : 16

                  Objective                Residual
Iter       Primal          Dual         Primal    Dual     Compl     Time
   0   8.01120236e+07 -6.01738836e+11  1.20e+08 4.97e-14  3.14e+07    16s
   1   8.22481761e+07 -5.50045229e+11  1.16e+08 7.38e+02  2.85e+07    17s
   2   8.73699964e+07 -4.18548273e+11  1.07e+08 3.44e+02  2.16e+07    20s
   3   9.47770525e+07 -2.84999791e+11  9.10e+07 1.36e+02  1.77e+07    23s
   4   1.35895609e+08 -1.34818017e+11  2.06e+07 2.74e+00  4.30e+06    25s
   5   1.44363781e+08 -4.07191991e+10  2.81e+06 2.08e-01  6.05e+05    28s
   6   1.27556323e+08 -1.53645419e+10  5.15e+05 2.69e-02  1.16e+05    30s
   7   8.46946418e+07 -7.99229494e+09  1.72e+05 3.46e-03  3.91e+04    32s
   8   4.62098551e+07 -4.64517442e+09  5.50e+04 1.14e-08  1.44e+04    34s
   9   2.78404686e+07 -2.76578041e+09  1.75e+04 9.38e-09  6.16e+03    36s
  10   1.79009911e+07 -1.83586682e+09  3.17e+03 1.45e-08  3.07e+03    38s
  11   9.53601928e+06 -7.47185269e+08  5.89e+02 7.57e-10  1.16e+03    40s
  12   5.27084395e+06 -6.14526427e+08  1.67e+02 5.07e-10  9.38e+02    43s
  13   2.50108142e+06 -1.42692426e+08  1.78e+01 2.05e-09  2.18e+02    44s
  14   4.35654735e+05 -1.55563331e+07  2.52e+00 1.82e-09  2.40e+01    47s
  15   1.93572989e+05 -1.78276795e+06  8.15e-01 2.15e-10  2.97e+00    52s
  16   1.46945712e+05 -3.75456169e+05  5.03e-01 4.40e-11  7.85e-01    54s
  17   1.17897764e+05 -1.79807564e+05  2.94e-01 2.76e-11  4.47e-01    57s
  18   1.04298368e+05 -1.08199505e+05  1.96e-01 1.91e-11  3.19e-01    60s
  19   9.33592811e+04 -5.24876519e+04  1.21e-01 1.26e-11  2.19e-01    63s
  20   8.71313934e+04 -1.12305635e+04  8.13e-02 8.58e-12  1.48e-01    66s
  21   7.96591959e+04  8.69217212e+03  4.51e-02 6.34e-12  1.07e-01    70s
  22   7.57429289e+04  2.83048341e+04  3.50e-02 4.03e-12  7.12e-02    72s
  23   7.24006387e+04  4.15416490e+04  2.62e-02 2.46e-12  4.63e-02    76s
  24   6.88088171e+04  4.67579168e+04  1.83e-02 1.82e-12  3.31e-02    80s
  25   6.67289369e+04  5.13947400e+04  1.38e-02 2.50e-12  2.30e-02    84s
  26   6.61952113e+04  5.26431055e+04  1.28e-02 1.10e-12  2.04e-02    87s
  27   6.48306769e+04  5.37908393e+04  1.00e-02 1.59e-12  1.66e-02    91s
  28   6.38798205e+04  5.47296531e+04  8.11e-03 7.35e-13  1.37e-02    97s
  29   6.32488723e+04  5.60697305e+04  6.84e-03 5.19e-13  1.08e-02   104s
  30   6.27597405e+04  5.67989754e+04  5.85e-03 3.19e-13  8.95e-03   109s
  31   6.23291033e+04  5.70944416e+04  5.00e-03 3.95e-13  7.86e-03   115s
  32   6.17033189e+04  5.74071810e+04  3.72e-03 3.23e-13  6.45e-03   121s
  33   6.14779602e+04  5.80533514e+04  3.23e-03 2.05e-12  5.14e-03   125s
  34   6.13610429e+04  5.82914083e+04  2.98e-03 2.73e-12  4.61e-03   132s
  35   6.10291837e+04  5.86131920e+04  2.29e-03 2.20e-13  3.63e-03   138s
  36   6.08682515e+04  5.88967559e+04  1.97e-03 6.82e-13  2.96e-03   143s
  37   6.08051083e+04  5.89083350e+04  1.84e-03 1.20e-13  2.85e-03   149s
  38   6.07091522e+04  5.90109366e+04  1.65e-03 1.36e-12  2.55e-03   153s
  39   6.06682255e+04  5.91616526e+04  1.57e-03 1.59e-12  2.26e-03   158s
  40   6.05477195e+04  5.92780068e+04  1.33e-03 7.19e-14  1.91e-03   164s
  41   6.03413160e+04  5.94063471e+04  9.07e-04 8.08e-14  1.40e-03   168s
  42   6.02748916e+04  5.94705849e+04  7.79e-04 1.36e-12  1.21e-03   173s
  43   6.02252510e+04  5.95686261e+04  6.82e-04 1.14e-12  9.86e-04   180s
  44   6.01523029e+04  5.96209215e+04  5.35e-04 6.31e-14  7.98e-04   185s
  45   6.01227206e+04  5.96334268e+04  4.78e-04 5.68e-14  7.35e-04   191s
  46   6.00773898e+04  5.97082997e+04  3.91e-04 3.91e-14  5.54e-04   200s
  47   6.00448701e+04  5.97252356e+04  3.30e-04 1.14e-12  4.80e-04   211s
  48   6.00199659e+04  5.97544666e+04  2.82e-04 1.42e-14  3.99e-04   221s
  49   5.99903890e+04  5.97825704e+04  2.26e-04 3.73e-14  3.12e-04   232s
  50   5.99749211e+04  5.97974833e+04  1.97e-04 3.18e-12  2.66e-04   240s
  51   5.99534047e+04  5.98139899e+04  1.57e-04 6.75e-14  2.09e-04   251s
  52   5.99375394e+04  5.98243311e+04  1.27e-04 4.97e-14  1.70e-04   263s
  53   5.99231257e+04  5.98350577e+04  1.02e-04 8.53e-14  1.32e-04   272s
  54   5.99143052e+04  5.98442624e+04  8.59e-05 3.41e-12  1.05e-04   281s
  55   5.99061541e+04  5.98484941e+04  7.12e-05 1.14e-12  8.66e-05   288s
  56   5.99047798e+04  5.98511754e+04  6.87e-05 9.95e-14  8.05e-05   298s
  57   5.99015281e+04  5.98520330e+04  6.30e-05 1.01e-13  7.43e-05   311s
  58   5.98974814e+04  5.98522499e+04  5.57e-05 7.64e-14  6.79e-05   324s
  59   5.98946756e+04  5.98527926e+04  5.08e-05 4.26e-14  6.29e-05   335s
  60   5.98913871e+04  5.98538532e+04  4.50e-05 4.55e-13  5.64e-05   346s
  61   5.98886061e+04  5.98562007e+04  4.03e-05 4.55e-13  4.87e-05   360s
  62   5.98824887e+04  5.98586333e+04  2.93e-05 9.59e-14  3.58e-05   373s
  63   5.98790015e+04  5.98597389e+04  2.31e-05 1.14e-12  2.89e-05   386s
  64   5.98756430e+04  5.98605107e+04  1.72e-05 9.09e-13  2.27e-05   395s
  65   5.98744016e+04  5.98626373e+04  1.51e-05 9.59e-14  1.77e-05   408s
  66   5.98731923e+04  5.98629248e+04  1.30e-05 1.71e-13  1.54e-05   423s
  67   5.98716703e+04  5.98630700e+04  1.05e-05 1.59e-12  1.29e-05   431s
  68   5.98715181e+04  5.98635087e+04  1.02e-05 3.73e-14  1.20e-05   439s
  69   5.98707759e+04  5.98640111e+04  8.87e-06 4.55e-13  1.02e-05   448s
  70   5.98703845e+04  5.98644331e+04  8.21e-06 1.36e-12  8.94e-06   459s
  71   5.98696335e+04  5.98644777e+04  6.88e-06 4.55e-13  7.74e-06   473s
  72   5.98687007e+04  5.98650227e+04  5.22e-06 1.69e-14  5.52e-06   489s
  73   5.98681771e+04  5.98652334e+04  4.30e-06 1.25e-12  4.42e-06   504s
  74   5.98679198e+04  5.98653094e+04  3.86e-06 7.82e-14  3.92e-06   519s
  75   5.98676016e+04  5.98654046e+04  3.34e-06 1.25e-12  3.30e-06   536s
  76   5.98674929e+04  5.98654472e+04  3.14e-06 1.82e-12  3.07e-06   554s
  77   5.98672733e+04  5.98654670e+04  2.76e-06 2.27e-13  2.71e-06   568s
  78   5.98672096e+04  5.98654816e+04  2.66e-06 4.55e-13  2.59e-06   582s
  79   5.98671441e+04  5.98654912e+04  2.54e-06 1.14e-13  2.48e-06   594s
  80   5.98668520e+04  5.98655550e+04  2.04e-06 1.19e-13  1.95e-06   611s
  81   5.98665367e+04  5.98656118e+04  1.48e-06 2.27e-13  1.39e-06   633s
  82   5.98664393e+04  5.98656319e+04  1.31e-06 1.36e-12  1.21e-06   657s
  83   5.98664142e+04  5.98656358e+04  1.26e-06 1.59e-12  1.17e-06   691s
  84   5.98663022e+04  5.98656379e+04  1.06e-06 2.39e-12  9.97e-07   713s
  85   5.98661070e+04  5.98656650e+04  7.10e-07 1.14e-12  6.64e-07   727s
  86   5.98660205e+04  5.98656692e+04  5.57e-07 1.63e-13  5.28e-07   742s
  87   5.98658393e+04  5.98656834e+04  2.70e-07 1.14e-12  2.34e-07   749s
  88   5.98657614e+04  5.98656893e+04  2.02e-05 4.75e-12  1.08e-07   762s
  89   5.98657081e+04  5.98656940e+04  6.98e-05 2.24e-11  2.11e-08   768s
  90   5.98656977e+04  5.98656955e+04  1.12e-05 2.12e-12  3.39e-09   779s
  91   5.98656962e+04  5.98656957e+04  1.16e-05 3.47e-10  7.85e-10   788s
  92   5.98656961e+04  5.98656957e+04  1.01e-05 2.60e-09  6.23e-10   793s

Barrier solved model in 92 iterations and 792.81 seconds (86.65 work units)
Optimal objective 5.98656961e+04

