
Gurobi 13.0.2 (linux64) logging started Mon Jul 20 10:55:37 2026

Set parameter LogFile to value "outputs/batch_2007_nores_step1/2041_FR_alone/logfile_2041_FR_alone.txt"
Gurobi Optimizer version 13.0.2 build v13.0.2rc1 (linux64 - "CentOS Stream 9")

CPU model: Intel(R) Xeon(R) Gold 6130 CPU @ 2.10GHz, instruction set [SSE2|AVX|AVX2|AVX512]
Thread count: 16 physical cores, 32 logical processors, using up to 32 threads

Non-default parameters:
Method  2
Crossover  0
NumericFocus  3
Presolve  2

Optimize a model with 1007911 rows, 823495 columns and 3925643 nonzeros (Min)
Model fingerprint: 0xfd575e4e
Model has 210275 linear objective coefficients
Coefficient statistics:
  Matrix range     [1e-04, 1e+02]
  Objective range  [6e-04, 3e+03]
  Bounds range     [0e+00, 0e+00]
  RHS range        [7e-02, 1e+05]

Presolve removed 529920 rows and 430000 columns (presolve time = 8s)...
Presolve removed 537945 rows and 438025 columns (presolve time = 10s)...
Presolve removed 701144 rows and 446789 columns (presolve time = 15s)...
Presolve removed 709904 rows and 446789 columns
Presolve time: 15.54s
Presolved: 298007 rows, 385466 columns, 1594851 nonzeros
Ordering time: 0.32s

Barrier statistics:
 Dense cols : 26
 AA' NZ     : 1.248e+06
 Factor NZ  : 6.395e+06 (roughly 300 MB of memory)
 Factor Ops : 3.783e+08 (less than 1 second per iteration)
 Threads    : 16

                  Objective                Residual
Iter       Primal          Dual         Primal    Dual     Compl     Time
   0   7.83196147e+07 -6.02367612e+11  1.17e+08 4.97e-14  3.07e+07    17s
   1   8.03904675e+07 -5.51369904e+11  1.14e+08 6.90e+02  2.80e+07    17s
   2   8.45169455e+07 -4.28122424e+11  1.06e+08 3.79e+02  2.18e+07    18s
   3   9.40808361e+07 -2.61555890e+11  8.59e+07 1.19e+02  1.78e+07    19s
   4   1.35850030e+08 -1.25248953e+11  1.93e+07 2.54e+00  4.29e+06    19s
   5   1.42140649e+08 -3.82729931e+10  2.27e+06 2.49e-01  5.28e+05    20s
   6   1.23043128e+08 -1.50670686e+10  4.32e+05 3.37e-02  1.06e+05    21s
   7   7.41168499e+07 -7.70092339e+09  1.21e+05 4.56e-03  3.15e+04    22s
   8   4.25045911e+07 -5.81660619e+09  4.28e+04 1.90e-03  1.52e+04    22s
   9   2.92731738e+07 -2.57813779e+09  1.46e+04 3.31e-08  5.46e+03    23s
  10   1.01954329e+07 -1.24654459e+09  2.19e+03 1.53e-08  2.04e+03    24s
  11   5.17322354e+06 -7.48018367e+08  4.96e+02 1.18e-08  1.15e+03    24s
  12   3.71566293e+06 -5.56815531e+08  6.45e+01 3.42e-09  8.45e+02    25s
  13   7.52984755e+05 -7.00045444e+07  7.77e+00 6.02e-09  1.06e+02    26s
  14   2.32826839e+05 -8.24772592e+06  1.77e+00 6.32e-10  1.27e+01    26s
  15   1.57709972e+05 -1.28741708e+06  9.25e-01 2.93e-11  2.17e+00    27s
  16   1.16120359e+05 -3.70040267e+05  4.44e-01 7.60e-12  7.30e-01    28s
  17   1.00322358e+05 -1.39462603e+05  2.67e-01 4.55e-12  3.60e-01    29s
  18   9.14537178e+04 -6.32109436e+04  1.76e-01 2.36e-12  2.32e-01    30s
  19   8.52383008e+04 -2.34098518e+04  1.18e-01 2.05e-12  1.63e-01    30s
  20   7.76107611e+04 -1.23822049e+04  8.85e-02 1.36e-12  1.35e-01    31s
  21   7.04907310e+04  2.08521941e+04  5.48e-02 8.28e-13  7.45e-02    32s
  22   6.80917661e+04  2.95868853e+04  4.49e-02 1.14e-12  5.78e-02    33s
  23   6.58467547e+04  3.66491905e+04  3.51e-02 2.50e-12  4.38e-02    33s
  24   6.45513454e+04  3.99509240e+04  3.02e-02 1.59e-12  3.69e-02    34s
  25   6.13334055e+04  4.23810457e+04  1.83e-02 3.73e-13  2.85e-02    35s
  26   6.01971110e+04  4.44822411e+04  1.46e-02 6.82e-13  2.36e-02    36s
  27   5.91108981e+04  4.70908387e+04  1.13e-02 1.14e-12  1.81e-02    37s
  28   5.78294350e+04  4.90247149e+04  7.57e-03 1.24e-13  1.32e-02    38s
  29   5.73037757e+04  5.00414187e+04  6.12e-03 2.05e-12  1.09e-02    39s
  30   5.69237606e+04  5.05556846e+04  5.08e-03 7.11e-14  9.56e-03    40s
  31   5.66410967e+04  5.16214100e+04  4.36e-03 3.13e-13  7.54e-03    41s
  32   5.63352613e+04  5.21998754e+04  3.60e-03 1.59e-12  6.21e-03    42s
  33   5.61179361e+04  5.25777213e+04  3.10e-03 2.27e-13  5.32e-03    43s
  34   5.60398748e+04  5.27255539e+04  2.91e-03 2.27e-12  4.98e-03    44s
  35   5.58202254e+04  5.30014693e+04  2.42e-03 3.02e-14  4.23e-03    45s
  36   5.57544163e+04  5.31559423e+04  2.26e-03 4.55e-13  3.90e-03    46s
  37   5.56289770e+04  5.32343557e+04  1.97e-03 4.88e-14  3.60e-03    47s
  38   5.55991663e+04  5.33814185e+04  1.90e-03 6.04e-14  3.33e-03    49s
  39   5.54981499e+04  5.34974842e+04  1.68e-03 1.14e-12  3.00e-03    50s
  40   5.54101084e+04  5.36486671e+04  1.50e-03 1.14e-12  2.65e-03    51s
  41   5.53217575e+04  5.37507032e+04  1.31e-03 1.59e-12  2.36e-03    52s
  42   5.52102492e+04  5.38539112e+04  1.08e-03 4.26e-14  2.04e-03    54s
  43   5.51607612e+04  5.39243972e+04  9.80e-04 4.55e-13  1.86e-03    55s
  44   5.51254969e+04  5.39963337e+04  9.08e-04 5.68e-14  1.70e-03    56s
  45   5.51124682e+04  5.40278458e+04  8.82e-04 2.84e-14  1.63e-03    57s
  46   5.50722112e+04  5.40873984e+04  8.02e-04 4.97e-14  1.48e-03    58s
  47   5.50576076e+04  5.41068248e+04  7.74e-04 6.48e-14  1.43e-03    59s
  48   5.50326508e+04  5.42198144e+04  7.23e-04 3.55e-14  1.22e-03    61s
  49   5.49525049e+04  5.42443685e+04  5.67e-04 9.59e-14  1.06e-03    62s
  50   5.49294796e+04  5.42630268e+04  5.21e-04 5.15e-14  1.00e-03    63s
  51   5.49094632e+04  5.42746905e+04  4.82e-04 9.06e-14  9.53e-04    64s
  52   5.49036130e+04  5.42815710e+04  4.71e-04 8.17e-14  9.34e-04    65s
  53   5.48805616e+04  5.43546500e+04  4.21e-04 1.36e-12  7.90e-04    66s
  54   5.48421224e+04  5.44172212e+04  3.44e-04 2.27e-13  6.38e-04    67s
  55   5.48143879e+04  5.44301190e+04  2.91e-04 2.27e-13  5.77e-04    68s
  56   5.47910364e+04  5.44693929e+04  2.47e-04 3.91e-14  4.83e-04    70s
  57   5.47735021e+04  5.44798029e+04  2.15e-04 1.81e-13  4.41e-04    72s
  58   5.47625937e+04  5.45111191e+04  1.95e-04 1.82e-12  3.78e-04    73s
  59   5.47517545e+04  5.45234745e+04  1.76e-04 3.91e-14  3.43e-04    75s
  60   5.47421767e+04  5.45492321e+04  1.58e-04 4.55e-13  2.90e-04    77s
  61   5.47336564e+04  5.45623740e+04  1.42e-04 4.09e-14  2.57e-04    79s
  62   5.47257154e+04  5.45862823e+04  1.28e-04 3.11e-14  2.09e-04    81s
  63   5.47142924e+04  5.45946876e+04  1.07e-04 6.39e-14  1.80e-04    82s
  64   5.47111724e+04  5.46039296e+04  1.01e-04 3.73e-14  1.61e-04    84s
  65   5.47064113e+04  5.46086977e+04  9.21e-05 1.59e-12  1.47e-04    86s
  66   5.46983142e+04  5.46116764e+04  7.68e-05 1.14e-12  1.30e-04    88s
  67   5.46884586e+04  5.46191905e+04  5.82e-05 1.46e-13  1.04e-04    89s
  68   5.46796250e+04  5.46264038e+04  4.22e-05 8.70e-14  7.99e-05    91s
  69   5.46761569e+04  5.46320114e+04  3.57e-05 9.09e-13  6.63e-05    93s
  70   5.46726532e+04  5.46346992e+04  2.95e-05 6.82e-13  5.70e-05    95s
  71   5.46704957e+04  5.46380408e+04  2.56e-05 8.53e-14  4.87e-05    96s
  72   5.46687832e+04  5.46404622e+04  2.26e-05 4.55e-13  4.25e-05    98s
  73   5.46675895e+04  5.46429145e+04  2.06e-05 7.11e-15  3.71e-05   100s
  74   5.46663860e+04  5.46438531e+04  1.85e-05 2.05e-12  3.38e-05   102s
  75   5.46661138e+04  5.46445081e+04  1.80e-05 6.48e-14  3.24e-05   104s
  76   5.46644178e+04  5.46455352e+04  1.51e-05 1.42e-14  2.84e-05   106s
  77   5.46633047e+04  5.46464819e+04  1.31e-05 9.09e-13  2.53e-05   108s
  78   5.46618345e+04  5.46481178e+04  1.06e-05 4.55e-13  2.06e-05   111s
  79   5.46609615e+04  5.46490563e+04  9.08e-06 4.62e-14  1.79e-05   113s
  80   5.46604498e+04  5.46494108e+04  8.21e-06 2.84e-14  1.66e-05   115s
  81   5.46592282e+04  5.46505378e+04  6.11e-06 1.35e-13  1.31e-05   118s
  82   5.46584604e+04  5.46516531e+04  4.75e-06 6.39e-14  1.02e-05   120s
  83   5.46573578e+04  5.46528042e+04  2.82e-06 9.09e-13  6.84e-06   123s
  84   5.46569194e+04  5.46534314e+04  2.09e-06 2.27e-13  5.24e-06   125s
  85   5.46565242e+04  5.46535758e+04  1.44e-06 4.55e-13  4.43e-06   126s
  86   5.46563672e+04  5.46537058e+04  1.18e-06 9.09e-13  4.00e-06   128s
  87   5.46563008e+04  5.46537905e+04  1.07e-06 2.06e-13  3.77e-06   129s
  88   5.46562553e+04  5.46538909e+04  1.00e-06 9.09e-13  3.55e-06   130s
  89   5.46561803e+04  5.46544286e+04  8.78e-07 1.14e-12  2.63e-06   131s
  90   5.46561312e+04  5.46546750e+04  7.90e-07 6.82e-13  2.19e-06   133s
  91   5.46560634e+04  5.46548063e+04  6.77e-07 4.26e-14  1.89e-06   134s
  92   5.46559570e+04  5.46549715e+04  5.10e-07 5.33e-14  1.48e-06   135s
  93   5.46558964e+04  5.46550480e+04  4.05e-07 1.52e-14  1.27e-06   136s
  94   5.46558345e+04  5.46552772e+04  3.08e-07 2.27e-13  8.37e-07   138s
  95   5.46557747e+04  5.46553948e+04  2.14e-07 4.55e-13  5.71e-07   139s
  96   5.46556855e+04  5.46555652e+04  7.21e-08 8.70e-14  1.81e-07   141s
  97   5.46556524e+04  5.46556185e+04  2.09e-08 2.50e-12  5.08e-08   142s
  98   5.46556407e+04  5.46556327e+04  2.68e-07 4.60e-12  1.20e-08   144s
  99   5.46556379e+04  5.46556371e+04  3.37e-08 5.26e-13  1.28e-09   145s
 100   5.46556378e+04  5.46556375e+04  2.16e-07 1.99e-13  4.51e-10   146s

Barrier solved model in 100 iterations and 146.20 seconds (82.47 work units)
Optimal objective 5.46556378e+04

