
Gurobi 13.0.2 (linux64) logging started Fri Jul 17 00:03:22 2026

Set parameter LogFile to value "outputs/batch_1007_res/2052_FR_alone/logfile_2052_FR_alone.txt"
Gurobi Optimizer version 13.0.2 build v13.0.2rc1 (linux64 - "CentOS Stream 9")

CPU model: Intel(R) Xeon(R) Gold 6130 CPU @ 2.10GHz, instruction set [SSE2|AVX|AVX2|AVX512]
Thread count: 16 physical cores, 32 logical processors, using up to 32 threads

Non-default parameters:
Method  2
Crossover  0
NumericFocus  3
Presolve  2

Optimize a model with 1007906 rows, 823495 columns and 3978208 nonzeros (Min)
Model fingerprint: 0x931da2e2
Model has 210275 linear objective coefficients
Coefficient statistics:
  Matrix range     [1e-04, 1e+02]
  Objective range  [6e-04, 3e+03]
  Bounds range     [0e+00, 0e+00]
  RHS range        [7e-02, 1e+05]

Presolve removed 482139 rows and 236558 columns (presolve time = 5s)...
Presolve removed 482139 rows and 236558 columns (presolve time = 10s)...
Presolve removed 596021 rows and 245321 columns (presolve time = 15s)...
Presolve removed 596021 rows and 245321 columns (presolve time = 20s)...
Presolve removed 604781 rows and 245321 columns
Presolve time: 22.74s
Presolved: 403125 rows, 586934 columns, 2290110 nonzeros
Ordering time: 0.45s

Barrier statistics:
 Dense cols : 14
 AA' NZ     : 1.956e+06
 Factor NZ  : 8.507e+06 (roughly 500 MB of memory)
 Factor Ops : 3.939e+08 (less than 1 second per iteration)
 Threads    : 16

                  Objective                Residual
Iter       Primal          Dual         Primal    Dual     Compl     Time
   0   1.37855314e+09 -2.22365098e+12  2.36e+08 3.28e-14  3.14e+07    24s
   1   1.37912386e+09 -9.84729802e+11  2.17e+08 2.79e+02  2.20e+07    25s
   2   1.45083064e+09 -8.70946329e+11  1.68e+08 3.10e+02  1.75e+07    26s
   3   3.77343166e+09 -4.55375166e+11  5.07e+07 8.93e+01  6.37e+06    27s
   4   3.94756330e+09 -9.38291539e+10  9.03e+06 1.15e+01  1.05e+06    28s
   5   3.60172216e+09 -2.22884917e+10  1.36e+06 1.03e+00  1.54e+05    29s
   6   1.95111984e+09 -6.99006176e+09  1.99e+05 1.22e-01  2.56e+04    29s
   7   5.18047108e+08 -2.34842570e+09  2.58e+04 3.15e-02  5.01e+03    30s
   8   1.39950546e+08 -2.20544932e+09  2.96e+03 2.94e-02  3.06e+03    31s
   9   5.66353258e+07 -2.80034081e+08  2.93e+02 2.54e-03  3.94e+02    32s
  10   1.51495519e+07 -3.34772068e+07  3.82e+01 6.83e-05  5.22e+01    33s
  11   2.80407087e+06 -8.07818492e+06  5.58e+00 7.73e-12  1.11e+01    34s
  12   1.20698760e+06 -5.35033134e+06  2.07e+00 1.82e-12  6.64e+00    35s
  13   7.68627011e+05 -4.57293108e+06  1.15e+00 5.68e-12  5.39e+00    36s
  14   5.26154366e+05 -2.61019794e+06  7.00e-01 3.41e-12  3.16e+00    37s
  15   3.49054586e+05 -1.14999960e+06  4.17e-01 1.79e-12  1.51e+00    38s
  16   2.43121978e+05 -4.72047903e+05  2.43e-01 1.85e-13  7.18e-01    39s
  17   1.85752413e+05 -2.95704957e+05  1.59e-01 5.55e-14  4.83e-01    40s
  18   1.55276269e+05 -1.35060665e+05  1.17e-01 1.23e-13  2.91e-01    41s
  19   1.23563765e+05 -7.26522343e+04  7.13e-02 4.97e-14  1.97e-01    43s
  20   1.08331679e+05 -4.03381222e+04  5.07e-02 3.87e-13  1.49e-01    44s
  21   1.03727150e+05 -2.23613872e+04  4.44e-02 1.78e-13  1.26e-01    45s
  22   9.95752884e+04 -1.44085902e+04  3.85e-02 1.63e-13  1.14e-01    46s
  23   9.66282805e+04 -1.08238675e+04  3.44e-02 2.27e-13  1.08e-01    47s
  24   9.26080700e+04 -2.63943556e+02  2.87e-02 2.38e-13  9.31e-02    48s
  25   8.72518705e+04  1.83109594e+04  2.12e-02 8.53e-14  6.91e-02    50s
  26   8.31468429e+04  2.67287809e+04  1.58e-02 1.47e-13  5.65e-02    51s
  27   8.05181138e+04  3.34752049e+04  1.26e-02 1.07e-13  4.71e-02    53s
  28   7.80909914e+04  3.87969841e+04  9.35e-03 1.08e-13  3.94e-02    54s
  29   7.60763465e+04  4.69849133e+04  7.00e-03 7.64e-14  2.91e-02    56s
  30   7.47153622e+04  5.11212845e+04  5.58e-03 3.46e-14  2.36e-02    58s
  31   7.33417801e+04  5.42122907e+04  4.21e-03 1.69e-14  1.92e-02    59s
  32   7.22268220e+04  5.61694460e+04  3.16e-03 9.52e-15  1.61e-02    61s
  33   7.15511972e+04  5.75363410e+04  2.57e-03 5.97e-15  1.40e-02    62s
  34   7.09607913e+04  5.86503286e+04  2.08e-03 2.40e-14  1.23e-02    64s
  35   7.04209344e+04  5.97676419e+04  1.65e-03 9.77e-15  1.07e-02    65s
  36   6.99427270e+04  6.10803382e+04  1.28e-03 2.66e-14  8.88e-03    67s
  37   6.94244795e+04  6.26705421e+04  9.41e-04 1.47e-14  6.77e-03    69s
  38   6.91045574e+04  6.32844396e+04  7.36e-04 1.78e-14  5.83e-03    70s
  39   6.88683761e+04  6.39165127e+04  5.87e-04 3.64e-14  4.96e-03    72s
  40   6.85429096e+04  6.52122207e+04  3.71e-04 4.00e-15  3.34e-03    73s
  41   6.84233976e+04  6.54740713e+04  3.04e-04 2.86e-15  2.96e-03    75s
  42   6.82939187e+04  6.60943004e+04  2.37e-04 1.53e-15  2.20e-03    76s
  43   6.82463984e+04  6.62929135e+04  2.13e-04 4.66e-15  1.96e-03    78s
  44   6.82233695e+04  6.63783389e+04  2.02e-04 2.45e-16  1.85e-03    80s
  45   6.81932325e+04  6.64310495e+04  1.86e-04 6.66e-15  1.77e-03    83s
  46   6.81274270e+04  6.65581595e+04  1.55e-04 6.66e-15  1.57e-03    85s
  47   6.81029660e+04  6.68165951e+04  1.44e-04 1.30e-15  1.29e-03    87s
  48   6.80121914e+04  6.69147026e+04  1.01e-04 2.80e-16  1.10e-03    90s
  49   6.79731085e+04  6.70759168e+04  8.56e-05 3.77e-15  8.99e-04    93s
  50   6.79451388e+04  6.71229026e+04  7.44e-05 1.33e-15  8.24e-04    95s
  51   6.79154494e+04  6.72812370e+04  6.20e-05 6.66e-16  6.35e-04    98s
  52   6.78817251e+04  6.73646918e+04  4.95e-05 1.08e-15  5.18e-04   100s
  53   6.78491925e+04  6.74187087e+04  3.80e-05 3.05e-16  4.31e-04   103s
  54   6.78361845e+04  6.74540079e+04  3.35e-05 2.75e-16  3.83e-04   106s
  55   6.78269064e+04  6.74625638e+04  3.03e-05 2.80e-16  3.65e-04   109s
  56   6.78234428e+04  6.74884825e+04  2.92e-05 6.66e-16  3.36e-04   111s
  57   6.78107784e+04  6.75454136e+04  2.47e-05 1.78e-15  2.66e-04   114s
  58   6.77992143e+04  6.75578956e+04  2.09e-05 2.90e-16  2.42e-04   117s
  59   6.77894589e+04  6.75807540e+04  1.79e-05 3.21e-16  2.09e-04   120s
  60   6.77850184e+04  6.75964921e+04  1.65e-05 3.26e-16  1.89e-04   123s
  61   6.77814089e+04  6.76071927e+04  1.53e-05 3.11e-16  1.75e-04   125s
  62   6.77743772e+04  6.76169232e+04  1.31e-05 2.89e-15  1.58e-04   128s
  63   6.77700069e+04  6.76240030e+04  1.18e-05 5.27e-16  1.46e-04   131s
  64   6.77658455e+04  6.76340996e+04  1.06e-05 6.66e-16  1.32e-04   134s
  65   6.77636354e+04  6.76363539e+04  9.92e-06 4.33e-15  1.28e-04   137s
  66   6.77613746e+04  6.76544976e+04  9.27e-06 2.00e-15  1.07e-04   140s
  67   6.77599806e+04  6.76650601e+04  8.81e-06 2.85e-16  9.51e-05   143s
  68   6.77547427e+04  6.76733952e+04  7.25e-06 2.58e-16  8.15e-05   145s
  69   6.77530942e+04  6.76792617e+04  6.77e-06 3.58e-16  7.40e-05   149s
  70   6.77497785e+04  6.76824249e+04  5.84e-06 1.55e-15  6.75e-05   152s
  71   6.77489444e+04  6.76865143e+04  5.62e-06 2.28e-16  6.26e-05   155s
  72   6.77454162e+04  6.76911991e+04  4.68e-06 1.89e-15  5.43e-05   158s
  73   6.77444503e+04  6.76974914e+04  4.39e-06 2.64e-16  4.71e-05   162s
  74   6.77434926e+04  6.77006628e+04  4.13e-06 4.16e-16  4.29e-05   165s
  75   6.77415654e+04  6.77030168e+04  3.62e-06 3.05e-16  3.86e-05   169s
  76   6.77400419e+04  6.77051674e+04  3.23e-06 5.55e-16  3.49e-05   172s
  77   6.77382360e+04  6.77081797e+04  2.75e-06 3.08e-16  3.01e-05   175s
  78   6.77367942e+04  6.77118449e+04  2.37e-06 1.65e-15  2.50e-05   178s
  79   6.77352601e+04  6.77132960e+04  1.97e-06 3.79e-15  2.20e-05   181s
  80   6.77346770e+04  6.77145353e+04  1.81e-06 5.70e-15  2.02e-05   184s
  81   6.77335961e+04  6.77173745e+04  1.54e-06 9.66e-15  1.63e-05   186s
  82   6.77330354e+04  6.77182885e+04  1.40e-06 9.89e-15  1.48e-05   189s
  83   6.77322443e+04  6.77190916e+04  1.20e-06 1.27e-14  1.32e-05   192s
  84   6.77318829e+04  6.77197759e+04  1.12e-06 1.17e-14  1.21e-05   194s
  85   6.77314690e+04  6.77209424e+04  1.01e-06 1.24e-14  1.05e-05   197s
  86   6.77309375e+04  6.77222482e+04  8.85e-07 2.29e-14  8.71e-06   200s
  87   6.77305935e+04  6.77224544e+04  8.12e-07 2.10e-14  8.16e-06   203s
  88   6.77304165e+04  6.77232339e+04  7.72e-07 1.68e-14  7.20e-06   206s
  89   6.77302169e+04  6.77240228e+04  7.25e-07 1.28e-14  6.21e-06   209s
  90   6.77297060e+04  6.77243798e+04  6.09e-07 1.15e-14  5.34e-06   212s
  91   6.77293451e+04  6.77246699e+04  5.15e-07 9.67e-15  4.68e-06   215s
  92   6.77291561e+04  6.77248793e+04  4.75e-07 8.99e-15  4.29e-06   219s
  93   6.77289420e+04  6.77250543e+04  4.23e-07 8.59e-15  3.90e-06   222s
  94   6.77287652e+04  6.77251806e+04  3.89e-07 1.14e-14  3.59e-06   226s
  95   6.77286633e+04  6.77253122e+04  3.58e-07 8.39e-15  3.36e-06   229s
  96   6.77285375e+04  6.77254549e+04  3.31e-07 7.70e-15  3.09e-06   233s
  97   6.77284301e+04  6.77256275e+04  3.03e-07 6.90e-15  2.81e-06   236s
  98   6.77283210e+04  6.77258541e+04  2.75e-07 5.92e-15  2.47e-06   240s
  99   6.77281102e+04  6.77259880e+04  2.33e-07 5.02e-15  2.13e-06   244s
 100   6.77280422e+04  6.77260273e+04  2.12e-07 4.73e-15  2.02e-06   247s
 101   6.77279624e+04  6.77261226e+04  1.91e-07 4.53e-15  1.84e-06   251s
 102   6.77279189e+04  6.77261663e+04  1.83e-07 4.83e-15  1.76e-06   256s
 103   6.77278825e+04  6.77261876e+04  1.82e-07 4.77e-15  1.70e-06   260s
 104   6.77277024e+04  6.77263110e+04  1.40e-07 3.73e-15  1.39e-06   265s
 105   6.77275341e+04  6.77264776e+04  4.79e-07 3.00e-14  1.06e-06   269s
 106   6.77274901e+04  6.77267649e+04  8.02e-07 1.47e-13  7.27e-07   272s
 107   6.77274066e+04  6.77268613e+04  1.01e-06 1.95e-12  5.46e-07   277s
 108   6.77273224e+04  6.77268918e+04  7.45e-07 7.60e-12  4.31e-07   283s
 109   6.77272577e+04  6.77269545e+04  6.68e-07 3.47e-11  3.04e-07   286s
 110   6.77272470e+04  6.77269922e+04  6.28e-07 2.45e-11  2.55e-07   293s
 111   6.77272295e+04  6.77269973e+04  5.46e-07 2.24e-11  2.33e-07   299s
 112   6.77271943e+04  6.77270424e+04  4.80e-07 9.43e-12  1.52e-07   307s
 113   6.77271348e+04  6.77270630e+04  1.25e-06 5.09e-11  7.19e-08   313s
 114   6.77271175e+04  6.77270656e+04  3.00e-05 3.17e-11  5.21e-08   315s
 115   6.77271055e+04  6.77270665e+04  2.16e-05 2.84e-11  3.90e-08   320s
 116   6.77270871e+04  6.77270707e+04  1.37e-04 1.28e-10  1.64e-08   321s
 117   6.77270835e+04  6.77270731e+04  1.22e-04 4.37e-11  1.04e-08   322s
 118   6.77270778e+04  6.77270738e+04  7.60e-05 1.43e-11  3.94e-09   324s
 119   6.77270766e+04  6.77270741e+04  5.23e-05 1.82e-09  2.52e-09   325s
 120   6.77270759e+04  6.77270742e+04  3.63e-05 5.50e-09  1.66e-09   327s
 121   6.77270753e+04  6.77270743e+04  1.21e-04 3.08e-09  1.05e-09   330s
 122   6.77270745e+04  6.77270743e+04  5.05e-05 2.57e-10  1.78e-10   331s
 123   6.77270743e+04  6.77270743e+04  9.60e-06 3.24e-09  2.43e-11   332s

Barrier solved model in 123 iterations and 332.23 seconds (222.91 work units)
Optimal objective 6.77270743e+04


Gurobi 13.0.2 (linux64) logging started Fri Jul 17 12:55:46 2026

Set parameter LogFile to value "outputs/batch_1007_res/2052_FR_alone/logfile_2052_FR_alone.txt"
Gurobi Optimizer version 13.0.2 build v13.0.2rc1 (linux64 - "CentOS Stream 9")

CPU model: Intel(R) Xeon(R) Gold 6130 CPU @ 2.10GHz, instruction set [SSE2|AVX|AVX2|AVX512]
Thread count: 16 physical cores, 32 logical processors, using up to 32 threads

Non-default parameters:
Method  2
Crossover  0
NumericFocus  3
Presolve  2

Optimize a model with 1007907 rows, 823495 columns and 3925649 nonzeros (Min)
Model fingerprint: 0x68c9fad4
Model has 210275 linear objective coefficients
Coefficient statistics:
  Matrix range     [1e-04, 1e+02]
  Objective range  [6e-04, 3e+03]
  Bounds range     [0e+00, 0e+00]
  RHS range        [7e-02, 1e+05]

Presolve removed 639820 rows and 438038 columns (presolve time = 5s)...
Presolve removed 736182 rows and 446801 columns
Presolve time: 9.66s
Presolved: 271725 rows, 385454 columns, 1466670 nonzeros
Ordering time: 0.42s

Barrier statistics:
 Dense cols : 14
 AA' NZ     : 1.094e+06
 Factor NZ  : 5.980e+06 (roughly 300 MB of memory)
 Factor Ops : 3.587e+08 (less than 1 second per iteration)
 Threads    : 16

                  Objective                Residual
Iter       Primal          Dual         Primal    Dual     Compl     Time
   0   3.15477481e+07 -1.07709129e+12  8.63e+07 3.71e-14  1.21e+07    11s
   1   3.16338332e+07 -3.99242123e+11  7.93e+07 2.28e+02  7.67e+06    12s
   2   3.24859006e+07 -1.02349021e+11  6.12e+07 2.46e+01  4.92e+06    13s
   3   3.88140925e+07 -3.63105318e+10  1.53e+07 3.84e+00  1.26e+06    15s
   4   3.89715027e+07 -1.22550110e+10  2.05e+06 3.56e-01  1.77e+05    16s
   5   3.61567704e+07 -5.25730563e+09  4.32e+05 7.87e-02  3.95e+04    17s
   6   2.73845652e+07 -2.40287994e+09  9.19e+04 2.90e-02  9.56e+03    18s
   7   1.62482535e+07 -1.24701501e+09  1.82e+04 1.03e-02  2.91e+03    19s
   8   1.21479414e+07 -1.13113454e+09  2.80e+03 9.08e-03  1.92e+03    20s
   9   9.82124630e+06 -8.89469333e+08  9.64e+02 6.81e-03  1.44e+03    22s
  10   8.91204201e+06 -7.40311834e+08  4.82e+02 5.20e-03  1.18e+03    23s
  11   7.06072908e+06 -4.68896060e+08  7.60e+01 3.05e-03  7.38e+02    25s
  12   3.48949367e+06 -7.68961744e+07  1.15e+01 4.66e-10  1.23e+02    26s
  13   1.63494589e+06 -1.58960299e+07  4.07e+00 1.90e-10  2.66e+01    27s
  14   8.34501340e+05 -6.74343684e+06  1.78e+00 5.93e-11  1.14e+01    28s
  15   4.46987070e+05 -2.69685473e+06  8.10e-01 2.60e-11  4.73e+00    29s
  16   2.79819876e+05 -8.59739739e+05  4.09e-01 6.20e-12  1.71e+00    30s
  17   1.86669640e+05 -4.60240892e+05  2.13e-01 4.60e-12  9.72e-01    31s
  18   1.51352838e+05 -1.80878608e+05  1.45e-01 1.18e-12  4.99e-01    33s
  19   1.21112822e+05 -6.89233544e+04  8.76e-02 7.53e-13  2.85e-01    34s
  20   9.91093512e+04 -2.21353039e+04  4.88e-02 4.76e-13  1.82e-01    35s
  21   9.35230580e+04  4.10318022e+03  3.89e-02 3.09e-13  1.34e-01    37s
  22   8.98658215e+04  2.16235748e+04  3.27e-02 3.20e-13  1.03e-01    38s
  23   8.71328736e+04  2.58655370e+04  2.81e-02 2.77e-13  9.20e-02    38s
  24   8.48031563e+04  2.95075060e+04  2.42e-02 2.10e-13  8.31e-02    39s
  25   8.19697700e+04  3.41153338e+04  1.94e-02 1.31e-13  7.19e-02    41s
  26   7.98464739e+04  3.83829262e+04  1.58e-02 1.46e-13  6.23e-02    43s
  27   7.63270001e+04  4.47702469e+04  9.98e-03 1.35e-13  4.74e-02    44s
  28   7.48989278e+04  5.24710003e+04  8.13e-03 1.03e-13  3.37e-02    47s
  29   7.28006547e+04  5.46260878e+04  5.49e-03 8.53e-14  2.73e-02    49s
  30   7.10045517e+04  5.78407029e+04  3.87e-03 1.69e-14  1.98e-02    50s
  31   7.02158090e+04  5.98502749e+04  3.10e-03 2.93e-14  1.56e-02    51s
  32   6.95735481e+04  6.15677770e+04  2.50e-03 1.91e-14  1.20e-02    53s
  33   6.91087836e+04  6.27809736e+04  2.08e-03 5.33e-15  9.50e-03    55s
  34   6.85332441e+04  6.35611106e+04  1.57e-03 4.44e-16  7.47e-03    57s
  35   6.80669246e+04  6.42813467e+04  1.15e-03 8.88e-15  5.69e-03    59s
  36   6.77463025e+04  6.48891802e+04  8.60e-04 7.99e-15  4.29e-03    61s
  37   6.76011907e+04  6.51794932e+04  7.44e-04 1.55e-15  3.64e-03    62s
  38   6.74809158e+04  6.54918774e+04  6.50e-04 1.11e-15  2.99e-03    64s
  39   6.73271232e+04  6.55952266e+04  5.31e-04 5.33e-15  2.60e-03    66s
  40   6.72912225e+04  6.56933864e+04  5.04e-04 4.70e-16  2.40e-03    68s
  41   6.72343126e+04  6.57886803e+04  4.60e-04 6.92e-16  2.17e-03    70s
  42   6.71325389e+04  6.59245367e+04  3.82e-04 6.00e-15  1.81e-03    72s
  43   6.70560501e+04  6.60033019e+04  3.24e-04 4.70e-16  1.58e-03    74s
  44   6.70463247e+04  6.60350418e+04  3.17e-04 6.92e-16  1.52e-03    77s
  45   6.70291962e+04  6.60549253e+04  3.01e-04 2.89e-15  1.46e-03    80s
  46   6.70187740e+04  6.60878659e+04  2.92e-04 6.92e-16  1.40e-03    82s
  47   6.69759684e+04  6.62791426e+04  2.43e-04 5.55e-15  1.05e-03    85s
  48   6.69216105e+04  6.63947032e+04  1.97e-04 6.22e-15  7.91e-04    89s
  49   6.68827933e+04  6.64840702e+04  1.60e-04 7.11e-15  5.99e-04    91s
  50   6.68172099e+04  6.65531673e+04  1.02e-04 1.20e-15  3.97e-04    94s
  51   6.67725350e+04  6.65983075e+04  6.45e-05 1.78e-15  2.62e-04    98s
  52   6.67443182e+04  6.66206518e+04  4.11e-05 1.58e-15  1.86e-04   101s
  53   6.67364819e+04  6.66327712e+04  3.48e-05 2.44e-15  1.56e-04   104s
  54   6.67297703e+04  6.66394016e+04  2.94e-05 3.11e-15  1.36e-04   105s
  55   6.67238369e+04  6.66463381e+04  2.47e-05 4.44e-15  1.16e-04   107s
  56   6.67161264e+04  6.66567896e+04  1.85e-05 3.36e-15  8.91e-05   108s
  57   6.67106131e+04  6.66677528e+04  1.43e-05 3.36e-15  6.44e-05   110s
  58   6.67086769e+04  6.66708653e+04  1.29e-05 3.77e-15  5.68e-05   112s
  59   6.67069533e+04  6.66743245e+04  1.16e-05 1.58e-15  4.90e-05   114s
  60   6.67021097e+04  6.66781873e+04  7.91e-06 3.55e-15  3.59e-05   117s
  61   6.67002178e+04  6.66803738e+04  6.43e-06 3.55e-15  2.98e-05   118s
  62   6.66956707e+04  6.66833547e+04  3.02e-06 3.96e-16  1.85e-05   120s
  63   6.66939513e+04  6.66873022e+04  1.85e-06 1.78e-15  9.99e-06   122s
  64   6.66924801e+04  6.66893463e+04  8.69e-07 5.55e-15  4.71e-06   124s
  65   6.66917894e+04  6.66903018e+04  4.34e-07 8.35e-15  2.23e-06   126s
  66   6.66914890e+04  6.66906486e+04  2.47e-07 8.01e-15  1.26e-06   128s
  67   6.66913010e+04  6.66909174e+04  1.26e-07 3.02e-15  5.76e-07   130s
  68   6.66911589e+04  6.66910429e+04  4.00e-08 3.55e-15  1.74e-07   132s
  69   6.66911068e+04  6.66910790e+04  7.76e-08 2.27e-13  4.17e-08   135s
  70   6.66910899e+04  6.66910864e+04  1.69e-06 1.14e-12  5.32e-09   136s
  71   6.66910876e+04  6.66910872e+04  1.58e-07 1.02e-12  5.34e-10   138s
  72   6.66910873e+04  6.66910873e+04  5.27e-08 3.07e-12  9.18e-11   139s

Barrier solved model in 72 iterations and 139.48 seconds (48.42 work units)
Optimal objective 6.66910873e+04

