
Gurobi 13.0.2 (linux64) logging started Tue Jul 21 17:18:20 2026

Set parameter LogFile to value "outputs/batch_2007_nores_step1/2053_FR_alone/logfile_2053_FR_alone.txt"
Gurobi Optimizer version 13.0.2 build v13.0.2rc1 (linux64 - "CentOS Stream 9")

CPU model: Intel(R) Xeon(R) Gold 6130 CPU @ 2.10GHz, instruction set [SSE2|AVX|AVX2|AVX512]
Thread count: 16 physical cores, 32 logical processors, using up to 32 threads

Non-default parameters:
Method  2
Crossover  0
NumericFocus  3
Presolve  2

Optimize a model with 1007911 rows, 823495 columns and 3925664 nonzeros (Min)
Model fingerprint: 0x2feadd71
Model has 210275 linear objective coefficients
Coefficient statistics:
  Matrix range     [1e-04, 1e+02]
  Objective range  [6e-04, 3e+03]
  Bounds range     [0e+00, 0e+00]
  RHS range        [7e-02, 1e+05]

Presolve removed 529880 rows and 430000 columns (presolve time = 9s)...
Presolve removed 537905 rows and 438025 columns (presolve time = 10s)...
Presolve removed 537905 rows and 438025 columns (presolve time = 15s)...
Presolve removed 701144 rows and 446789 columns (presolve time = 20s)...
Presolve removed 709904 rows and 446789 columns
Presolve time: 21.91s
Presolved: 298007 rows, 385466 columns, 1594872 nonzeros
Ordering time: 0.52s

Barrier statistics:
 Dense cols : 26
 AA' NZ     : 1.248e+06
 Factor NZ  : 6.399e+06 (roughly 300 MB of memory)
 Factor Ops : 3.799e+08 (less than 1 second per iteration)
 Threads    : 16

                  Objective                Residual
Iter       Primal          Dual         Primal    Dual     Compl     Time
   0   8.12179197e+07 -6.01138798e+11  1.22e+08 4.97e-14  3.18e+07    24s
   1   8.34388358e+07 -5.42044639e+11  1.18e+08 7.14e+02  2.85e+07    25s
   2   8.86130199e+07 -3.80385845e+11  1.08e+08 2.86e+02  2.02e+07    26s
   3   9.65956036e+07 -2.47153638e+11  9.24e+07 9.32e+01  1.72e+07    29s
   4   1.39199418e+08 -1.18338907e+11  2.11e+07 1.48e+00  4.14e+06    30s
   5   1.45536856e+08 -3.76554060e+10  2.59e+06 1.38e-01  5.32e+05    33s
   6   1.23559280e+08 -1.44861920e+10  5.31e+05 2.00e-02  1.13e+05    36s
   7   7.74898597e+07 -7.53992126e+09  1.76e+05 2.26e-03  3.79e+04    38s
   8   4.20925865e+07 -4.53612037e+09  5.79e+04 2.64e-08  1.45e+04    40s
   9   2.82419366e+07 -2.23193127e+09  2.63e+04 1.71e-08  6.08e+03    43s
  10   1.76725118e+07 -2.01844752e+09  6.61e+03 1.20e-08  3.72e+03    45s
  11   1.44260329e+07 -1.75411220e+09  3.86e+03 9.51e-09  3.01e+03    48s
  12   1.15245961e+07 -1.59740464e+09  1.08e+03 9.80e-09  2.52e+03    50s
  13   6.41402398e+06 -7.19337208e+08  3.16e+02 7.28e-09  1.11e+03    52s
  14   3.41503910e+06 -4.94341022e+08  9.88e+01 7.75e-09  7.52e+02    54s
  15   1.61614303e+06 -8.40882428e+07  1.46e+01 2.57e-09  1.29e+02    57s
  16   3.95627215e+05 -1.32429007e+07  2.97e+00 1.27e-09  2.05e+01    60s
  17   1.99866568e+05 -2.19315396e+06  1.16e+00 2.03e-10  3.59e+00    62s
  18   1.63910103e+05 -6.07191947e+05  8.22e-01 6.44e-11  1.16e+00    64s
  19   1.36692934e+05 -3.53578919e+05  5.64e-01 3.48e-11  7.36e-01    66s
  20   1.15200102e+05 -2.23883732e+05  3.60e-01 2.59e-11  5.09e-01    68s
  21   1.00190771e+05 -1.30600969e+05  2.16e-01 1.64e-11  3.47e-01    72s
  22   9.33821786e+04 -7.30721488e+04  1.53e-01 1.26e-11  2.50e-01    73s
  23   8.63681007e+04 -1.07653371e+04  9.35e-02 7.76e-12  1.46e-01    75s
  24   8.16933510e+04  1.42195857e+04  6.15e-02 5.27e-12  1.01e-01    76s
  25   7.77379340e+04  2.13088950e+04  3.72e-02 3.38e-12  8.47e-02    77s
  26   7.64375538e+04  2.58398096e+04  3.21e-02 3.87e-12  7.60e-02    78s
  27   7.34222989e+04  4.14795205e+04  2.33e-02 2.02e-12  4.80e-02    81s
  28   7.04264265e+04  4.98324216e+04  1.44e-02 1.49e-12  3.09e-02    83s
  29   6.83437138e+04  5.38539264e+04  9.38e-03 7.60e-13  2.18e-02    86s
  30   6.70846446e+04  5.54624958e+04  6.63e-03 7.51e-13  1.75e-02    89s
  31   6.68538287e+04  5.61232549e+04  6.16e-03 7.68e-13  1.61e-02    90s
  32   6.66846582e+04  5.64115912e+04  5.80e-03 9.09e-13  1.54e-02    92s
  33   6.63838814e+04  5.72397426e+04  5.20e-03 6.01e-13  1.37e-02    95s
  34   6.58422939e+04  5.84708854e+04  4.09e-03 5.21e-13  1.11e-02    98s
  35   6.53036427e+04  5.97204251e+04  3.04e-03 2.73e-12  8.38e-03   101s
  36   6.50104073e+04  6.07850731e+04  2.49e-03 2.58e-13  6.35e-03   105s
  37   6.46579873e+04  6.11105490e+04  1.86e-03 9.09e-13  5.33e-03   109s
  38   6.44594480e+04  6.14587301e+04  1.51e-03 1.61e-13  4.51e-03   111s
  39   6.42768345e+04  6.17799331e+04  1.21e-03 6.82e-13  3.75e-03   114s
  40   6.42375964e+04  6.19367360e+04  1.15e-03 1.31e-13  3.46e-03   117s
  41   6.41222822e+04  6.23166304e+04  9.66e-04 8.53e-14  2.71e-03   119s
  42   6.40229684e+04  6.25335129e+04  8.14e-04 9.09e-13  2.24e-03   123s
  43   6.39757054e+04  6.25822510e+04  7.45e-04 1.20e-13  2.09e-03   125s
  44   6.38821326e+04  6.27420246e+04  6.09e-04 2.27e-13  1.71e-03   126s
  45   6.38366031e+04  6.28479627e+04  5.45e-04 2.27e-13  1.48e-03   128s
  46   6.37774328e+04  6.29399928e+04  4.61e-04 9.50e-14  1.26e-03   131s
  47   6.37300695e+04  6.30427939e+04  3.93e-04 9.09e-13  1.03e-03   134s
  48   6.36742566e+04  6.31383105e+04  3.16e-04 2.27e-12  8.05e-04   137s
  49   6.36327410e+04  6.31636947e+04  2.61e-04 1.14e-12  7.04e-04   140s
  50   6.36101604e+04  6.32056071e+04  2.31e-04 2.05e-12  6.08e-04   142s
  51   6.35685552e+04  6.32532410e+04  1.76e-04 6.75e-14  4.74e-04   144s
  52   6.35498524e+04  6.32673344e+04  1.52e-04 7.11e-14  4.24e-04   148s
  53   6.35289978e+04  6.32999473e+04  1.25e-04 4.44e-14  3.44e-04   153s
  54   6.35099101e+04  6.33232157e+04  1.01e-04 6.04e-14  2.80e-04   157s
  55   6.35022431e+04  6.33252031e+04  9.18e-05 4.26e-14  2.66e-04   161s
  56   6.34901940e+04  6.33566059e+04  7.69e-05 1.14e-13  2.01e-04   165s
  57   6.34799197e+04  6.33607669e+04  6.47e-05 2.27e-13  1.79e-04   170s
  58   6.34762304e+04  6.33706420e+04  6.02e-05 1.87e-14  1.59e-04   176s
  59   6.34726504e+04  6.33759381e+04  5.59e-05 2.73e-12  1.45e-04   181s
  60   6.34673472e+04  6.33874096e+04  4.94e-05 4.80e-14  1.20e-04   186s
  61   6.34604588e+04  6.33958971e+04  4.13e-05 1.59e-12  9.70e-05   190s
  62   6.34561399e+04  6.33984230e+04  3.60e-05 2.71e-14  8.67e-05   194s
  63   6.34520896e+04  6.34020336e+04  3.10e-05 4.55e-13  7.52e-05   199s
  64   6.34474611e+04  6.34044205e+04  2.56e-05 8.17e-14  6.46e-05   201s
  65   6.34416366e+04  6.34083801e+04  1.88e-05 2.96e-12  4.99e-05   206s
  66   6.34404183e+04  6.34117636e+04  1.74e-05 1.14e-12  4.30e-05   210s
  67   6.34387838e+04  6.34127394e+04  1.54e-05 3.73e-14  3.91e-05   215s
  68   6.34376999e+04  6.34164654e+04  1.41e-05 4.55e-13  3.19e-05   223s
  69   6.34365256e+04  6.34166664e+04  1.28e-05 7.82e-14  2.98e-05   233s
  70   6.34342318e+04  6.34173983e+04  1.01e-05 6.82e-13  2.53e-05   241s
  71   6.34327141e+04  6.34189785e+04  8.37e-06 2.50e-12  2.06e-05   253s
  72   6.34318932e+04  6.34205075e+04  7.40e-06 1.74e-13  1.71e-05   261s
  73   6.34310613e+04  6.34207287e+04  6.44e-06 6.75e-14  1.55e-05   269s
  74   6.34307622e+04  6.34212708e+04  6.12e-06 1.71e-13  1.43e-05   274s
  75   6.34301650e+04  6.34216334e+04  5.41e-06 5.42e-14  1.28e-05   282s
  76   6.34296468e+04  6.34221358e+04  4.84e-06 2.73e-12  1.13e-05   290s
  77   6.34292617e+04  6.34225087e+04  4.41e-06 2.22e-14  1.01e-05   300s
  78   6.34287816e+04  6.34227669e+04  3.87e-06 2.73e-12  9.03e-06   308s
  79   6.34282968e+04  6.34230540e+04  3.34e-06 2.05e-12  7.87e-06   320s
  80   6.34281300e+04  6.34233211e+04  3.16e-06 2.31e-14  7.22e-06   327s
  81   6.34279048e+04  6.34234208e+04  2.90e-06 4.62e-14  6.73e-06   335s
  82   6.34277362e+04  6.34235078e+04  2.72e-06 6.84e-14  6.35e-06   341s
  83   6.34272760e+04  6.34237204e+04  2.22e-06 1.59e-12  5.34e-06   352s
  84   6.34270494e+04  6.34239354e+04  1.97e-06 1.14e-12  4.68e-06   359s
  85   6.34268866e+04  6.34241118e+04  1.79e-06 9.95e-14  4.17e-06   367s
  86   6.34267119e+04  6.34242223e+04  1.60e-06 1.14e-12  3.74e-06   375s
  87   6.34265221e+04  6.34244233e+04  1.40e-06 2.13e-13  3.15e-06   380s
  88   6.34262883e+04  6.34247861e+04  1.13e-06 1.14e-12  2.26e-06   390s
  89   6.34259601e+04  6.34248155e+04  7.54e-07 7.11e-14  1.72e-06   399s
  90   6.34258940e+04  6.34248370e+04  6.87e-07 5.86e-14  1.59e-06   405s
  91   6.34258152e+04  6.34248533e+04  6.06e-07 6.82e-13  1.44e-06   418s
  92   6.34257566e+04  6.34248878e+04  5.48e-07 4.97e-14  1.30e-06   425s
  93   6.34256732e+04  6.34249465e+04  4.65e-07 2.50e-12  1.09e-06   433s
  94   6.34255990e+04  6.34249774e+04  3.85e-07 1.59e-12  9.33e-07   438s
  95   6.34255726e+04  6.34250424e+04  3.58e-07 1.14e-12  7.96e-07   448s
  96   6.34255407e+04  6.34250582e+04  3.25e-07 1.36e-12  7.25e-07   455s
  97   6.34254911e+04  6.34251226e+04  2.73e-07 3.20e-14  5.53e-07   464s
  98   6.34254696e+04  6.34251280e+04  2.53e-07 4.55e-13  5.13e-07   471s
  99   6.34254229e+04  6.34251419e+04  2.10e-07 1.48e-12  4.22e-07   485s
 100   6.34254061e+04  6.34251620e+04  1.91e-07 1.48e-12  3.67e-07   495s
 101   6.34253954e+04  6.34251682e+04  1.79e-07 1.93e-12  3.41e-07   509s
 102   6.34253794e+04  6.34251740e+04  1.63e-07 2.31e-14  3.09e-07   518s
 103   6.34253643e+04  6.34251760e+04  1.48e-07 1.14e-13  2.83e-07   536s
 104   6.34253362e+04  6.34251802e+04  6.78e-06 2.39e-11  2.34e-07   551s
 105   6.34253074e+04  6.34251979e+04  1.79e-05 9.88e-12  1.64e-07   556s
 106   6.34252607e+04  6.34252084e+04  6.70e-06 5.44e-12  7.85e-08   562s
 107   6.34252214e+04  6.34252122e+04  4.55e-06 2.27e-12  1.38e-08   570s
 108   6.34252144e+04  6.34252134e+04  1.08e-06 4.80e-13  1.51e-09   575s
 109   6.34252140e+04  6.34252136e+04  1.05e-06 7.03e-09  7.01e-10   579s

Barrier solved model in 109 iterations and 579.52 seconds (108.45 work units)
Optimal objective 6.34252140e+04

