
Gurobi 13.0.2 (linux64) logging started Wed Jul 29 16:26:06 2026

Set parameter LogFile to value "outputs/batch_step2_2060/2045_FR_interconnected/logfile_2045_FR_interconnected.txt"
Gurobi Optimizer version 13.0.2 build v13.0.2rc1 (linux64 - "CentOS Stream 9")

CPU model: Intel(R) Xeon(R) Gold 6130 CPU @ 2.10GHz, instruction set [SSE2|AVX|AVX2|AVX512]
Thread count: 16 physical cores, 32 logical processors, using up to 32 threads

Non-default parameters:
Method  2
Crossover  0
NumericFocus  3
Presolve  2

Optimize a model with 9050783 rows, 6658150 columns and 26752294 nonzeros (Min)
Model fingerprint: 0xc0902421
Model has 1393190 linear objective coefficients
Coefficient statistics:
  Matrix range     [1e-04, 1e+02]
  Objective range  [6e-04, 3e+03]
  Bounds range     [0e+00, 0e+00]
  RHS range        [3e-02, 1e+05]

Presolve removed 5371226 rows and 3416681 columns (presolve time = 5s)...
Presolve removed 5644585 rows and 3690000 columns (presolve time = 14s)...
Presolve removed 5654585 rows and 3700000 columns (presolve time = 18s)...
Presolve removed 5664585 rows and 3710000 columns (presolve time = 21s)...
Presolve removed 5674585 rows and 3720000 columns (presolve time = 27s)...
Presolve removed 5684585 rows and 3730000 columns (presolve time = 31s)...
Presolve removed 5686705 rows and 3732111 columns (presolve time = 35s)...
Presolve removed 5686705 rows and 3732111 columns (presolve time = 40s)...
Presolve removed 5686705 rows and 3732111 columns (presolve time = 45s)...
Presolve removed 5686705 rows and 3732111 columns (presolve time = 50s)...
Presolve removed 5686705 rows and 3732111 columns (presolve time = 55s)...
Presolve removed 5686705 rows and 3732111 columns (presolve time = 60s)...
Presolve removed 6431305 rows and 3732111 columns (presolve time = 65s)...
Presolve removed 6571477 rows and 3740901 columns (presolve time = 70s)...
Presolve removed 6571477 rows and 3740901 columns (presolve time = 75s)...
Presolve removed 6571477 rows and 3740901 columns (presolve time = 80s)...
Presolve removed 6571477 rows and 3740901 columns (presolve time = 85s)...
Presolve removed 6571477 rows and 3740901 columns (presolve time = 90s)...
Presolve removed 6571477 rows and 3740901 columns (presolve time = 95s)...
Presolve removed 6580237 rows and 3740901 columns
Presolve time: 98.99s
Presolved: 2470546 rows, 2926009 columns, 10218024 nonzeros
Elapsed ordering time = 5s
Elapsed ordering time = 10s
Ordering time: 11.06s

Barrier statistics:
 Dense cols : 104
 AA' NZ     : 6.213e+06
 Factor NZ  : 3.739e+07 (roughly 2.0 GB of memory)
 Factor Ops : 2.936e+09 (less than 1 second per iteration)
 Threads    : 16

                  Objective                Residual
Iter       Primal          Dual         Primal    Dual     Compl     Time
   0   6.17499975e+08 -6.86600109e+11  6.19e+08 1.14e-13  3.08e+07   163s
   1   6.36790979e+08 -6.80004446e+11  6.04e+08 8.61e+02  3.01e+07   166s
   2   6.55340025e+08 -6.32607900e+11  5.89e+08 7.40e+02  2.73e+07   170s
   3   7.48534128e+08 -5.00762973e+11  5.18e+08 3.55e+02  1.95e+07   176s
   4   8.46463665e+08 -3.35112332e+11  4.40e+08 1.26e+02  1.26e+07   180s
   5   1.02913080e+09 -2.16069602e+11  3.25e+08 4.15e+01  8.09e+06   186s
   6   1.56725092e+09 -1.41993039e+11  6.38e+07 1.28e+01  1.80e+06   191s
   7   1.64369312e+09 -7.11984101e+10  1.11e+07 3.08e+00  3.39e+05   195s
   8   1.60620197e+09 -4.46703532e+10  3.06e+06 9.03e-01  9.83e+04   198s
   9   1.48183393e+09 -2.60614614e+10  9.72e+05 2.33e-01  3.18e+04   202s
  10   1.12957264e+09 -1.18652628e+10  3.48e+05 5.72e-02  1.06e+04   205s
  11   6.68474710e+08 -8.32042166e+09  1.10e+05 3.13e-02  4.57e+03   209s
  12   4.03879992e+08 -6.91611774e+09  2.65e+04 2.47e-02  2.60e+03   213s
  13   2.29141851e+08 -1.71337141e+09  3.59e+03 4.18e-03  5.64e+02   216s
  14   9.06517713e+07 -3.63359887e+08  4.65e+02 6.90e-04  1.18e+02   220s
  15   3.07204296e+07 -1.58754913e+08  9.07e+01 2.83e-04  4.66e+01   224s
  16   1.27017369e+07 -5.01723352e+07  2.72e+01 5.06e-05  1.51e+01   228s
  17   5.44149038e+06 -2.34072992e+07  9.00e+00 4.56e-11  6.86e+00   233s
  18   3.60208775e+06 -1.36374500e+07  5.13e+00 7.29e-11  4.09e+00   238s
  19   2.30855723e+06 -8.52348018e+06  2.80e+00 3.65e-11  2.57e+00   243s
  20   1.58610839e+06 -4.12519954e+06  1.55e+00 2.74e-11  1.35e+00   248s
  21   1.25679116e+06 -2.51148804e+06  1.06e+00 2.10e-11  8.91e-01   254s
  22   1.17693942e+06 -1.76920845e+06  9.50e-01 1.22e-11  6.97e-01   257s
  23   1.03855258e+06 -1.28276145e+06  7.67e-01 1.28e-11  5.49e-01   261s
  24   9.59204948e+05 -9.35283221e+05  6.63e-01 8.87e-12  4.48e-01   264s
  25   8.29250372e+05 -6.03469095e+05  4.86e-01 7.62e-12  3.39e-01   269s
  26   7.44676990e+05 -3.33962315e+05  3.73e-01 1.02e-11  2.55e-01   275s
  27   6.69882891e+05 -1.27395515e+05  2.76e-01 4.21e-12  1.88e-01   282s
  28   6.31595418e+05 -1.16734339e+04  2.26e-01 4.06e-12  1.52e-01   290s
  29   6.03974528e+05  7.66950934e+04  1.91e-01 3.01e-12  1.25e-01   297s
  30   5.74415924e+05  1.60636803e+05  1.53e-01 2.44e-12  9.78e-02   303s
  31   5.42183390e+05  2.11790870e+05  1.13e-01 2.22e-12  7.81e-02   310s
  32   5.09470539e+05  2.60564707e+05  8.52e-02 1.48e-12  5.88e-02   316s
  33   4.93202619e+05  2.88317432e+05  7.02e-02 1.08e-12  4.84e-02   322s
  34   4.88185433e+05  2.99276298e+05  6.57e-02 1.02e-12  4.47e-02   327s
  35   4.72191804e+05  3.21506210e+05  5.16e-02 2.05e-12  3.56e-02   332s
  36   4.60122087e+05  3.34553966e+05  4.12e-02 1.14e-12  2.97e-02   338s
  37   4.52651029e+05  3.49185956e+05  3.48e-02 2.50e-12  2.45e-02   344s
  38   4.45684811e+05  3.57873857e+05  2.89e-02 6.39e-13  2.08e-02   351s
  39   4.43971443e+05  3.64194457e+05  2.75e-02 1.14e-12  1.89e-02   356s
  40   4.41006465e+05  3.69872869e+05  2.45e-02 1.36e-12  1.68e-02   365s
  41   4.37379234e+05  3.74435974e+05  2.10e-02 5.54e-13  1.49e-02   374s
  42   4.34713469e+05  3.78096572e+05  1.86e-02 2.27e-13  1.34e-02   383s
  43   4.32232677e+05  3.82804323e+05  1.63e-02 3.41e-13  1.17e-02   392s
  44   4.29616294e+05  3.86027158e+05  1.39e-02 3.18e-12  1.03e-02   399s
  45   4.28060042e+05  3.88632295e+05  1.25e-02 3.13e-13  9.32e-03   406s
  46   4.26490046e+05  3.92323361e+05  1.12e-02 9.09e-13  8.08e-03   413s
  47   4.24813777e+05  3.94387519e+05  9.81e-03 2.05e-12  7.19e-03   421s
  48   4.23989808e+05  3.96779101e+05  9.13e-03 9.95e-14  6.43e-03   430s
  49   4.23167565e+05  3.98046754e+05  8.45e-03 1.14e-13  5.94e-03   440s
  50   4.22713937e+05  3.98603326e+05  8.08e-03 1.14e-12  5.70e-03   446s
  51   4.21664221e+05  4.00418810e+05  7.26e-03 1.56e-13  5.02e-03   456s
  52   4.21005452e+05  4.01208663e+05  6.74e-03 9.95e-14  4.68e-03   465s
  53   4.20430944e+05  4.01802007e+05  6.30e-03 1.14e-12  4.40e-03   475s
  54   4.19831749e+05  4.02366603e+05  5.83e-03 1.56e-13  4.13e-03   484s
  55   4.19505883e+05  4.03005542e+05  5.57e-03 6.82e-13  3.90e-03   492s
  56   4.19030018e+05  4.04102708e+05  5.13e-03 1.71e-13  3.53e-03   501s
  57   4.18070646e+05  4.04649681e+05  4.34e-03 1.28e-13  3.17e-03   510s
  58   4.17479213e+05  4.05448044e+05  3.85e-03 2.27e-13  2.84e-03   519s
  59   4.17033212e+05  4.06025103e+05  3.48e-03 9.95e-14  2.60e-03   528s
  60   4.16646783e+05  4.06972635e+05  3.17e-03 6.82e-13  2.29e-03   537s
  61   4.16374979e+05  4.07367505e+05  2.95e-03 5.68e-14  2.13e-03   542s
  62   4.15987957e+05  4.08035537e+05  2.64e-03 5.68e-14  1.88e-03   549s
  63   4.15600137e+05  4.08384022e+05  2.33e-03 1.14e-12  1.71e-03   555s
  64   4.15483888e+05  4.08717482e+05  2.24e-03 1.82e-12  1.60e-03   562s
  65   4.15355638e+05  4.08952773e+05  2.14e-03 1.82e-12  1.51e-03   567s
  66   4.15207320e+05  4.09286757e+05  2.03e-03 2.84e-14  1.40e-03   574s
  67   4.14913704e+05  4.09484758e+05  1.80e-03 2.05e-12  1.28e-03   582s
  68   4.14757849e+05  4.09708283e+05  1.67e-03 2.84e-14  1.19e-03   590s
  69   4.14559712e+05  4.10108728e+05  1.51e-03 1.14e-12  1.05e-03   597s
  70   4.14405762e+05  4.10270753e+05  1.39e-03 2.27e-13  9.77e-04   602s
  71   4.14253973e+05  4.10395305e+05  1.27e-03 3.11e-15  9.12e-04   609s
  72   4.14074166e+05  4.10626556e+05  1.14e-03 7.11e-14  8.15e-04   616s
  73   4.13959243e+05  4.10784134e+05  1.05e-03 1.59e-12  7.50e-04   622s
  74   4.13861902e+05  4.10984387e+05  9.75e-04 2.89e-15  6.80e-04   630s
  75   4.13740635e+05  4.11109219e+05  8.85e-04 1.59e-12  6.22e-04   639s
  76   4.13609770e+05  4.11178513e+05  7.88e-04 9.09e-13  5.75e-04   646s
  77   4.13529166e+05  4.11316442e+05  7.29e-04 6.88e-15  5.23e-04   654s
  78   4.13455093e+05  4.11445941e+05  6.74e-04 1.42e-14  4.75e-04   663s
  79   4.13413303e+05  4.11535908e+05  6.42e-04 7.11e-15  4.44e-04   670s
  80   4.13321255e+05  4.11626322e+05  5.75e-04 9.09e-13  4.01e-04   677s
  81   4.13262001e+05  4.11701832e+05  5.32e-04 9.09e-13  3.69e-04   685s
  82   4.13184223e+05  4.11798302e+05  4.74e-04 5.33e-15  3.28e-04   694s
  83   4.13092850e+05  4.11861488e+05  4.09e-04 9.09e-13  2.91e-04   702s
  84   4.13026752e+05  4.11912274e+05  3.60e-04 3.33e-15  2.63e-04   709s
  85   4.12958246e+05  4.11992827e+05  3.11e-04 4.55e-13  2.28e-04   719s
  86   4.12914200e+05  4.12053317e+05  2.80e-04 6.82e-13  2.03e-04   729s
  87   4.12862279e+05  4.12092046e+05  2.44e-04 4.88e-15  1.82e-04   741s
  88   4.12821993e+05  4.12126893e+05  2.16e-04 2.84e-14  1.64e-04   754s
  89   4.12796054e+05  4.12173435e+05  1.99e-04 5.33e-15  1.47e-04   767s
  90   4.12775166e+05  4.12200003e+05  1.84e-04 6.82e-13  1.36e-04   775s
  91   4.12733037e+05  4.12228521e+05  1.56e-04 6.82e-13  1.19e-04   789s
  92   4.12708299e+05  4.12275821e+05  1.39e-04 2.84e-14  1.02e-04   804s
  93   4.12693277e+05  4.12294917e+05  1.29e-04 8.22e-15  9.42e-05   814s
  94   4.12687629e+05  4.12303109e+05  1.26e-04 2.96e-12  9.09e-05   829s
  95   4.12673264e+05  4.12318952e+05  1.16e-04 3.12e-15  8.37e-05   841s
  96   4.12663782e+05  4.12334932e+05  1.10e-04 5.11e-15  7.77e-05   855s
  97   4.12648754e+05  4.12354435e+05  1.00e-04 3.11e-15  6.96e-05   864s
  98   4.12621543e+05  4.12372072e+05  8.30e-05 2.50e-12  5.90e-05   876s
  99   4.12600675e+05  4.12385292e+05  6.97e-05 9.09e-13  5.09e-05   888s
 100   4.12590640e+05  4.12393835e+05  6.34e-05 7.77e-15  4.65e-05   902s
 101   4.12584227e+05  4.12402101e+05  5.94e-05 1.42e-14  4.30e-05   914s
 102   4.12573879e+05  4.12409382e+05  5.29e-05 1.87e-15  3.89e-05   926s
 103   4.12571545e+05  4.12415665e+05  5.14e-05 6.82e-13  3.68e-05   936s
 104   4.12567465e+05  4.12423637e+05  4.88e-05 1.42e-14  3.40e-05   948s
 105   4.12555568e+05  4.12432081e+05  4.14e-05 1.42e-14  2.92e-05   965s
 106   4.12550376e+05  4.12434391e+05  3.81e-05 6.82e-13  2.74e-05   975s
 107   4.12546261e+05  4.12437786e+05  3.56e-05 4.55e-13  2.56e-05   989s
 108   4.12539421e+05  4.12445410e+05  3.14e-05 2.44e-15  2.22e-05   999s
 109   4.12535707e+05  4.12451466e+05  2.91e-05 1.14e-12  1.99e-05  1017s
 110   4.12527919e+05  4.12452706e+05  2.44e-05 4.00e-15  1.78e-05  1031s
 111   4.12525541e+05  4.12454096e+05  2.30e-05 1.59e-12  1.69e-05  1043s
 112   4.12522329e+05  4.12456318e+05  2.10e-05 1.42e-14  1.56e-05  1055s
 113   4.12519990e+05  4.12457515e+05  1.96e-05 2.27e-13  1.48e-05  1068s
 114   4.12517289e+05  4.12462811e+05  1.80e-05 9.09e-13  1.29e-05  1084s
 115   4.12516629e+05  4.12463613e+05  1.76e-05 1.36e-12  1.25e-05  1097s
 116   4.12514695e+05  4.12464632e+05  1.64e-05 3.11e-15  1.18e-05  1115s
 117   4.12512021e+05  4.12465923e+05  1.48e-05 5.77e-15  1.09e-05  1135s
 118   4.12510608e+05  4.12467233e+05  1.40e-05 2.23e-15  1.03e-05  1153s
 119   4.12508328e+05  4.12467990e+05  1.26e-05 4.55e-13  9.53e-06  1172s
 120   4.12507100e+05  4.12469247e+05  1.19e-05 1.14e-12  8.95e-06  1189s
 121   4.12505456e+05  4.12470064e+05  1.09e-05 2.16e-15  8.37e-06  1203s
 122   4.12504119e+05  4.12471863e+05  1.01e-05 6.82e-13  7.62e-06  1220s
 123   4.12503519e+05  4.12472705e+05  9.73e-06 1.14e-12  7.28e-06  1240s
 124   4.12503128e+05  4.12473761e+05  9.52e-06 4.26e-14  6.94e-06  1252s
 125   4.12500856e+05  4.12474464e+05  8.16e-06 3.11e-15  6.24e-06  1269s
 126   4.12499689e+05  4.12475393e+05  7.45e-06 4.66e-15  5.74e-06  1288s
 127   4.12498938e+05  4.12476026e+05  7.02e-06 3.11e-15  5.42e-06  1306s
 128   4.12497943e+05  4.12477594e+05  6.44e-06 6.82e-13  4.81e-06  1321s
 129   4.12497395e+05  4.12478733e+05  6.11e-06 6.82e-13  4.41e-06  1338s
 130   4.12496302e+05  4.12479454e+05  5.49e-06 1.42e-14  3.98e-06  1357s
 131   4.12495398e+05  4.12479991e+05  4.96e-06 2.50e-12  3.64e-06  1371s
 132   4.12494951e+05  4.12480435e+05  4.70e-06 4.26e-14  3.43e-06  1391s
 133   4.12494641e+05  4.12480965e+05  4.55e-06 6.82e-13  3.23e-06  1409s
 134   4.12493884e+05  4.12481282e+05  4.10e-06 3.41e-13  2.98e-06  1428s
 135   4.12493141e+05  4.12481704e+05  3.67e-06 1.59e-12  2.70e-06  1447s
 136   4.12492061e+05  4.12482224e+05  3.05e-06 1.42e-14  2.33e-06  1466s
 137   4.12491605e+05  4.12482651e+05  2.78e-06 9.09e-13  2.12e-06  1489s
 138   4.12491161e+05  4.12482971e+05  2.52e-06 4.55e-13  1.94e-06  1510s
 139   4.12490593e+05  4.12483428e+05  2.20e-06 2.96e-12  1.69e-06  1529s
 140   4.12490122e+05  4.12483914e+05  1.94e-06 2.05e-12  1.47e-06  1550s
 141   4.12489739e+05  4.12484193e+05  1.70e-06 1.42e-14  1.31e-06  1570s
 142   4.12489501e+05  4.12484410e+05  1.57e-06 1.36e-12  1.20e-06  1592s
 143   4.12489175e+05  4.12484589e+05  1.39e-06 6.82e-13  1.08e-06  1614s
 144   4.12488892e+05  4.12484681e+05  1.23e-06 3.41e-13  9.95e-07  1634s
 145   4.12488635e+05  4.12484908e+05  1.10e-06 6.42e-12  8.81e-07  1661s
 146   4.12488543e+05  4.12485050e+05  1.07e-06 3.33e-11  8.26e-07  1690s
 147   4.12488438e+05  4.12485185e+05  9.74e-07 3.18e-10  7.69e-07  1710s
 148   4.12488325e+05  4.12485295e+05  9.27e-07 3.51e-10  7.16e-07  1733s
 149   4.12488184e+05  4.12485367e+05  8.45e-07 3.94e-10  6.66e-07  1752s
 150   4.12488084e+05  4.12485455e+05  8.01e-07 3.68e-10  6.21e-07  1773s
 151   4.12487947e+05  4.12485568e+05  7.26e-07 3.97e-10  5.62e-07  1798s
 152   4.12487801e+05  4.12485716e+05  6.21e-07 3.43e-10  4.93e-07  1823s
 153   4.12487708e+05  4.12485858e+05  4.81e-07 2.90e-10  4.37e-07  1850s
 154   4.12487591e+05  4.12485933e+05  3.94e-07 1.94e-09  3.92e-07  1871s
 155   4.12487446e+05  4.12485998e+05  3.25e-07 3.81e-09  3.42e-07  1896s
 156   4.12487313e+05  4.12486063e+05  2.12e-07 2.91e-09  2.95e-07  1928s
 157   4.12487224e+05  4.12486164e+05  3.54e-07 2.37e-09  2.51e-07  1945s
 158   4.12487170e+05  4.12486230e+05  7.72e-06 3.90e-09  2.22e-07  1962s
 159   4.12487113e+05  4.12486276e+05  2.86e-07 3.50e-09  1.98e-07  1980s
 160   4.12487071e+05  4.12486319e+05  2.06e-07 5.59e-09  1.78e-07  1993s
 161   4.12487021e+05  4.12486366e+05  5.31e-07 4.83e-09  1.55e-07  2013s
 162   4.12486985e+05  4.12486403e+05  1.24e-06 5.45e-09  1.38e-07  2028s
 163   4.12486949e+05  4.12486425e+05  1.73e-06 5.84e-09  1.24e-07  2038s
 164   4.12486923e+05  4.12486454e+05  5.34e-07 1.31e-08  1.11e-07  2050s
 165   4.12486894e+05  4.12486468e+05  3.25e-07 1.88e-08  1.01e-07  2067s
 166   4.12486874e+05  4.12486491e+05  3.37e-07 1.87e-08  9.05e-08  2081s
 167   4.12486852e+05  4.12486507e+05  4.76e-07 7.06e-08  8.16e-08  2114s
 168   4.12486835e+05  4.12486521e+05  5.60e-06 7.06e-07  7.41e-08  2128s
 169   4.12486821e+05  4.12486539e+05  9.78e-06 1.63e-06  6.65e-08  2152s
 170   4.12486802e+05  4.12486550e+05  8.93e-06 1.56e-06  5.97e-08  2165s
 171   4.12486791e+05  4.12486555e+05  8.52e-06 1.39e-06  5.57e-08  2179s
 172   4.12486777e+05  4.12486564e+05  7.34e-06 1.22e-06  5.04e-08  2196s
 173   4.12486763e+05  4.12486572e+05  6.52e-06 1.10e-06  4.50e-08  2214s
 174   4.12486749e+05  4.12486583e+05  5.41e-06 8.99e-07  3.92e-08  2230s
 175   4.12486739e+05  4.12486590e+05  4.90e-06 8.29e-07  3.54e-08  2239s
 176   4.12486730e+05  4.12486596e+05  4.56e-06 7.58e-07  3.17e-08  2254s
 177   4.12486723e+05  4.12486600e+05  4.25e-06 6.99e-07  2.91e-08  2261s
 178   4.12486718e+05  4.12486603e+05  3.99e-06 6.46e-07  2.72e-08  2274s
 179   4.12486702e+05  4.12486608e+05  2.92e-06 5.60e-07  2.21e-08  2288s
 180   4.12486694e+05  4.12486613e+05  2.32e-06 6.08e-07  1.92e-08  2304s
 181   4.12486688e+05  4.12486617e+05  2.10e-06 5.36e-07  1.69e-08  2316s
 182   4.12486683e+05  4.12486618e+05  1.79e-06 4.86e-07  1.52e-08  2329s
 183   4.12486679e+05  4.12486620e+05  1.65e-06 4.57e-07  1.39e-08  2341s
 184   4.12486672e+05  4.12486623e+05  5.37e-06 4.26e-07  1.18e-08  2358s
 185   4.12486670e+05  4.12486625e+05  3.42e-06 3.74e-07  1.06e-08  2368s
 186   4.12486666e+05  4.12486626e+05  2.91e-06 3.52e-07  9.48e-09  2377s
 187   4.12486664e+05  4.12486628e+05  2.66e-06 3.29e-07  8.58e-09  2393s
 188   4.12486663e+05  4.12486629e+05  2.37e-06 2.90e-07  7.84e-09  2403s
 189   4.12486661e+05  4.12486631e+05  2.22e-06 2.82e-07  7.10e-09  2415s
 190   4.12486659e+05  4.12486633e+05  1.99e-06 2.76e-07  6.27e-09  2426s
 191   4.12486659e+05  4.12486633e+05  1.93e-06 2.66e-07  6.04e-09  2432s
 192   4.12486658e+05  4.12486634e+05  1.88e-06 2.41e-07  5.50e-09  2448s
 193   4.12486657e+05  4.12486635e+05  1.65e-06 2.30e-07  5.17e-09  2454s
 194   4.12486656e+05  4.12486636e+05  1.05e-05 2.11e-07  4.79e-09  2465s
 195   4.12486655e+05  4.12486636e+05  9.88e-06 1.90e-07  4.44e-09  2472s
 196   4.12486654e+05  4.12486637e+05  8.59e-06 1.80e-07  4.07e-09  2482s
 197   4.12486653e+05  4.12486638e+05  7.71e-06 1.67e-07  3.70e-09  2496s
 198   4.12486653e+05  4.12486638e+05  7.25e-06 1.60e-07  3.39e-09  2505s
 199   4.12486652e+05  4.12486639e+05  6.95e-06 1.57e-07  3.23e-09  2510s
 200   4.12486652e+05  4.12486639e+05  6.67e-06 1.48e-07  3.07e-09  2518s
 201   4.12486651e+05  4.12486640e+05  5.71e-06 1.40e-07  2.58e-09  2527s
 202   4.12486651e+05  4.12486641e+05  5.26e-06 1.31e-07  2.37e-09  2533s
 203   4.12486650e+05  4.12486641e+05  4.85e-06 1.24e-07  2.19e-09  2542s
 204   4.12486650e+05  4.12486641e+05  4.67e-06 1.18e-07  2.10e-09  2548s

Barrier solved model in 204 iterations and 2548.38 seconds (1527.21 work units)
Optimal objective 4.12486650e+05

