
Gurobi 13.0.2 (linux64) logging started Wed Jul 22 18:20:15 2026

Set parameter LogFile to value "outputs/batch_2207_res_step3/2042_FR_interconnected/logfile_2042_FR_interconnected.txt"
Gurobi Optimizer version 13.0.2 build v13.0.2rc1 (linux64 - "CentOS Stream 9")

CPU model: Intel(R) Xeon(R) Gold 6130 CPU @ 2.10GHz, instruction set [SSE2|AVX|AVX2|AVX512]
Thread count: 16 physical cores, 32 logical processors, using up to 32 threads

Non-default parameters:
Method  2
Crossover  0
NumericFocus  3
Presolve  2

Optimize a model with 9050884 rows, 6658150 columns and 26752163 nonzeros (Min)
Model fingerprint: 0xa903fff3
Model has 1393190 linear objective coefficients
Coefficient statistics:
  Matrix range     [1e-04, 1e+02]
  Objective range  [6e-04, 3e+03]
  Bounds range     [0e+00, 0e+00]
  RHS range        [3e-02, 1e+05]

Presolve removed 7658461 rows and 3979359 columns (presolve time = 5s)...
Presolve removed 7920864 rows and 4434570 columns (presolve time = 10s)...
Presolve removed 7929624 rows and 4434570 columns (presolve time = 15s)...
Presolve removed 8017252 rows and 4443540 columns (presolve time = 20s)...
Presolve removed 8026012 rows and 4443540 columns
Presolve time: 23.83s
Presolved: 1024872 rows, 2223370 columns, 5684026 nonzeros
Ordering time: 3.54s

Barrier statistics:
 AA' NZ     : 1.910e+06
 Factor NZ  : 1.328e+07 (roughly 1.0 GB of memory)
 Factor Ops : 5.836e+08 (less than 1 second per iteration)
 Threads    : 16

                  Objective                Residual
Iter       Primal          Dual         Primal    Dual     Compl     Time
   0   2.57482972e+10 -3.80012417e+11  1.15e+08 5.09e-14  6.70e+06    36s
   1   3.00830375e+10 -1.46639845e+11  2.40e+07 4.62e+01  1.41e+06    37s
   2   2.41623200e+10 -4.38175422e+10  3.69e+06 1.25e-12  2.23e+05    39s
   3   8.62190440e+09 -2.46448718e+10  6.22e+05 1.78e+00  4.26e+04    41s
   4   3.41428743e+09 -1.46226119e+10  2.02e+05 9.26e-13  1.50e+04    43s
   5   1.71222255e+09 -6.61129021e+09  9.54e+04 1.14e-12  6.21e+03    44s
   6   5.89825750e+08 -3.45167106e+09  3.16e+04 1.14e-12  2.18e+03    45s
   7   2.28783618e+08 -2.84374521e+09  1.16e+04 9.09e-13  1.22e+03    46s
   8   9.06433404e+07 -1.82161279e+09  3.92e+03 9.09e-13  6.33e+02    48s
   9   6.45396776e+07 -1.36927277e+09  2.69e+03 1.02e-12  4.58e+02    49s
  10   2.60260897e+07 -9.64158471e+08  6.16e+02 9.09e-13  2.89e+02    50s
  11   1.51534189e+07 -2.02461352e+08  1.47e+02 1.08e-12  6.21e+01    52s
  12   9.61346812e+06 -6.60858864e+07  5.37e+01 6.54e-13  2.15e+01    53s
  13   6.00190421e+06 -2.77921968e+07  2.51e+01 3.69e-13  9.56e+00    55s
  14   4.51478862e+06 -1.38143471e+07  1.77e+01 1.99e-13  5.18e+00    56s
  15   3.45159861e+06 -8.39506253e+06  1.28e+01 1.42e-13  3.35e+00    58s
  16   2.09069078e+06 -4.12359055e+06  7.16e+00 7.82e-14  1.76e+00    61s
  17   1.30671205e+06 -2.70342977e+06  4.33e+00 5.33e-14  1.13e+00    63s
  18   1.08476375e+06 -2.01344976e+06  3.52e+00 4.09e-14  8.75e-01    65s
  19   9.32291398e+05 -1.62209166e+06  2.94e+00 3.64e-14  7.21e-01    66s
  20   8.38697289e+05 -1.50054437e+06  2.56e+00 3.91e-14  6.60e-01    68s
  21   7.50327988e+05 -1.27477491e+06  2.16e+00 3.38e-14  5.72e-01    70s
  22   6.86675709e+05 -1.04897777e+06  1.80e+00 2.93e-14  4.90e-01    73s
  23   6.48850560e+05 -8.40390229e+05  1.53e+00 2.66e-14  4.20e-01    76s
  24   6.20483596e+05 -5.48763640e+05  1.25e+00 1.78e-14  3.30e-01    81s
  25   5.87362699e+05 -3.47457690e+05  9.18e-01 1.89e-14  2.64e-01    84s
  26   5.68090032e+05 -1.73222837e+05  7.34e-01 1.78e-14  2.09e-01    88s
  27   5.50107272e+05 -7.53208579e+04  5.84e-01 1.66e-14  1.76e-01    90s
  28   5.42198551e+05  5.12999732e+03  5.01e-01 1.77e-14  1.52e-01    94s
  29   5.35852801e+05  9.55557390e+04  4.16e-01 1.63e-14  1.24e-01    97s
  30   5.27004995e+05  2.69101155e+05  2.42e-01 1.69e-14  7.28e-02   101s
  31   5.19309034e+05  4.38504143e+05  7.38e-02 3.14e-14  2.28e-02   104s
  32   5.16730860e+05  4.56941537e+05  3.75e-02 2.94e-14  1.69e-02   107s
  33   5.15562380e+05  4.60438082e+05  3.08e-02 2.73e-14  1.56e-02   110s
  34   5.14982866e+05  4.61327241e+05  2.84e-02 2.56e-14  1.51e-02   112s
  35   5.14296301e+05  4.66255136e+05  2.63e-02 2.19e-14  1.36e-02   113s
  36   5.13283650e+05  4.68454025e+05  2.34e-02 2.38e-14  1.26e-02   115s
  37   5.12559192e+05  4.73755786e+05  2.14e-02 2.34e-14  1.09e-02   117s
  38   5.11041858e+05  4.77091353e+05  1.74e-02 2.14e-14  9.58e-03   118s
  39   5.09892572e+05  4.80902261e+05  1.46e-02 1.96e-14  8.18e-03   120s
  40   5.08783370e+05  4.83756973e+05  1.20e-02 1.87e-14  7.06e-03   122s
  41   5.08086344e+05  4.86430489e+05  1.05e-02 1.93e-14  6.11e-03   124s
  42   5.07603695e+05  4.87899172e+05  9.51e-03 2.16e-14  5.56e-03   125s
  43   5.07213577e+05  4.89509840e+05  8.72e-03 2.04e-14  4.99e-03   127s
  44   5.06782800e+05  4.90558928e+05  7.87e-03 2.13e-14  4.58e-03   129s
  45   5.06313025e+05  4.91676765e+05  6.96e-03 2.14e-14  4.13e-03   131s
  46   5.05771549e+05  4.92894281e+05  5.94e-03 2.11e-14  3.63e-03   132s
  47   5.04973518e+05  4.94046051e+05  4.47e-03 1.91e-14  3.08e-03   135s
  48   5.04484794e+05  4.95952402e+05  3.62e-03 1.90e-14  2.41e-03   138s
  49   5.03995466e+05  4.97020637e+05  2.79e-03 1.90e-14  1.97e-03   141s
  50   5.03641355e+05  4.97971839e+05  2.22e-03 2.04e-14  1.60e-03   143s
  51   5.03386918e+05  4.98604578e+05  1.82e-03 1.74e-14  1.35e-03   145s
  52   5.03195560e+05  4.99200045e+05  1.52e-03 1.90e-14  1.13e-03   146s
  53   5.03029202e+05  4.99701616e+05  1.27e-03 1.64e-14  9.39e-04   148s
  54   5.02888037e+05  4.99988566e+05  1.06e-03 1.85e-14  8.18e-04   149s
  55   5.02702321e+05  5.00193822e+05  7.79e-04 1.83e-14  7.08e-04   152s
  56   5.02580695e+05  5.00444267e+05  6.02e-04 1.88e-14  6.03e-04   155s
  57   5.02497908e+05  5.00710160e+05  4.84e-04 1.79e-14  5.04e-04   158s
  58   5.02414325e+05  5.01042441e+05  3.64e-04 1.67e-14  3.87e-04   162s
  59   5.02362449e+05  5.01257853e+05  2.91e-04 1.71e-14  3.12e-04   165s
  60   5.02316184e+05  5.01383854e+05  2.29e-04 2.00e-14  2.63e-04   167s
  61   5.02286418e+05  5.01534924e+05  1.89e-04 1.70e-14  2.12e-04   169s
  62   5.02253426e+05  5.01649704e+05  1.46e-04 1.91e-14  1.70e-04   170s
  63   5.02227381e+05  5.01730619e+05  1.11e-04 1.61e-14  1.40e-04   172s
  64   5.02212235e+05  5.01777662e+05  9.22e-05 1.77e-14  1.23e-04   173s
  65   5.02203869e+05  5.01822296e+05  8.18e-05 1.69e-14  1.08e-04   175s
  66   5.02194853e+05  5.01859691e+05  7.07e-05 1.79e-14  9.46e-05   178s
  67   5.02187542e+05  5.01893577e+05  6.13e-05 1.90e-14  8.29e-05   181s
  68   5.02173086e+05  5.01971999e+05  4.30e-05 2.37e-14  5.67e-05   184s
  69   5.02160312e+05  5.02022376e+05  2.74e-05 1.80e-14  3.89e-05   187s
  70   5.02153768e+05  5.02066132e+05  1.94e-05 1.47e-14  2.47e-05   192s
  71   5.02147226e+05  5.02084193e+05  1.24e-05 1.48e-14  1.78e-05   196s
  72   5.02146197e+05  5.02087681e+05  1.12e-05 1.75e-14  1.65e-05   200s
  73   5.02145045e+05  5.02092732e+05  9.95e-06 1.75e-14  1.48e-05   203s
  74   5.02143943e+05  5.02097642e+05  8.83e-06 1.99e-14  1.31e-05   207s
  75   5.02142372e+05  5.02111605e+05  7.19e-06 1.65e-14  8.68e-06   212s
  76   5.02140143e+05  5.02118099e+05  4.93e-06 1.84e-14  6.22e-06   218s
  77   5.02137508e+05  5.02124133e+05  2.41e-06 1.78e-14  3.77e-06   225s
  78   5.02136683e+05  5.02128281e+05  1.63e-06 1.35e-14  2.37e-06   233s
  79   5.02135821e+05  5.02129538e+05  8.72e-07 1.43e-14  1.77e-06   238s
  80   5.02135673e+05  5.02130935e+05  7.48e-07 1.71e-14  1.34e-06   242s
  81   5.02135509e+05  5.02131326e+05  6.08e-07 1.52e-14  1.18e-06   246s
  82   5.02135368e+05  5.02132032e+05  4.88e-07 1.55e-14  9.41e-07   249s
  83   5.02135243e+05  5.02132126e+05  3.84e-07 1.62e-14  8.79e-07   253s
  84   5.02135123e+05  5.02132812e+05  2.84e-07 1.63e-14  6.52e-07   259s
  85   5.02135019e+05  5.02133458e+05  1.95e-07 1.58e-14  4.41e-07   267s
  86   5.02134968e+05  5.02134001e+05  1.51e-07 1.81e-14  2.73e-07   275s
  87   5.02134906e+05  5.02134216e+05  1.05e-07 2.98e-14  1.95e-07   283s
  88   5.02134865e+05  5.02134280e+05  7.15e-08 6.54e-14  1.65e-07   288s
  89   5.02134850e+05  5.02134373e+05  5.94e-08 5.30e-14  1.35e-07   298s
  90   5.02134835e+05  5.02134477e+05  4.43e-08 3.74e-14  1.01e-07   302s
  91   5.02134817e+05  5.02134574e+05  3.20e-08 1.38e-13  6.87e-08   305s
  92   5.02134805e+05  5.02134646e+05  2.24e-08 2.96e-13  4.49e-08   313s
  93   5.02134787e+05  5.02134716e+05  1.04e-08 2.35e-13  2.02e-08   320s
  94   5.02134783e+05  5.02134748e+05  5.12e-09 5.66e-13  9.98e-09   327s
  95   5.02134778e+05  5.02134763e+05  3.46e-09 2.58e-12  4.32e-09   330s
  96   5.02134775e+05  5.02134770e+05  2.31e-09 2.26e-12  1.44e-09   333s
  97   5.02134774e+05  5.02134773e+05  4.73e-09 2.43e-12  3.07e-10   335s
  98   5.02134774e+05  5.02134773e+05  6.26e-09 2.19e-12  1.26e-10   337s

Barrier solved model in 98 iterations and 337.07 seconds (190.64 work units)
Optimal objective 5.02134774e+05


Gurobi 13.0.2 (linux64) logging started Wed Jul 22 18:58:03 2026

Set parameter LogFile to value "outputs/batch_2207_res_step3/2042_FR_interconnected/logfile_2042_FR_interconnected.txt"
Gurobi Optimizer version 13.0.2 build v13.0.2rc1 (linux64 - "CentOS Stream 9")

CPU model: Intel(R) Xeon(R) Gold 6130 CPU @ 2.10GHz, instruction set [SSE2|AVX|AVX2|AVX512]
Thread count: 16 physical cores, 32 logical processors, using up to 32 threads

Non-default parameters:
Method  2
Crossover  0
NumericFocus  3
Presolve  2

Optimize a model with 9050884 rows, 6658150 columns and 26752163 nonzeros (Min)
Model fingerprint: 0x191bc719
Model has 1393190 linear objective coefficients
Coefficient statistics:
  Matrix range     [1e-04, 1e+02]
  Objective range  [6e-04, 3e+03]
  Bounds range     [0e+00, 0e+00]
  RHS range        [3e-02, 1e+05]

Presolve removed 7658449 rows and 3979179 columns (presolve time = 5s)...
Presolve removed 7920846 rows and 4434408 columns (presolve time = 10s)...
Presolve removed 7929606 rows and 4434408 columns (presolve time = 15s)...
Presolve removed 8017234 rows and 4443378 columns (presolve time = 20s)...
Presolve removed 8025994 rows and 4443378 columns
Presolve time: 23.77s
Presolved: 1024890 rows, 2223532 columns, 5684440 nonzeros
Ordering time: 0.69s

Barrier statistics:
 AA' NZ     : 1.910e+06
 Factor NZ  : 1.584e+07 (roughly 1.0 GB of memory)
 Factor Ops : 1.695e+09 (less than 1 second per iteration)
 Threads    : 16

                  Objective                Residual
Iter       Primal          Dual         Primal    Dual     Compl     Time
   0   2.57679637e+10 -3.80014620e+11  1.15e+08 5.09e-14  6.70e+06    33s
   1   3.01061997e+10 -1.46674128e+11  2.40e+07 4.62e+01  1.41e+06    34s
   2   2.41808496e+10 -4.38319728e+10  3.70e+06 1.25e-12  2.23e+05    36s
   3   8.62665777e+09 -2.46300966e+10  6.23e+05 1.76e+00  4.26e+04    38s
   4   3.43113737e+09 -1.46206949e+10  2.03e+05 9.35e-13  1.51e+04    39s
   5   1.71641400e+09 -6.62375645e+09  9.59e+04 1.14e-12  6.23e+03    40s
   6   5.91676977e+08 -3.46482195e+09  3.18e+04 1.15e-12  2.19e+03    41s
   7   2.29275284e+08 -2.84634005e+09  1.16e+04 1.02e-12  1.22e+03    43s
   8   9.04532198e+07 -1.81769881e+09  3.91e+03 9.09e-13  6.31e+02    44s
   9   6.48582153e+07 -1.37290542e+09  2.70e+03 1.02e-12  4.59e+02    46s
  10   2.61729920e+07 -9.69378863e+08  6.18e+02 1.02e-12  2.91e+02    47s
  11   1.52062312e+07 -2.05041520e+08  1.44e+02 8.53e-13  6.28e+01    49s
  12   9.67068064e+06 -6.66632930e+07  5.17e+01 7.96e-13  2.16e+01    50s
  13   6.03254998e+06 -2.77261516e+07  2.41e+01 3.98e-13  9.55e+00    52s
  14   4.53180912e+06 -1.38548790e+07  1.70e+01 1.92e-13  5.20e+00    53s
  15   2.95013959e+06 -7.12989577e+06  1.04e+01 1.03e-13  2.85e+00    55s
  16   2.11165953e+06 -4.43755418e+06  7.22e+00 7.11e-14  1.85e+00    57s
  17   1.37964949e+06 -2.93300743e+06  4.60e+00 4.62e-14  1.22e+00    59s
  18   1.12707201e+06 -2.19067924e+06  3.68e+00 3.91e-14  9.37e-01    60s
  19   9.10920397e+05 -1.66505678e+06  2.87e+00 3.20e-14  7.27e-01    63s
  20   8.34087175e+05 -1.49753057e+06  2.56e+00 2.84e-14  6.58e-01    64s
  21   7.28317309e+05 -1.37361703e+06  2.12e+00 3.29e-14  5.93e-01    66s
  22   6.89644630e+05 -1.15428801e+06  1.92e+00 2.84e-14  5.20e-01    69s
  23   6.42027176e+05 -7.82000507e+05  1.63e+00 2.22e-14  4.02e-01    72s
  24   5.87627024e+05 -5.31666669e+05  1.27e+00 1.87e-14  3.16e-01    75s
  25   5.56688300e+05 -3.69300205e+05  1.01e+00 1.76e-14  2.61e-01    79s
  26   5.34002650e+05 -2.29118636e+05  8.06e-01 2.00e-14  2.15e-01    82s
  27   5.25006752e+05 -1.56689312e+05  7.25e-01 1.84e-14  1.92e-01    85s
  28   5.19916252e+05 -1.25440954e+05  6.74e-01 1.83e-14  1.82e-01    87s
  29   5.18560068e+05 -7.17578019e+04  6.58e-01 1.93e-14  1.67e-01    91s
  30   5.02697302e+05  2.83402300e+05  2.07e-01 1.57e-14  6.19e-02    94s
  31   4.94851330e+05  4.23990217e+05  2.05e-02 7.32e-15  2.00e-02    96s
  32   4.93787075e+05  4.38629185e+05  1.37e-02 5.86e-15  1.56e-02    99s
  33   4.93010389e+05  4.41404398e+05  1.18e-02 5.83e-15  1.46e-02   101s
  34   4.92545328e+05  4.44335596e+05  1.09e-02 5.12e-15  1.36e-02   102s
  35   4.91108893e+05  4.44594228e+05  8.87e-03 5.01e-15  1.31e-02   103s
  36   4.90688103e+05  4.48539625e+05  8.42e-03 4.54e-15  1.19e-02   105s
  37   4.90188298e+05  4.52121531e+05  7.91e-03 3.90e-15  1.07e-02   106s
  38   4.89108067e+05  4.54939309e+05  6.81e-03 4.02e-15  9.64e-03   107s
  39   4.88346274e+05  4.57641760e+05  6.13e-03 3.48e-15  8.66e-03   109s
  40   4.86573171e+05  4.63209792e+05  4.78e-03 2.60e-15  6.59e-03   110s
  41   4.85404608e+05  4.65127771e+05  3.86e-03 2.53e-15  5.72e-03   111s
  42   4.84644555e+05  4.67363762e+05  3.29e-03 2.41e-15  4.87e-03   113s
  43   4.84274177e+05  4.68585538e+05  3.02e-03 1.97e-15  4.43e-03   114s
  44   4.83894576e+05  4.69220136e+05  2.75e-03 2.21e-15  4.14e-03   115s
  45   4.82701531e+05  4.71196321e+05  1.94e-03 1.76e-15  3.25e-03   117s
  46   4.81702731e+05  4.73223671e+05  1.29e-03 1.54e-15  2.39e-03   120s
  47   4.81023547e+05  4.74972888e+05  8.69e-04 1.16e-15  1.71e-03   122s
  48   4.80623128e+05  4.76503925e+05  6.34e-04 1.04e-15  1.16e-03   125s
  49   4.80434826e+05  4.77368985e+05  5.28e-04 1.14e-15  8.65e-04   127s
  50   4.80245254e+05  4.77849812e+05  4.24e-04 9.07e-16  6.76e-04   129s
  51   4.80104251e+05  4.77923889e+05  3.48e-04 9.64e-16  6.15e-04   131s
  52   4.80027917e+05  4.78169918e+05  3.07e-04 1.12e-15  5.24e-04   132s
  53   4.79917240e+05  4.78359355e+05  2.48e-04 1.11e-15  4.39e-04   134s
  54   4.79799648e+05  4.78557061e+05  1.86e-04 1.18e-15  3.51e-04   137s
  55   4.79708863e+05  4.78706538e+05  1.38e-04 1.03e-15  2.83e-04   140s
  56   4.79658117e+05  4.78831285e+05  1.12e-04 1.07e-15  2.33e-04   143s
  57   4.79608427e+05  4.78955700e+05  8.59e-05 1.09e-15  1.84e-04   146s
  58   4.79530211e+05  4.79086500e+05  4.52e-05 9.66e-16  1.25e-04   149s
  59   4.79512598e+05  4.79157578e+05  3.60e-05 1.05e-15  1.00e-04   152s
  60   4.79498875e+05  4.79186199e+05  2.92e-05 1.05e-15  8.82e-05   154s
  61   4.79493298e+05  4.79208530e+05  2.65e-05 1.08e-15  8.03e-05   155s
  62   4.79488156e+05  4.79222923e+05  2.40e-05 1.45e-15  7.48e-05   157s
  63   4.79484779e+05  4.79242883e+05  2.22e-05 1.20e-15  6.82e-05   159s
  64   4.79481248e+05  4.79251112e+05  2.05e-05 1.43e-15  6.49e-05   160s
  65   4.79478783e+05  4.79262159e+05  1.92e-05 1.60e-15  6.11e-05   162s
  66   4.79471720e+05  4.79289795e+05  1.56e-05 1.51e-15  5.13e-05   164s
  67   4.79461980e+05  4.79327068e+05  1.09e-05 1.28e-15  3.81e-05   168s
  68   4.79452706e+05  4.79360390e+05  6.60e-06 1.25e-15  2.60e-05   173s
  69   4.79448949e+05  4.79380998e+05  4.81e-06 1.26e-15  1.92e-05   178s
  70   4.79445669e+05  4.79396915e+05  3.28e-06 1.16e-15  1.38e-05   182s
  71   4.79445026e+05  4.79400125e+05  3.01e-06 1.01e-15  1.27e-05   185s
  72   4.79443865e+05  4.79401832e+05  2.53e-06 1.28e-15  1.19e-05   188s
  73   4.79443472e+05  4.79404148e+05  2.37e-06 1.41e-15  1.11e-05   191s
  74   4.79442931e+05  4.79406587e+05  2.14e-06 1.22e-15  1.03e-05   196s
  75   4.79442252e+05  4.79407590e+05  1.87e-06 1.47e-15  9.78e-06   201s
  76   4.79441600e+05  4.79411847e+05  1.59e-06 1.36e-15  8.39e-06   207s
  77   4.79440465e+05  4.79422341e+05  1.11e-06 1.07e-15  5.11e-06   212s
  78   4.79439241e+05  4.79424777e+05  6.57e-07 1.10e-15  4.08e-06   218s
  79   4.79438601e+05  4.79428020e+05  4.26e-07 1.17e-15  2.99e-06   223s
  80   4.79438120e+05  4.79430918e+05  2.60e-07 1.04e-15  2.03e-06   229s
  81   4.79437834e+05  4.79432649e+05  1.65e-07 9.24e-16  1.46e-06   234s
  82   4.79437736e+05  4.79433322e+05  1.34e-07 8.68e-16  1.25e-06   237s
  83   4.79437662e+05  4.79433750e+05  1.10e-07 1.06e-15  1.10e-06   241s
  84   4.79437609e+05  4.79434204e+05  9.46e-08 9.83e-16  9.61e-07   243s
  85   4.79437550e+05  4.79434774e+05  7.84e-08 1.11e-15  7.83e-07   246s
  86   4.79437500e+05  4.79435190e+05  6.25e-08 1.07e-15  6.52e-07   250s
  87   4.79437436e+05  4.79435650e+05  4.56e-08 1.52e-15  5.04e-07   254s
  88   4.79437400e+05  4.79436230e+05  3.34e-08 1.87e-15  3.30e-07   260s
  89   4.79437355e+05  4.79436488e+05  2.14e-08 1.46e-15  2.45e-07   267s
  90   4.79437334e+05  4.79436719e+05  1.55e-08 1.19e-15  1.74e-07   273s
  91   4.79437326e+05  4.79436791e+05  1.69e-08 1.01e-15  1.51e-07   277s
  92   4.79437319e+05  4.79436882e+05  1.58e-08 1.15e-14  1.23e-07   281s
  93   4.79437306e+05  4.79436979e+05  5.84e-09 2.35e-14  9.22e-08   287s
  94   4.79437292e+05  4.79437071e+05  4.26e-09 1.58e-14  6.23e-08   296s
  95   4.79437284e+05  4.79437180e+05  1.32e-09 1.80e-13  2.93e-08   305s
  96   4.79437281e+05  4.79437239e+05  6.23e-10 1.54e-13  1.19e-08   312s
  97   4.79437277e+05  4.79437256e+05  1.14e-09 2.76e-13  5.93e-09   315s
  98   4.79437275e+05  4.79437261e+05  6.62e-09 2.22e-13  4.04e-09   317s
  99   4.79437274e+05  4.79437270e+05  1.39e-08 7.75e-13  1.29e-09   319s
 100   4.79437274e+05  4.79437273e+05  2.39e-08 1.17e-12  2.33e-10   320s
 101   4.79437274e+05  4.79437274e+05  5.01e-08 9.75e-13  9.41e-11   322s

Barrier solved model in 101 iterations and 322.07 seconds (206.53 work units)
Optimal objective 4.79437274e+05


Gurobi 13.0.2 (linux64) logging started Thu Jul 23 10:51:20 2026

Set parameter LogFile to value "outputs/batch_2207_res_step3/2042_FR_interconnected/logfile_2042_FR_interconnected.txt"
Gurobi Optimizer version 13.0.2 build v13.0.2rc1 (linux64 - "CentOS Stream 9")

CPU model: Intel(R) Xeon(R) Gold 6130 CPU @ 2.10GHz, instruction set [SSE2|AVX|AVX2|AVX512]
Thread count: 16 physical cores, 32 logical processors, using up to 32 threads

Non-default parameters:
Method  2
Crossover  0
NumericFocus  3
Presolve  2

Optimize a model with 9050884 rows, 6658150 columns and 26752163 nonzeros (Min)
Model fingerprint: 0xbc2a77da
Model has 1393190 linear objective coefficients
Coefficient statistics:
  Matrix range     [1e-04, 1e+02]
  Objective range  [6e-04, 3e+03]
  Bounds range     [0e+00, 0e+00]
  RHS range        [3e-02, 1e+05]

Presolve removed 7684773 rows and 4023123 columns (presolve time = 5s)...
Presolve removed 7947174 rows and 4478294 columns (presolve time = 10s)...
Presolve removed 7955934 rows and 4478294 columns (presolve time = 15s)...
Presolve removed 8043562 rows and 4487348 columns (presolve time = 20s)...
Presolve removed 8052322 rows and 4487348 columns
Presolve time: 24.49s
Presolved: 998562 rows, 2179562 columns, 5552329 nonzeros
Ordering time: 0.64s

Barrier statistics:
 AA' NZ     : 1.813e+06
 Factor NZ  : 1.538e+07 (roughly 1.0 GB of memory)
 Factor Ops : 1.763e+09 (less than 1 second per iteration)
 Threads    : 16

                  Objective                Residual
Iter       Primal          Dual         Primal    Dual     Compl     Time
   0   2.57761788e+10 -3.79313259e+11  1.15e+08 5.09e-14  6.74e+06    34s
   1   3.00945448e+10 -1.45647869e+11  2.50e+07 4.51e+01  1.47e+06    35s
   2   2.41975760e+10 -4.36286881e+10  3.82e+06 1.25e-12  2.31e+05    37s
   3   8.52124177e+09 -2.41268448e+10  6.37e+05 1.81e+00  4.36e+04    39s
   4   3.37023594e+09 -1.41738931e+10  2.06e+05 1.14e-12  1.52e+04    40s
   5   1.67574441e+09 -6.47088963e+09  9.63e+04 1.15e-12  6.27e+03    42s
   6   5.77742213e+08 -3.36461892e+09  3.19e+04 1.36e-12  2.20e+03    43s
   7   2.23650085e+08 -2.78834659e+09  1.16e+04 1.25e-12  1.23e+03    44s
   8   8.77298916e+07 -1.76987381e+09  3.86e+03 9.09e-13  6.29e+02    45s
   9   6.43761151e+07 -1.36793011e+09  2.73e+03 9.09e-13  4.69e+02    47s
  10   2.59761995e+07 -9.60776250e+08  6.23e+02 9.09e-13  2.95e+02    48s
  11   1.47791356e+07 -1.82357183e+08  1.29e+02 1.25e-12  5.76e+01    50s
  12   9.47064931e+06 -6.04405087e+07  4.75e+01 7.96e-13  2.03e+01    51s
  13   5.78239647e+06 -2.50551503e+07  2.16e+01 4.26e-13  8.94e+00    53s
  14   4.18679541e+06 -1.23133191e+07  1.44e+01 2.20e-13  4.78e+00    54s
  15   2.55914245e+06 -6.73040099e+06  8.07e+00 1.42e-13  2.69e+00    56s
  16   1.62251607e+06 -3.23756097e+06  4.72e+00 7.46e-14  1.41e+00    58s
  17   1.25839619e+06 -1.90992398e+06  3.57e+00 4.26e-14  9.17e-01    60s
  18   1.01893624e+06 -1.41799181e+06  2.80e+00 3.82e-14  7.05e-01    62s
  19   8.92222147e+05 -1.25879517e+06  2.38e+00 3.46e-14  6.23e-01    63s
  20   8.19790117e+05 -1.12514384e+06  2.12e+00 3.20e-14  5.63e-01    65s
  21   7.21463087e+05 -9.28935679e+05  1.76e+00 2.66e-14  4.78e-01    68s
  22   6.54658177e+05 -7.46645326e+05  1.46e+00 2.40e-14  4.06e-01    71s
  23   6.23063812e+05 -4.90655552e+05  1.27e+00 2.23e-14  3.22e-01    74s
  24   5.69050085e+05 -3.40670473e+05  9.17e-01 1.84e-14  2.63e-01    78s
  25   5.42398719e+05 -1.90927945e+05  7.33e-01 2.41e-14  2.12e-01    81s
  26   5.31664793e+05 -1.07805222e+05  6.60e-01 2.85e-14  1.85e-01    85s
  27   5.25304678e+05 -7.79064245e+04  6.10e-01 2.24e-14  1.75e-01    87s
  28   5.22991050e+05 -1.56701310e+04  5.88e-01 2.28e-14  1.56e-01    91s
  29   5.03011139e+05  3.69453398e+05  2.01e-01 1.72e-14  3.86e-02    95s
  30   4.93714953e+05  4.37548798e+05  2.31e-02 8.22e-15  1.62e-02    98s
  31   4.92630548e+05  4.44652182e+05  1.57e-02 6.83e-15  1.39e-02   100s
  32   4.92263016e+05  4.46179101e+05  1.48e-02 6.48e-15  1.33e-02   102s
  33   4.91497549e+05  4.48103379e+05  1.30e-02 5.82e-15  1.26e-02   103s
  34   4.91012656e+05  4.48884226e+05  1.19e-02 6.16e-15  1.22e-02   105s
  35   4.90463596e+05  4.50150964e+05  1.09e-02 5.81e-15  1.17e-02   106s
  36   4.89862615e+05  4.51429886e+05  1.00e-02 5.60e-15  1.11e-02   107s
  37   4.89414192e+05  4.53537420e+05  9.49e-03 4.84e-15  1.04e-02   109s
  38   4.88643747e+05  4.54951684e+05  8.50e-03 4.59e-15  9.75e-03   110s
  39   4.87787402e+05  4.56972764e+05  7.48e-03 4.09e-15  8.91e-03   112s
  40   4.86961922e+05  4.59548842e+05  6.55e-03 3.49e-15  7.93e-03   114s
  41   4.85481002e+05  4.62383103e+05  5.02e-03 3.26e-15  6.68e-03   117s
  42   4.84515413e+05  4.64829855e+05  4.13e-03 2.68e-15  5.69e-03   121s
  43   4.83624316e+05  4.66769044e+05  3.36e-03 2.33e-15  4.88e-03   125s
  44   4.82824071e+05  4.67917348e+05  2.69e-03 2.39e-15  4.31e-03   129s
  45   4.82483555e+05  4.69175241e+05  2.42e-03 2.23e-15  3.85e-03   131s
  46   4.82238290e+05  4.70035017e+05  2.23e-03 2.33e-15  3.53e-03   134s
  47   4.81829471e+05  4.71053245e+05  1.92e-03 2.00e-15  3.12e-03   137s
  48   4.81492001e+05  4.72461722e+05  1.67e-03 1.76e-15  2.61e-03   139s
  49   4.81183910e+05  4.73113702e+05  1.45e-03 1.72e-15  2.33e-03   142s
  50   4.80819172e+05  4.73826375e+05  1.19e-03 1.69e-15  2.02e-03   144s
  51   4.80558655e+05  4.74597595e+05  1.01e-03 1.72e-15  1.72e-03   146s
  52   4.80339471e+05  4.75422182e+05  8.61e-04 1.49e-15  1.42e-03   149s
  53   4.80084518e+05  4.76036912e+05  6.93e-04 1.38e-15  1.17e-03   151s
  54   4.79929647e+05  4.76620209e+05  5.91e-04 1.24e-15  9.57e-04   154s
  55   4.79646759e+05  4.77092187e+05  4.08e-04 1.16e-15  7.39e-04   156s
  56   4.79477530e+05  4.77357488e+05  3.02e-04 1.19e-15  6.13e-04   158s
  57   4.79386355e+05  4.77586516e+05  2.46e-04 1.14e-15  5.21e-04   161s
  58   4.79325484e+05  4.77767102e+05  2.08e-04 1.15e-15  4.51e-04   163s
  59   4.79262494e+05  4.77913910e+05  1.70e-04 1.27e-15  3.90e-04   166s
  60   4.79203552e+05  4.78047323e+05  1.34e-04 1.29e-15  3.34e-04   168s
  61   4.79174027e+05  4.78151673e+05  1.16e-04 1.14e-15  2.96e-04   170s
  62   4.79143709e+05  4.78218762e+05  9.82e-05 1.33e-15  2.68e-04   173s
  63   4.79115725e+05  4.78308534e+05  8.17e-05 1.36e-15  2.33e-04   175s
  64   4.79092159e+05  4.78420397e+05  6.79e-05 1.37e-15  1.94e-04   178s
  65   4.79066629e+05  4.78514349e+05  5.31e-05 1.42e-15  1.60e-04   180s
  66   4.79041170e+05  4.78587867e+05  3.84e-05 1.31e-15  1.31e-04   183s
  67   4.79027768e+05  4.78655247e+05  3.09e-05 1.44e-15  1.08e-04   186s
  68   4.79021663e+05  4.78686354e+05  2.75e-05 1.11e-15  9.70e-05   188s
  69   4.79017116e+05  4.78710859e+05  2.50e-05 1.27e-15  8.86e-05   189s
  70   4.79012110e+05  4.78729857e+05  2.23e-05 1.21e-15  8.16e-05   191s
  71   4.79007404e+05  4.78765047e+05  1.97e-05 1.32e-15  7.01e-05   193s
  72   4.78998490e+05  4.78818146e+05  1.46e-05 1.09e-15  5.22e-05   196s
  73   4.78989389e+05  4.78862113e+05  9.68e-06 9.93e-16  3.68e-05   201s
  74   4.78983403e+05  4.78892378e+05  6.54e-06 1.15e-15  2.63e-05   206s
  75   4.78977425e+05  4.78915323e+05  3.56e-06 1.06e-15  1.80e-05   210s
  76   4.78975114e+05  4.78927585e+05  2.41e-06 1.29e-15  1.37e-05   215s
  77   4.78974309e+05  4.78931957e+05  2.06e-06 1.02e-15  1.23e-05   218s
  78   4.78973660e+05  4.78936856e+05  1.78e-06 1.13e-15  1.06e-05   221s
  79   4.78973390e+05  4.78939064e+05  1.67e-06 1.19e-15  9.93e-06   225s
  80   4.78973124e+05  4.78940041e+05  1.56e-06 1.38e-15  9.57e-06   228s
  81   4.78972907e+05  4.78942627e+05  1.46e-06 1.21e-15  8.76e-06   232s
  82   4.78971803e+05  4.78951056e+05  9.83e-07 1.16e-15  6.00e-06   238s
  83   4.78971165e+05  4.78955282e+05  7.22e-07 1.31e-15  4.59e-06   244s
  84   4.78970404e+05  4.78957806e+05  4.41e-07 1.44e-15  3.64e-06   252s
  85   4.78970110e+05  4.78961492e+05  3.32e-07 1.29e-15  2.49e-06   260s
  86   4.78969742e+05  4.78962901e+05  2.09e-07 9.81e-16  1.98e-06   266s
  87   4.78969639e+05  4.78964313e+05  1.73e-07 9.93e-16  1.54e-06   270s
  88   4.78969579e+05  4.78965379e+05  1.52e-07 1.34e-15  1.21e-06   273s
  89   4.78969439e+05  4.78966054e+05  1.13e-07 9.95e-16  9.79e-07   277s
  90   4.78969378e+05  4.78966297e+05  9.44e-08 1.17e-15  8.91e-07   281s
  91   4.78969306e+05  4.78967019e+05  7.10e-08 7.28e-15  6.61e-07   286s
  92   4.78969221e+05  4.78967578e+05  4.82e-08 5.64e-15  4.75e-07   294s
  93   4.78969184e+05  4.78967965e+05  3.74e-08 4.76e-15  3.53e-07   304s
  94   4.78969138e+05  4.78968244e+05  2.40e-08 3.53e-15  2.59e-07   315s
  95   4.78969114e+05  4.78968443e+05  1.92e-08 1.45e-14  1.94e-07   321s
  96   4.78969092e+05  4.78968607e+05  6.67e-07 4.69e-14  1.40e-07   327s
  97   4.78969078e+05  4.78968732e+05  4.44e-07 8.12e-14  1.00e-07   333s
  98   4.78969069e+05  4.78968822e+05  2.95e-07 7.99e-14  7.12e-08   336s
  99   4.78969063e+05  4.78968915e+05  2.12e-07 2.78e-13  4.28e-08   339s
 100   4.78969061e+05  4.78968944e+05  1.82e-07 2.27e-13  3.36e-08   345s
 101   4.78969054e+05  4.78968970e+05  1.00e-07 2.57e-13  2.44e-08   350s
 102   4.78969050e+05  4.78969009e+05  5.08e-08 2.98e-13  1.21e-08   354s
 103   4.78969048e+05  4.78969026e+05  2.66e-08 1.09e-12  6.43e-09   356s
 104   4.78969046e+05  4.78969040e+05  1.06e-08 1.30e-12  2.01e-09   359s
 105   4.78969046e+05  4.78969043e+05  1.82e-08 1.30e-12  7.63e-10   361s
 106   4.78969045e+05  4.78969045e+05  1.77e-08 1.00e-12  1.96e-10   363s
 107   4.78969045e+05  4.78969045e+05  1.50e-08 2.39e-12  7.91e-11   366s

Barrier solved model in 107 iterations and 365.95 seconds (203.83 work units)
Optimal objective 4.78969045e+05

