
Gurobi 13.0.2 (linux64) logging started Mon Jul 20 19:24:06 2026

Set parameter LogFile to value "outputs/batch_2007_res_step1/2043_FR_interconnected/logfile_2043_FR_interconnected.txt"
Gurobi Optimizer version 13.0.2 build v13.0.2rc1 (linux64 - "CentOS Stream 9")

CPU model: Intel(R) Xeon(R) Gold 6130 CPU @ 2.10GHz, instruction set [SSE2|AVX|AVX2|AVX512]
Thread count: 16 physical cores, 32 logical processors, using up to 32 threads

Non-default parameters:
Method  2
Crossover  0
NumericFocus  3
Presolve  2

Optimize a model with 9050788 rows, 6658150 columns and 26752006 nonzeros (Min)
Model fingerprint: 0x205bb59d
Model has 1393190 linear objective coefficients
Coefficient statistics:
  Matrix range     [1e-04, 1e+02]
  Objective range  [6e-04, 3e+03]
  Bounds range     [0e+00, 0e+00]
  RHS range        [3e-02, 1e+05]

Presolve removed 4368373 rows and 2858232 columns (presolve time = 5s)...
Presolve removed 5137924 rows and 3680000 columns (presolve time = 13s)...
Presolve removed 5147924 rows and 3690000 columns (presolve time = 18s)...
Presolve removed 5157924 rows and 3700000 columns (presolve time = 22s)...
Presolve removed 5167924 rows and 3710000 columns (presolve time = 26s)...
Presolve removed 5177924 rows and 3720000 columns (presolve time = 32s)...
Presolve removed 5187924 rows and 3730000 columns (presolve time = 37s)...
Presolve removed 5190135 rows and 3732202 columns (presolve time = 40s)...
Presolve removed 5190135 rows and 3732202 columns (presolve time = 45s)...
Presolve removed 5190135 rows and 3732202 columns (presolve time = 50s)...
Presolve removed 5190135 rows and 3732202 columns (presolve time = 55s)...
Presolve removed 5190135 rows and 3732202 columns (presolve time = 60s)...
Presolve removed 5190135 rows and 3732202 columns (presolve time = 65s)...
Presolve removed 5190135 rows and 3732202 columns (presolve time = 70s)...
Presolve removed 5934735 rows and 3732202 columns (presolve time = 76s)...
Presolve removed 6571649 rows and 3740996 columns (presolve time = 80s)...
Presolve removed 6571649 rows and 3740996 columns (presolve time = 85s)...
Presolve removed 6571649 rows and 3740996 columns (presolve time = 90s)...
Presolve removed 6571649 rows and 3740996 columns (presolve time = 95s)...
Presolve removed 6571649 rows and 3740996 columns (presolve time = 100s)...
Presolve removed 6571649 rows and 3740996 columns (presolve time = 105s)...
Presolve removed 6571649 rows and 3740996 columns (presolve time = 110s)...
Presolve removed 6580409 rows and 3740996 columns
Presolve time: 113.09s
Presolved: 2470379 rows, 2925914 columns, 10741019 nonzeros
Elapsed ordering time = 7s
Elapsed ordering time = 10s
Elapsed ordering time = 15s
Ordering time: 20.00s

Barrier statistics:
 Dense cols : 176
 AA' NZ     : 6.737e+06
 Factor NZ  : 3.845e+07 (roughly 2.0 GB of memory)
 Factor Ops : 3.774e+09 (less than 1 second per iteration)
 Threads    : 16

                  Objective                Residual
Iter       Primal          Dual         Primal    Dual     Compl     Time
   0   4.84023878e+08 -8.77410181e+11  2.69e+08 1.14e-13  6.82e+07   193s
   1   5.07538951e+08 -8.70799025e+11  2.61e+08 8.54e+02  6.61e+07   202s
   2   5.31567572e+08 -8.55936665e+11  2.53e+08 2.53e+02  6.32e+07   215s
   3   5.64455246e+08 -7.95519548e+11  2.36e+08 2.57e+02  5.28e+07   230s
   4   6.25209624e+08 -6.35856886e+11  2.06e+08 1.87e+02  3.30e+07   243s
   5   7.91571575e+08 -4.84297625e+11  1.33e+08 5.08e+01  1.92e+07   257s
   6   1.09463949e+09 -3.54431186e+11  7.30e+07 1.98e+01  1.01e+07   276s
   7   1.20058119e+09 -2.43329656e+11  3.30e+07 7.69e+00  4.59e+06   290s
   8   1.29661537e+09 -1.67180240e+11  1.21e+07 3.05e+00  1.72e+06   299s
   9   1.35524044e+09 -1.11030082e+11  3.84e+06 9.41e-01  5.56e+05   307s
  10   1.32534868e+09 -7.06044673e+10  1.02e+06 2.71e-01  1.56e+05   316s
  11   1.16948226e+09 -3.79048588e+10  2.46e+05 5.93e-02  3.99e+04   326s
  12   9.32683193e+08 -2.15857322e+10  8.08e+04 2.29e-02  1.44e+04   338s
  13   7.13285529e+08 -1.20023782e+10  3.16e+04 9.01e-03  6.03e+03   348s
  14   4.53347426e+08 -9.81542022e+09  8.79e+03 6.72e-03  3.36e+03   359s
  15   3.19743161e+08 -5.29557651e+09  2.37e+03 3.01e-03  1.56e+03   371s
  16   1.37069212e+08 -2.89853043e+09  3.25e+02 1.44e-03  7.61e+02   382s
  17   5.75201986e+07 -3.51165901e+08  3.66e+01 1.23e-08  9.87e+01   399s
  18   2.31990893e+07 -1.05363018e+08  1.37e+01 2.82e-09  3.06e+01   413s
  19   9.09414895e+06 -3.05020261e+07  4.33e+00 1.49e-09  9.38e+00   429s
  20   5.08869949e+06 -1.66621736e+07  2.17e+00 7.19e-10  5.15e+00   438s
  21   3.46104708e+06 -8.89711166e+06  1.29e+00 3.49e-10  2.92e+00   451s
  22   2.78009577e+06 -6.52766273e+06  9.46e-01 2.50e-10  2.20e+00   459s
  23   2.04184583e+06 -4.67093464e+06  6.35e-01 1.31e-10  1.59e+00   476s
  24   1.60952492e+06 -2.21719447e+06  4.59e-01 1.01e-10  9.05e-01   492s
  25   1.18409414e+06 -1.39497939e+06  2.90e-01 7.73e-11  6.10e-01   503s
  26   1.07154340e+06 -1.07956734e+06  2.44e-01 7.16e-11  5.08e-01   516s
  27   1.00444615e+06 -7.35197472e+05  2.16e-01 5.46e-11  4.11e-01   523s
  28   9.63566758e+05 -4.93618603e+05  1.99e-01 3.76e-11  3.44e-01   533s
  29   9.00185690e+05 -3.28759922e+05  1.74e-01 3.31e-11  2.90e-01   543s
  30   7.66249690e+05 -1.72117241e+05  1.19e-01 3.31e-11  2.22e-01   558s
  31   6.85660227e+05 -5.24356559e+04  8.75e-02 2.40e-11  1.74e-01   575s
  32   6.44491553e+05  3.45574317e+04  7.17e-02 1.89e-11  1.44e-01   598s
  33   6.22216217e+05  1.01489874e+05  6.31e-02 1.38e-11  1.23e-01   615s
  34   5.93730042e+05  1.59629298e+05  5.20e-02 1.32e-11  1.03e-01   631s
  35   5.71474907e+05  2.08287032e+05  4.34e-02 1.16e-11  8.58e-02   652s
  36   5.43579474e+05  2.47911001e+05  3.31e-02 9.44e-12  6.99e-02   678s
  37   5.36257918e+05  2.92873532e+05  3.13e-02 6.61e-12  5.75e-02   704s
  38   5.07134951e+05  3.22657415e+05  2.29e-02 4.59e-12  4.36e-02   724s
  39   4.91886744e+05  3.38209362e+05  1.87e-02 3.09e-12  3.63e-02   746s
  40   4.85359555e+05  3.49753956e+05  1.70e-02 3.02e-12  3.20e-02   770s
  41   4.83175078e+05  3.58525802e+05  1.64e-02 2.80e-12  2.95e-02   792s
  42   4.77009078e+05  3.64723094e+05  1.48e-02 2.65e-12  2.65e-02   817s
  43   4.72032347e+05  3.72704126e+05  1.33e-02 2.24e-12  2.35e-02   841s
  44   4.66781657e+05  3.78282569e+05  1.19e-02 1.95e-12  2.09e-02   867s
  45   4.62268055e+05  3.84412315e+05  1.06e-02 1.93e-12  1.84e-02   892s
  46   4.59572973e+05  3.86907001e+05  9.89e-03 1.75e-12  1.72e-02   912s
  47   4.53216021e+05  3.92205221e+05  8.25e-03 1.45e-12  1.44e-02   937s
  48   4.50106980e+05  3.97491994e+05  7.44e-03 1.06e-12  1.24e-02   963s
  49   4.45682081e+05  4.00271884e+05  6.30e-03 1.36e-12  1.07e-02   985s
  50   4.44349196e+05  4.02514898e+05  5.94e-03 2.27e-12  9.89e-03  1009s
  51   4.41488372e+05  4.04320395e+05  5.16e-03 8.99e-13  8.78e-03  1034s
  52   4.39659336e+05  4.05287174e+05  4.65e-03 7.25e-13  8.12e-03  1059s
  53   4.37750175e+05  4.06622323e+05  4.11e-03 6.82e-13  7.36e-03  1082s
  54   4.36230689e+05  4.07712198e+05  3.68e-03 6.86e-13  6.74e-03  1112s
  55   4.35184995e+05  4.08936260e+05  3.38e-03 1.82e-12  6.20e-03  1138s
  56   4.34255435e+05  4.09693007e+05  3.12e-03 9.09e-13  5.81e-03  1158s
  57   4.33154401e+05  4.11321400e+05  2.82e-03 5.22e-13  5.16e-03  1184s
  58   4.32173253e+05  4.13288448e+05  2.54e-03 2.27e-12  4.46e-03  1210s
  59   4.30964995e+05  4.14043529e+05  2.20e-03 1.14e-12  4.00e-03  1226s
  60   4.30300285e+05  4.15085147e+05  2.01e-03 2.50e-12  3.60e-03  1247s
  61   4.29824985e+05  4.15861705e+05  1.87e-03 2.81e-13  3.30e-03  1272s
  62   4.29161292e+05  4.16720443e+05  1.68e-03 4.55e-13  2.94e-03  1293s
  63   4.28393401e+05  4.17289796e+05  1.46e-03 3.52e-13  2.62e-03  1317s
  64   4.27819311e+05  4.17805147e+05  1.30e-03 1.14e-12  2.37e-03  1348s
  65   4.27284500e+05  4.18176732e+05  1.15e-03 4.55e-13  2.15e-03  1369s
  66   4.26758425e+05  4.18692461e+05  1.00e-03 2.27e-12  1.91e-03  1389s
  67   4.26418080e+05  4.19017994e+05  9.03e-04 2.17e-13  1.75e-03  1419s
  68   4.26015023e+05  4.19347496e+05  7.89e-04 1.49e-13  1.58e-03  1441s
  69   4.25751768e+05  4.19669701e+05  7.14e-04 2.27e-13  1.44e-03  1464s
  70   4.25535359e+05  4.20097023e+05  6.53e-04 4.97e-13  1.29e-03  1483s
  71   4.25345477e+05  4.20300852e+05  5.99e-04 2.27e-12  1.19e-03  1511s
  72   4.25138447e+05  4.20566505e+05  5.42e-04 3.41e-13  1.08e-03  1530s
  73   4.24842685e+05  4.20709005e+05  4.59e-04 1.81e-13  9.77e-04  1551s
  74   4.24729940e+05  4.20815723e+05  4.28e-04 1.63e-13  9.25e-04  1568s
  75   4.24656853e+05  4.20872545e+05  4.08e-04 6.93e-14  8.94e-04  1593s
  76   4.24606812e+05  4.20926125e+05  3.94e-04 9.09e-13  8.70e-04  1607s
  77   4.24487956e+05  4.21171675e+05  3.61e-04 9.09e-13  7.84e-04  1632s
  78   4.24317004e+05  4.21368701e+05  3.14e-04 9.59e-14  6.97e-04  1657s
  79   4.24225975e+05  4.21439504e+05  2.89e-04 2.73e-12  6.59e-04  1680s
  80   4.24201702e+05  4.21467637e+05  2.83e-04 5.54e-13  6.46e-04  1700s
  81   4.24166379e+05  4.21490518e+05  2.73e-04 2.73e-12  6.32e-04  1723s
  82   4.24056372e+05  4.21658805e+05  2.43e-04 4.12e-13  5.67e-04  1748s
  83   4.24016792e+05  4.21715210e+05  2.33e-04 1.67e-13  5.44e-04  1768s
  84   4.23915506e+05  4.21878568e+05  2.05e-04 1.49e-13  4.81e-04  1795s
  85   4.23837858e+05  4.22010112e+05  1.84e-04 5.51e-14  4.32e-04  1817s
  86   4.23802488e+05  4.22145651e+05  1.75e-04 9.95e-14  3.92e-04  1847s
  87   4.23745608e+05  4.22207748e+05  1.60e-04 2.05e-12  3.63e-04  1873s
  88   4.23711475e+05  4.22275359e+05  1.52e-04 1.39e-13  3.39e-04  1897s
  89   4.23680787e+05  4.22304032e+05  1.44e-04 4.32e-12  3.25e-04  1916s
  90   4.23654248e+05  4.22337654e+05  1.37e-04 1.14e-13  3.11e-04  1947s
  91   4.23615769e+05  4.22394429e+05  1.27e-04 1.14e-13  2.89e-04  1979s
  92   4.23578821e+05  4.22414267e+05  1.18e-04 2.27e-13  2.75e-04  2021s
  93   4.23542898e+05  4.22471541e+05  1.09e-04 2.05e-12  2.53e-04  2063s
  94   4.23512533e+05  4.22523439e+05  1.01e-04 1.08e-13  2.34e-04  2097s
  95   4.23494188e+05  4.22555243e+05  9.68e-05 4.55e-13  2.22e-04  2129s
  96   4.23478099e+05  4.22575910e+05  9.28e-05 1.42e-13  2.13e-04  2158s
  97   4.23449230e+05  4.22600362e+05  8.56e-05 7.11e-14  2.01e-04  2191s
  98   4.23432881e+05  4.22645862e+05  8.14e-05 1.36e-12  1.86e-04  2227s
  99   4.23414243e+05  4.22683581e+05  7.69e-05 2.27e-12  1.73e-04  2267s
 100   4.23392041e+05  4.22726945e+05  7.14e-05 2.73e-12  1.57e-04  2300s
 101   4.23374913e+05  4.22759668e+05  6.71e-05 1.24e-13  1.45e-04  2326s
 102   4.23356990e+05  4.22769932e+05  6.27e-05 9.09e-13  1.39e-04  2361s
 103   4.23337680e+05  4.22807950e+05  5.81e-05 2.05e-12  1.25e-04  2385s
 104   4.23327366e+05  4.22812161e+05  5.56e-05 2.27e-13  1.22e-04  2419s
 105   4.23309808e+05  4.22830238e+05  5.15e-05 1.82e-12  1.13e-04  2464s
 106   4.23289181e+05  4.22839923e+05  4.66e-05 1.14e-12  1.06e-04  2504s
 107   4.23273879e+05  4.22876186e+05  4.29e-05 1.46e-13  9.40e-05  2547s
 108   4.23260958e+05  4.22902067e+05  3.99e-05 2.42e-13  8.48e-05  2591s
 109   4.23243967e+05  4.22911915e+05  3.60e-05 7.64e-14  7.85e-05  2636s
 110   4.23233997e+05  4.22923393e+05  3.37e-05 2.27e-13  7.34e-05  2682s
 111   4.23226040e+05  4.22932493e+05  3.19e-05 2.27e-13  6.94e-05  2734s
 112   4.23215189e+05  4.22938941e+05  2.94e-05 1.82e-12  6.53e-05  2777s
 113   4.23210072e+05  4.22941678e+05  2.82e-05 7.28e-14  6.34e-05  2805s
 114   4.23201352e+05  4.22951228e+05  2.62e-05 1.39e-13  5.91e-05  2849s
 115   4.23195400e+05  4.22964135e+05  2.49e-05 6.39e-14  5.47e-05  2891s
 116   4.23182831e+05  4.22974456e+05  2.20e-05 4.55e-13  4.92e-05  2939s
 117   4.23176914e+05  4.22983693e+05  2.07e-05 1.14e-13  4.57e-05  3004s
 118   4.23171999e+05  4.22992206e+05  1.96e-05 2.63e-13  4.25e-05  3052s
 119   4.23167490e+05  4.22998011e+05  1.84e-05 1.92e-13  4.01e-05  3112s
 120   4.23159397e+05  4.23005270e+05  1.66e-05 4.55e-13  3.64e-05  3162s
 121   4.23152826e+05  4.23012001e+05  1.51e-05 1.78e-13  3.33e-05  3230s
 122   4.23150025e+05  4.23014246e+05  1.44e-05 3.18e-12  3.21e-05  3284s
 123   4.23147910e+05  4.23017840e+05  1.39e-05 1.14e-12  3.07e-05  3337s
 124   4.23143913e+05  4.23021664e+05  1.30e-05 6.93e-14  2.89e-05  3374s
 125   4.23141889e+05  4.23025034e+05  1.26e-05 2.27e-13  2.76e-05  3439s
 126   4.23140548e+05  4.23025721e+05  1.23e-05 1.19e-13  2.71e-05  3492s
 127   4.23137634e+05  4.23027797e+05  1.16e-05 1.59e-12  2.60e-05  3589s
 128   4.23134023e+05  4.23031742e+05  1.08e-05 2.91e-13  2.42e-05  3652s
 129   4.23132260e+05  4.23035106e+05  1.04e-05 6.82e-13  2.30e-05  3754s
 130   4.23126472e+05  4.23038504e+05  9.17e-06 4.55e-13  2.08e-05  3879s
 131   4.23123669e+05  4.23040101e+05  8.56e-06 4.55e-13  1.98e-05  3985s
 132   4.23120072e+05  4.23044850e+05  7.75e-06 1.56e-13  1.78e-05  4055s
 133   4.23116985e+05  4.23049263e+05  7.08e-06 9.09e-13  1.60e-05  4160s
 134   4.23112792e+05  4.23050762e+05  6.17e-06 1.59e-12  1.47e-05  4211s
 135   4.23111399e+05  4.23055063e+05  5.88e-06 1.14e-12  1.33e-05  4283s
 136   4.23109818e+05  4.23055325e+05  5.54e-06 1.36e-12  1.29e-05  4415s
 137   4.23108188e+05  4.23058128e+05  5.20e-06 2.03e-13  1.18e-05  4554s
 138   4.23106739e+05  4.23060197e+05  4.88e-06 2.27e-13  1.10e-05  4633s
 139   4.23104317e+05  4.23061920e+05  4.38e-06 1.85e-13  1.00e-05  4691s
 140   4.23103078e+05  4.23062878e+05  4.12e-06 1.39e-13  9.50e-06  4749s
 141   4.23100610e+05  4.23064312e+05  3.61e-06 2.38e-13  8.58e-06  4797s
 142   4.23099407e+05  4.23065092e+05  3.37e-06 8.53e-14  8.11e-06  4864s
 143   4.23097795e+05  4.23066737e+05  3.04e-06 1.14e-12  7.34e-06  4932s
 144   4.23096927e+05  4.23068100e+05  2.87e-06 1.82e-12  6.81e-06  4999s
 145   4.23095468e+05  4.23070956e+05  2.57e-06 7.82e-14  5.79e-06  5113s
 146   4.23093767e+05  4.23072978e+05  2.23e-06 6.82e-13  4.91e-06  5202s
 147   4.23093091e+05  4.23073587e+05  2.09e-06 2.27e-13  4.61e-06  5294s
 148   4.23092083e+05  4.23074231e+05  1.89e-06 1.14e-12  4.22e-06  5406s
 149   4.23091006e+05  4.23075214e+05  1.68e-06 1.21e-13  3.73e-06  5503s
 150   4.23090094e+05  4.23075511e+05  1.50e-06 9.77e-14  3.45e-06  5578s
 151   4.23088808e+05  4.23076575e+05  1.25e-06 1.99e-13  2.89e-06  5652s
 152   4.23088026e+05  4.23077128e+05  1.09e-06 2.93e-12  2.58e-06  5743s
 153   4.23087343e+05  4.23077849e+05  2.30e-06 2.43e-12  2.24e-06  5847s
 154   4.23086858e+05  4.23078454e+05  2.01e-06 2.10e-12  1.99e-06  5954s
 155   4.23086515e+05  4.23078800e+05  1.83e-06 1.91e-12  1.82e-06  6058s
 156   4.23086178e+05  4.23079468e+05  3.20e-05 1.13e-10  1.59e-06  6167s
 157   4.23085517e+05  4.23079667e+05  1.68e-06 1.05e-10  1.38e-06  6340s
 158   4.23085135e+05  4.23079830e+05  5.37e-06 9.21e-11  1.25e-06  6517s
 159   4.23084814e+05  4.23080037e+05  3.59e-06 2.06e-10  1.13e-06  6614s
 160   4.23084563e+05  4.23080226e+05  2.31e-06 2.78e-10  1.03e-06  6739s
 161   4.23084404e+05  4.23080404e+05  6.12e-07 4.46e-10  9.45e-07  6896s
 162   4.23084295e+05  4.23080555e+05  8.26e-07 6.27e-10  8.84e-07  6984s
 163   4.23084180e+05  4.23080704e+05  2.38e-06 8.15e-10  8.22e-07  7071s
 164   4.23083976e+05  4.23080958e+05  2.90e-06 2.24e-09  7.13e-07  7125s
 165   4.23083841e+05  4.23081087e+05  3.84e-06 2.73e-09  6.51e-07  7156s
 166   4.23083739e+05  4.23081216e+05  3.04e-06 2.44e-09  5.96e-07  7316s
 167   4.23083564e+05  4.23081337e+05  3.02e-06 2.12e-09  5.26e-07  7393s
 168   4.23083402e+05  4.23081423e+05  3.75e-06 1.38e-09  4.68e-07  7450s
 169   4.23083290e+05  4.23081522e+05  6.28e-06 1.52e-09  4.18e-07  7500s
 170   4.23083224e+05  4.23081575e+05  5.86e-06 1.42e-09  3.90e-07  7589s
 171   4.23083167e+05  4.23081638e+05  5.75e-06 2.46e-09  3.61e-07  7641s
 172   4.23083122e+05  4.23081689e+05  5.49e-06 2.64e-09  3.39e-07  7684s
 173   4.23083077e+05  4.23081744e+05  5.20e-06 2.47e-09  3.15e-07  7740s
 174   4.23083016e+05  4.23081773e+05  4.77e-06 1.55e-09  2.94e-07  7795s
 175   4.23082927e+05  4.23081808e+05  2.25e-06 3.51e-09  2.64e-07  7826s
 176   4.23082896e+05  4.23081858e+05  3.45e-06 6.94e-09  2.45e-07  7854s
 177   4.23082878e+05  4.23081897e+05  1.54e-05 4.15e-09  2.32e-07  7951s
 178   4.23082852e+05  4.23081936e+05  3.48e-05 6.20e-09  2.17e-07  8073s
 179   4.23082822e+05  4.23081962e+05  3.33e-05 6.09e-09  2.03e-07  8188s
 180   4.23082783e+05  4.23081985e+05  1.16e-05 4.38e-09  1.89e-07  8245s
 181   4.23082756e+05  4.23082022e+05  9.27e-06 5.55e-09  1.74e-07  8306s
 182   4.23082713e+05  4.23082049e+05  8.38e-06 8.41e-09  1.57e-07  8467s
 183   4.23082688e+05  4.23082083e+05  7.42e-06 7.57e-09  1.43e-07  8630s
 184   4.23082664e+05  4.23082115e+05  6.64e-06 6.61e-09  1.30e-07  8856s
 185   4.23082636e+05  4.23082139e+05  5.71e-06 5.62e-09  1.18e-07  8926s
 186   4.23082610e+05  4.23082150e+05  6.66e-06 6.80e-09  1.09e-07  8975s
 187   4.23082585e+05  4.23082160e+05  6.26e-06 6.39e-09  1.00e-07  9051s
 188   4.23082571e+05  4.23082170e+05  6.81e-06 8.60e-09  9.46e-08  9142s
 189   4.23082552e+05  4.23082182e+05  1.52e-05 8.40e-09  8.74e-08  9224s
 190   4.23082533e+05  4.23082194e+05  2.26e-05 7.19e-09  8.01e-08  9322s
 191   4.23082518e+05  4.23082206e+05  1.32e-05 5.15e-09  7.35e-08  9437s
 192   4.23082508e+05  4.23082219e+05  8.80e-06 5.11e-09  6.83e-08  9520s
 193   4.23082489e+05  4.23082227e+05  7.08e-07 2.23e-09  6.18e-08  9600s
 194   4.23082479e+05  4.23082233e+05  1.84e-06 3.50e-09  5.81e-08  9726s
 195   4.23082473e+05  4.23082238e+05  1.16e-06 3.12e-09  5.56e-08  9811s
 196   4.23082463e+05  4.23082244e+05  4.24e-07 2.90e-09  5.19e-08  9925s
 197   4.23082454e+05  4.23082250e+05  1.14e-06 2.72e-09  4.82e-08  10016s
 198   4.23082443e+05  4.23082255e+05  3.64e-07 3.84e-09  4.44e-08  10115s
 199   4.23082435e+05  4.23082262e+05  4.23e-06 1.17e-08  4.09e-08  10225s
 200   4.23082430e+05  4.23082267e+05  5.03e-06 1.16e-08  3.86e-08  10296s
 201   4.23082420e+05  4.23082270e+05  4.69e-06 1.23e-08  3.56e-08  10342s
 202   4.23082413e+05  4.23082274e+05  2.19e-06 1.14e-08  3.29e-08  10398s
 203   4.23082407e+05  4.23082278e+05  7.23e-06 1.01e-08  3.06e-08  10441s
 204   4.23082399e+05  4.23082282e+05  2.44e-05 1.26e-08  2.76e-08  10482s
 205   4.23082391e+05  4.23082285e+05  1.87e-05 1.19e-08  2.51e-08  10531s
 206   4.23082387e+05  4.23082288e+05  2.18e-05 1.11e-08  2.34e-08  10593s
 207   4.23082384e+05  4.23082290e+05  3.37e-05 1.22e-08  2.22e-08  10653s
 208   4.23082378e+05  4.23082294e+05  6.37e-05 1.45e-08  1.97e-08  10714s
 209   4.23082372e+05  4.23082299e+05  5.75e-05 1.21e-08  1.73e-08  10819s
 210   4.23082365e+05  4.23082303e+05  1.04e-04 1.09e-08  1.48e-08  10926s
 211   4.23082361e+05  4.23082306e+05  1.19e-04 1.32e-08  1.29e-08  10960s
 212   4.23082355e+05  4.23082309e+05  1.30e-04 1.15e-08  1.10e-08  11034s
 213   4.23082352e+05  4.23082311e+05  1.20e-04 9.51e-09  9.72e-09  11084s
 214   4.23082347e+05  4.23082314e+05  8.48e-05 1.39e-08  7.67e-09  11209s
 215   4.23082343e+05  4.23082316e+05  5.54e-05 1.56e-08  6.40e-09  11233s
 216   4.23082341e+05  4.23082316e+05  4.80e-05 1.43e-08  5.90e-09  11276s
 217   4.23082340e+05  4.23082317e+05  3.62e-05 1.28e-08  5.30e-09  11335s
 218   4.23082337e+05  4.23082318e+05  1.79e-05 1.31e-08  4.49e-09  11393s
 219   4.23082335e+05  4.23082319e+05  1.31e-05 1.50e-08  3.73e-09  11452s
 220   4.23082334e+05  4.23082320e+05  2.37e-06 1.48e-08  3.19e-09  11494s
 221   4.23082333e+05  4.23082321e+05  3.58e-06 1.71e-08  2.82e-09  11527s
 222   4.23082332e+05  4.23082322e+05  9.01e-06 1.54e-08  2.37e-09  11552s
 223   4.23082331e+05  4.23082322e+05  1.45e-05 1.42e-08  2.17e-09  11573s
 224   4.23082331e+05  4.23082322e+05  1.80e-05 1.32e-08  2.03e-09  11648s
 225   4.23082331e+05  4.23082323e+05  2.01e-05 1.28e-08  1.93e-09  11688s

Barrier solved model in 225 iterations and 11688.38 seconds (1718.11 work units)
Optimal objective 4.23082331e+05

