
Gurobi 13.0.2 (linux64) logging started Wed Jul 29 18:12:11 2026

Set parameter LogFile to value "outputs/batch_step2_2060/2047_FR_interconnected/logfile_2047_FR_interconnected.txt"
Gurobi Optimizer version 13.0.2 build v13.0.2rc1 (linux64 - "CentOS Stream 9")

CPU model: Intel(R) Xeon(R) Gold 6130 CPU @ 2.10GHz, instruction set [SSE2|AVX|AVX2|AVX512]
Thread count: 16 physical cores, 32 logical processors, using up to 32 threads

Non-default parameters:
Method  2
Crossover  0
NumericFocus  3
Presolve  2

Optimize a model with 9050783 rows, 6658150 columns and 26751820 nonzeros (Min)
Model fingerprint: 0x58bd60c6
Model has 1393190 linear objective coefficients
Coefficient statistics:
  Matrix range     [1e-04, 1e+02]
  Objective range  [6e-04, 3e+03]
  Bounds range     [0e+00, 0e+00]
  RHS range        [2e-02, 1e+05]

Presolve removed 5371226 rows and 3416681 columns (presolve time = 5s)...
Presolve removed 5634585 rows and 3680000 columns (presolve time = 10s)...
Presolve removed 5654585 rows and 3700000 columns (presolve time = 18s)...
Presolve removed 5664585 rows and 3710000 columns (presolve time = 22s)...
Presolve removed 5674585 rows and 3720000 columns (presolve time = 28s)...
Presolve removed 5684585 rows and 3730000 columns (presolve time = 32s)...
Presolve removed 5686705 rows and 3732111 columns (presolve time = 35s)...
Presolve removed 5686705 rows and 3732111 columns (presolve time = 40s)...
Presolve removed 5686705 rows and 3732111 columns (presolve time = 45s)...
Presolve removed 5686705 rows and 3732111 columns (presolve time = 50s)...
Presolve removed 5686705 rows and 3732111 columns (presolve time = 55s)...
Presolve removed 5686705 rows and 3732111 columns (presolve time = 60s)...
Presolve removed 5686705 rows and 3732111 columns (presolve time = 65s)...
Presolve removed 6571477 rows and 3740901 columns (presolve time = 70s)...
Presolve removed 6571477 rows and 3740901 columns (presolve time = 75s)...
Presolve removed 6571477 rows and 3740901 columns (presolve time = 80s)...
Presolve removed 6571477 rows and 3740901 columns (presolve time = 85s)...
Presolve removed 6571477 rows and 3740901 columns (presolve time = 90s)...
Presolve removed 6571477 rows and 3740901 columns (presolve time = 95s)...
Presolve removed 6580237 rows and 3740901 columns
Presolve time: 99.91s
Presolved: 2470546 rows, 2926009 columns, 10218024 nonzeros
Elapsed ordering time = 5s
Elapsed ordering time = 10s
Ordering time: 11.29s

Barrier statistics:
 Dense cols : 104
 AA' NZ     : 6.213e+06
 Factor NZ  : 3.739e+07 (roughly 2.0 GB of memory)
 Factor Ops : 2.936e+09 (less than 1 second per iteration)
 Threads    : 16

                  Objective                Residual
Iter       Primal          Dual         Primal    Dual     Compl     Time
   0   6.17514831e+08 -6.86600109e+11  6.19e+08 1.14e-13  3.08e+07   165s
   1   6.36820177e+08 -6.80001912e+11  6.04e+08 8.60e+02  3.01e+07   168s
   2   6.55371399e+08 -6.32571935e+11  5.89e+08 7.40e+02  2.73e+07   172s
   3   7.48557959e+08 -5.00744951e+11  5.18e+08 3.55e+02  1.95e+07   177s
   4   8.46467044e+08 -3.34959918e+11  4.40e+08 1.26e+02  1.26e+07   182s
   5   1.02892328e+09 -2.15891140e+11  3.25e+08 4.15e+01  8.10e+06   187s
   6   1.56713468e+09 -1.41746413e+11  6.37e+07 1.28e+01  1.79e+06   193s
   7   1.64360613e+09 -7.09058584e+10  1.11e+07 3.09e+00  3.39e+05   197s
   8   1.60586577e+09 -4.46445667e+10  2.98e+06 9.27e-01  9.70e+04   199s
   9   1.47873827e+09 -2.53020396e+10  8.85e+05 2.25e-01  2.96e+04   202s
  10   1.10037261e+09 -1.06696350e+10  3.00e+05 5.00e-02  9.20e+03   205s
  11   6.93493882e+08 -8.83897383e+09  1.15e+05 3.69e-02  4.95e+03   209s
  12   4.38249835e+08 -5.82008995e+09  3.06e+04 2.05e-02  2.33e+03   213s
  13   2.21359801e+08 -1.77275431e+09  4.11e+03 4.56e-03  5.86e+02   217s
  14   9.25730482e+07 -3.95838385e+08  5.26e+02 5.38e-04  1.27e+02   221s
  15   3.39273649e+07 -1.83635924e+08  1.10e+02 2.22e-04  5.37e+01   224s
  16   1.41519811e+07 -5.51136790e+07  3.29e+01 1.66e-05  1.67e+01   228s
  17   7.05737543e+06 -2.40724466e+07  1.35e+01 9.83e-11  7.42e+00   232s
  18   3.88237117e+06 -1.00123893e+07  5.79e+00 6.10e-11  3.30e+00   238s
  19   2.62688159e+06 -5.97501807e+06  3.59e+00 5.15e-11  2.04e+00   242s
  20   2.00016051e+06 -3.68647173e+06  2.45e+00 3.92e-11  1.35e+00   246s
  21   1.49763999e+06 -2.38432640e+06  1.62e+00 2.81e-11  9.19e-01   250s
  22   1.23128796e+06 -1.62604827e+06  1.18e+00 2.13e-11  6.76e-01   253s
  23   1.11300566e+06 -1.11914010e+06  9.82e-01 1.64e-11  5.28e-01   259s
  24   9.98638615e+05 -7.85734908e+05  8.10e-01 1.59e-11  4.22e-01   262s
  25   8.52543341e+05 -4.82209209e+05  5.86e-01 9.09e-12  3.16e-01   268s
  26   7.62079800e+05 -2.28377259e+05  4.48e-01 8.24e-12  2.34e-01   274s
  27   6.75018573e+05 -8.97221168e+04  3.19e-01 5.12e-12  1.81e-01   282s
  28   6.37107129e+05  2.68889053e+04  2.63e-01 4.01e-12  1.44e-01   289s
  29   6.07145181e+05  1.29835041e+05  2.20e-01 3.01e-12  1.13e-01   296s
  30   5.70844002e+05  1.90860951e+05  1.68e-01 2.02e-12  8.98e-02   304s
  31   5.49281702e+05  2.59230968e+05  1.38e-01 1.44e-12  6.86e-02   313s
  32   5.27774634e+05  2.90739703e+05  1.11e-01 1.05e-12  5.60e-02   321s
  33   5.10563930e+05  3.13822327e+05  9.07e-02 9.38e-13  4.65e-02   329s
  34   5.00450359e+05  3.28733000e+05  7.93e-02 6.82e-13  4.06e-02   337s
  35   4.93564873e+05  3.39156080e+05  7.17e-02 1.59e-12  3.65e-02   344s
  36   4.85239083e+05  3.48166062e+05  6.27e-02 6.11e-13  3.24e-02   352s
  37   4.80203219e+05  3.63103847e+05  5.73e-02 2.05e-12  2.77e-02   360s
  38   4.71728773e+05  3.71332949e+05  4.82e-02 1.36e-12  2.37e-02   368s
  39   4.70261164e+05  3.75665142e+05  4.66e-02 3.69e-13  2.24e-02   376s
  40   4.61994619e+05  3.85861455e+05  3.78e-02 4.55e-13  1.80e-02   384s
  41   4.55186233e+05  3.92501573e+05  3.06e-02 1.36e-12  1.48e-02   392s
  42   4.49337032e+05  3.96931570e+05  2.46e-02 2.27e-13  1.24e-02   400s
  43   4.46350873e+05  3.99948208e+05  2.15e-02 3.13e-13  1.10e-02   406s
  44   4.43579812e+05  4.02203141e+05  1.86e-02 2.27e-13  9.78e-03   414s
  45   4.41995607e+05  4.04379807e+05  1.68e-02 1.36e-12  8.89e-03   420s
  46   4.40166409e+05  4.06140495e+05  1.49e-02 6.82e-13  8.04e-03   428s
  47   4.39597536e+05  4.07318006e+05  1.43e-02 8.53e-14  7.63e-03   434s
  48   4.38689771e+05  4.08322985e+05  1.32e-02 1.82e-12  7.18e-03   443s
  49   4.37546584e+05  4.10577605e+05  1.20e-02 6.82e-13  6.37e-03   449s
  50   4.36666692e+05  4.12043770e+05  1.10e-02 1.56e-13  5.82e-03   456s
  51   4.35645447e+05  4.13434895e+05  9.88e-03 3.77e-15  5.25e-03   463s
  52   4.35039517e+05  4.14239455e+05  9.21e-03 1.42e-13  4.92e-03   471s
  53   4.34642128e+05  4.14937813e+05  8.78e-03 1.22e-14  4.66e-03   479s
  54   4.34252951e+05  4.15861251e+05  8.33e-03 1.42e-14  4.35e-03   486s
  55   4.33743215e+05  4.16773559e+05  7.77e-03 2.05e-12  4.01e-03   494s
  56   4.33561529e+05  4.17387647e+05  7.58e-03 9.09e-13  3.82e-03   503s
  57   4.32973760e+05  4.17846919e+05  6.95e-03 3.11e-15  3.58e-03   512s
  58   4.32577593e+05  4.18577287e+05  6.52e-03 6.82e-13  3.31e-03   520s
  59   4.32215423e+05  4.19144545e+05  6.13e-03 2.84e-14  3.09e-03   529s
  60   4.31795955e+05  4.19517994e+05  5.66e-03 1.14e-13  2.90e-03   537s
  61   4.31559044e+05  4.19834354e+05  5.40e-03 2.27e-13  2.77e-03   545s
  62   4.30712824e+05  4.20258963e+05  4.42e-03 4.55e-13  2.47e-03   553s
  63   4.30425373e+05  4.21282709e+05  4.09e-03 6.82e-13  2.16e-03   561s
  64   4.30267876e+05  4.21559060e+05  3.91e-03 3.18e-12  2.06e-03   568s
  65   4.29785642e+05  4.21889531e+05  3.36e-03 1.14e-12  1.87e-03   577s
  66   4.29602867e+05  4.22364144e+05  3.17e-03 1.14e-12  1.71e-03   584s
  67   4.29313469e+05  4.22672042e+05  2.86e-03 4.26e-14  1.57e-03   591s
  68   4.29098530e+05  4.23243129e+05  2.64e-03 4.55e-13  1.38e-03   598s
  69   4.28789030e+05  4.23475059e+05  2.31e-03 9.09e-13  1.26e-03   605s
  70   4.28639720e+05  4.23717509e+05  2.15e-03 3.55e-15  1.16e-03   611s
  71   4.28350536e+05  4.23958747e+05  1.85e-03 9.10e-15  1.04e-03   617s
  72   4.28151756e+05  4.24195599e+05  1.64e-03 1.09e-14  9.35e-04   623s
  73   4.28017012e+05  4.24450694e+05  1.50e-03 2.84e-14  8.43e-04   629s
  74   4.27897977e+05  4.24714829e+05  1.37e-03 1.09e-14  7.52e-04   635s
  75   4.27809440e+05  4.24917536e+05  1.29e-03 4.26e-14  6.84e-04   642s
  76   4.27617440e+05  4.24983930e+05  1.10e-03 2.73e-12  6.22e-04   650s
  77   4.27568329e+05  4.25007262e+05  1.05e-03 2.27e-12  6.05e-04   658s
  78   4.27535482e+05  4.25081838e+05  1.01e-03 4.55e-13  5.80e-04   667s
  79   4.27450029e+05  4.25291120e+05  9.30e-04 1.36e-12  5.10e-04   676s
  80   4.27366189e+05  4.25344259e+05  8.47e-04 1.82e-12  4.78e-04   682s
  81   4.27324817e+05  4.25374499e+05  8.07e-04 2.27e-12  4.61e-04   690s
  82   4.27236286e+05  4.25476709e+05  7.23e-04 1.82e-12  4.16e-04   699s
  83   4.27173390e+05  4.25617655e+05  6.61e-04 4.32e-12  3.68e-04   708s
  84   4.27047811e+05  4.25686448e+05  5.38e-04 6.82e-13  3.22e-04   717s
  85   4.27013568e+05  4.25799551e+05  5.05e-04 2.27e-12  2.87e-04   724s
  86   4.26947382e+05  4.25849402e+05  4.42e-04 3.33e-15  2.60e-04   732s
  87   4.26914117e+05  4.25947242e+05  4.10e-04 2.27e-13  2.29e-04   743s
  88   4.26887407e+05  4.25987066e+05  3.85e-04 1.11e-14  2.13e-04   756s
  89   4.26812413e+05  4.26037054e+05  3.16e-04 2.84e-14  1.83e-04   768s
  90   4.26781532e+05  4.26056580e+05  2.88e-04 1.14e-12  1.71e-04   781s
  91   4.26759466e+05  4.26095253e+05  2.68e-04 5.55e-15  1.57e-04   794s
  92   4.26754069e+05  4.26117597e+05  2.63e-04 2.84e-14  1.50e-04   806s
  93   4.26734163e+05  4.26139611e+05  2.46e-04 2.27e-13  1.41e-04   819s
  94   4.26697907e+05  4.26188791e+05  2.13e-04 4.66e-15  1.20e-04   833s
  95   4.26679167e+05  4.26220101e+05  1.96e-04 1.42e-14  1.09e-04   847s
  96   4.26655977e+05  4.26240843e+05  1.76e-04 4.55e-13  9.81e-05   862s
  97   4.26638871e+05  4.26251315e+05  1.61e-04 1.14e-13  9.16e-05   877s
  98   4.26617368e+05  4.26280884e+05  1.42e-04 1.82e-12  7.95e-05   892s
  99   4.26602869e+05  4.26299202e+05  1.30e-04 2.05e-12  7.18e-05   907s
 100   4.26589654e+05  4.26312385e+05  1.18e-04 7.11e-15  6.55e-05   918s
 101   4.26568101e+05  4.26321995e+05  9.97e-05 5.33e-15  5.82e-05   933s
 102   4.26556215e+05  4.26347761e+05  8.95e-05 2.27e-13  4.93e-05   948s
 103   4.26546083e+05  4.26355768e+05  8.10e-05 2.27e-13  4.50e-05   963s
 104   4.26533996e+05  4.26360654e+05  7.08e-05 1.36e-12  4.10e-05   978s
 105   4.26527824e+05  4.26367169e+05  6.56e-05 1.14e-12  3.80e-05   993s
 106   4.26518878e+05  4.26377634e+05  5.81e-05 1.59e-12  3.34e-05  1008s
 107   4.26510032e+05  4.26385345e+05  5.09e-05 4.26e-14  2.95e-05  1024s
 108   4.26503768e+05  4.26391978e+05  4.56e-05 4.55e-13  2.64e-05  1041s
 109   4.26497314e+05  4.26398801e+05  4.02e-05 6.44e-15  2.33e-05  1058s
 110   4.26489128e+05  4.26410169e+05  3.34e-05 7.11e-15  1.87e-05  1074s
 111   4.26482032e+05  4.26416478e+05  2.76e-05 9.09e-13  1.55e-05  1092s
 112   4.26478382e+05  4.26419088e+05  2.47e-05 3.77e-15  1.40e-05  1112s
 113   4.26474902e+05  4.26424154e+05  2.19e-05 1.14e-12  1.20e-05  1128s
 114   4.26472963e+05  4.26426619e+05  2.03e-05 1.14e-12  1.10e-05  1142s
 115   4.26470767e+05  4.26427745e+05  1.85e-05 5.33e-15  1.02e-05  1159s
 116   4.26466865e+05  4.26430302e+05  1.55e-05 2.27e-12  8.64e-06  1175s
 117   4.26464841e+05  4.26431848e+05  1.39e-05 1.04e-14  7.80e-06  1188s
 118   4.26463766e+05  4.26434025e+05  1.30e-05 4.55e-13  7.03e-06  1205s
 119   4.26461569e+05  4.26435536e+05  1.13e-05 2.50e-12  6.15e-06  1224s
 120   4.26459757e+05  4.26436545e+05  9.83e-06 1.82e-12  5.49e-06  1242s
 121   4.26457610e+05  4.26437510e+05  8.18e-06 1.33e-14  4.75e-06  1258s
 122   4.26456080e+05  4.26438681e+05  6.98e-06 7.11e-14  4.11e-06  1278s
 123   4.26454843e+05  4.26440186e+05  5.99e-06 2.73e-12  3.46e-06  1291s
 124   4.26454044e+05  4.26441828e+05  5.37e-06 1.42e-14  2.89e-06  1312s
 125   4.26452571e+05  4.26442571e+05  4.24e-06 2.27e-13  2.36e-06  1337s
 126   4.26452070e+05  4.26443124e+05  3.87e-06 9.09e-13  2.11e-06  1357s
 127   4.26451627e+05  4.26443702e+05  3.52e-06 2.61e-12  1.87e-06  1381s
 128   4.26451230e+05  4.26443969e+05  3.24e-06 7.96e-13  1.72e-06  1408s
 129   4.26450495e+05  4.26444462e+05  2.68e-06 4.55e-13  1.43e-06  1436s
 130   4.26450094e+05  4.26444734e+05  2.38e-06 9.09e-13  1.27e-06  1464s
 131   4.26449880e+05  4.26444963e+05  2.23e-06 9.09e-13  1.16e-06  1494s
 132   4.26449734e+05  4.26445130e+05  2.12e-06 2.27e-12  1.09e-06  1523s
 133   4.26449448e+05  4.26445242e+05  1.89e-06 2.50e-12  9.94e-07  1546s
 134   4.26449268e+05  4.26445533e+05  1.75e-06 1.36e-12  8.83e-07  1565s
 135   4.26448869e+05  4.26445810e+05  1.46e-06 3.18e-12  7.23e-07  1594s
 136   4.26448498e+05  4.26446037e+05  1.17e-06 1.36e-12  5.82e-07  1628s
 137   4.26448279e+05  4.26446205e+05  1.03e-06 2.85e-11  4.90e-07  1648s
 138   4.26448127e+05  4.26446317e+05  9.15e-07 4.15e-11  4.28e-07  1670s
 139   4.26447950e+05  4.26446386e+05  7.70e-07 4.35e-11  3.70e-07  1700s
 140   4.26447780e+05  4.26446466e+05  6.48e-07 3.74e-11  3.11e-07  1730s
 141   4.26447623e+05  4.26446553e+05  5.54e-07 4.11e-10  2.53e-07  1756s
 142   4.26447510e+05  4.26446594e+05  4.40e-07 3.93e-10  2.16e-07  1770s
 143   4.26447423e+05  4.26446641e+05  3.43e-07 4.80e-10  1.85e-07  1796s
 144   4.26447363e+05  4.26446691e+05  7.30e-08 1.79e-09  1.59e-07  1812s
 145   4.26447313e+05  4.26446726e+05  6.01e-07 1.72e-09  1.39e-07  1825s
 146   4.26447286e+05  4.26446747e+05  6.08e-07 1.51e-09  1.27e-07  1835s
 147   4.26447240e+05  4.26446769e+05  7.11e-07 1.31e-09  1.11e-07  1847s
 148   4.26447186e+05  4.26446792e+05  1.07e-06 2.38e-09  9.31e-08  1859s
 149   4.26447155e+05  4.26446803e+05  9.48e-07 2.47e-09  8.34e-08  1873s
 150   4.26447140e+05  4.26446819e+05  8.74e-07 2.01e-09  7.57e-08  1882s
 151   4.26447119e+05  4.26446837e+05  7.58e-07 1.62e-09  6.65e-08  1894s
 152   4.26447077e+05  4.26446850e+05  6.13e-07 7.40e-10  5.35e-08  1905s
 153   4.26447052e+05  4.26446862e+05  5.00e-07 5.64e-10  4.48e-08  1916s
 154   4.26447030e+05  4.26446872e+05  3.66e-07 2.10e-09  3.75e-08  1926s
 155   4.26447019e+05  4.26446880e+05  3.52e-07 2.03e-08  3.29e-08  1940s
 156   4.26447008e+05  4.26446886e+05  1.98e-07 1.71e-08  2.89e-08  1956s
 157   4.26446995e+05  4.26446889e+05  1.27e-06 1.52e-08  2.50e-08  1968s
 158   4.26446983e+05  4.26446894e+05  1.09e-06 1.21e-08  2.11e-08  1981s
 159   4.26446976e+05  4.26446896e+05  9.80e-07 1.13e-08  1.90e-08  1994s
 160   4.26446969e+05  4.26446899e+05  4.49e-05 9.55e-09  1.66e-08  2017s
 161   4.26446965e+05  4.26446900e+05  4.11e-05 8.93e-09  1.53e-08  2025s
 162   4.26446959e+05  4.26446902e+05  3.68e-05 7.76e-09  1.36e-08  2039s
 163   4.26446953e+05  4.26446904e+05  3.15e-05 6.81e-09  1.17e-08  2067s
 164   4.26446952e+05  4.26446904e+05  3.09e-05 6.51e-09  1.14e-08  2073s
 165   4.26446950e+05  4.26446905e+05  2.93e-05 5.83e-09  1.07e-08  2092s
 166   4.26446947e+05  4.26446907e+05  2.68e-05 5.08e-09  9.67e-09  2110s
 167   4.26446945e+05  4.26446907e+05  2.44e-05 4.97e-09  8.93e-09  2122s
 168   4.26446944e+05  4.26446907e+05  2.43e-05 4.94e-09  8.87e-09  2136s
 169   4.26446943e+05  4.26446907e+05  2.31e-05 4.59e-09  8.48e-09  2142s
 170   4.26446940e+05  4.26446908e+05  2.07e-05 3.49e-09  7.68e-09  2149s
 171   4.26446939e+05  4.26446908e+05  1.95e-05 3.65e-09  7.23e-09  2160s
 172   4.26446937e+05  4.26446909e+05  1.86e-05 3.80e-09  6.74e-09  2171s
 173   4.26446936e+05  4.26446909e+05  1.71e-05 3.84e-09  6.23e-09  2180s
 174   4.26446935e+05  4.26446910e+05  1.66e-05 3.70e-09  6.02e-09  2194s
 175   4.26446934e+05  4.26446910e+05  1.58e-05 3.27e-09  5.76e-09  2207s
 176   4.26446933e+05  4.26446910e+05  1.52e-05 3.06e-09  5.56e-09  2213s
 177   4.26446933e+05  4.26446910e+05  1.50e-05 4.03e-09  5.47e-09  2222s
 178   4.26446932e+05  4.26446910e+05  1.45e-05 5.25e-09  5.26e-09  2231s
 179   4.26446932e+05  4.26446910e+05  1.43e-05 5.42e-09  5.20e-09  2241s
 180   4.26446931e+05  4.26446911e+05  1.29e-05 5.60e-09  4.69e-09  2249s
 181   4.26446930e+05  4.26446911e+05  1.28e-05 5.39e-09  4.64e-09  2257s
 182   4.26446929e+05  4.26446911e+05  1.18e-05 2.97e-09  4.27e-09  2263s
 183   4.26446928e+05  4.26446911e+05  1.11e-05 3.66e-09  3.99e-09  2274s
 184   4.26446927e+05  4.26446912e+05  1.03e-05 3.64e-09  3.71e-09  2285s
 185   4.26446926e+05  4.26446912e+05  9.05e-06 2.84e-09  3.33e-09  2298s
 186   4.26446925e+05  4.26446912e+05  8.35e-06 4.38e-09  3.04e-09  2304s
 187   4.26446924e+05  4.26446912e+05  7.98e-06 4.73e-09  2.88e-09  2311s
 188   4.26446924e+05  4.26446913e+05  7.38e-06 2.41e-09  2.65e-09  2318s
 189   4.26446923e+05  4.26446913e+05  6.54e-06 2.28e-09  2.38e-09  2332s
 190   4.26446922e+05  4.26446913e+05  5.88e-06 2.79e-09  2.14e-09  2338s
 191   4.26446921e+05  4.26446913e+05  5.19e-06 2.82e-09  1.91e-09  2343s
 192   4.26446921e+05  4.26446913e+05  4.61e-06 1.66e-09  1.68e-09  2350s
 193   4.26446920e+05  4.26446913e+05  4.21e-06 1.59e-09  1.53e-09  2367s
 194   4.26446919e+05  4.26446914e+05  3.78e-06 1.43e-09  1.37e-09  2375s
 195   4.26446918e+05  4.26446914e+05  2.90e-06 1.33e-09  1.10e-09  2382s
 196   4.26446918e+05  4.26446914e+05  2.78e-06 1.28e-09  1.06e-09  2391s
 197   4.26446918e+05  4.26446914e+05  2.73e-06 1.23e-09  1.03e-09  2399s
 198   4.26446918e+05  4.26446914e+05  2.60e-06 1.20e-09  9.90e-10  2409s

Barrier solved model in 198 iterations and 2409.37 seconds (1387.46 work units)
Optimal objective 4.26446918e+05

