
Gurobi 13.0.2 (linux64) logging started Sun Jul 19 11:41:22 2026

Set parameter LogFile to value "outputs/batch_1707_res_step2/2055_FR_interconnected/logfile_2055_FR_interconnected.txt"
Gurobi Optimizer version 13.0.2 build v13.0.2rc1 (linux64 - "CentOS Stream 9")

CPU model: Intel(R) Xeon(R) Gold 6130 CPU @ 2.10GHz, instruction set [SSE2|AVX|AVX2|AVX512]
Thread count: 16 physical cores, 32 logical processors, using up to 32 threads

Non-default parameters:
Method  2
Crossover  0
NumericFocus  3
Presolve  2

Optimize a model with 9050784 rows, 6658150 columns and 26751898 nonzeros (Min)
Model fingerprint: 0x8aedb5fb
Model has 1393190 linear objective coefficients
Coefficient statistics:
  Matrix range     [1e-04, 1e+02]
  Objective range  [6e-04, 3e+03]
  Bounds range     [0e+00, 0e+00]
  RHS range        [2e-02, 1e+05]

Presolve removed 5502629 rows and 3416686 columns (presolve time = 5s)...
Presolve removed 5765667 rows and 3732239 columns (presolve time = 10s)...
Presolve removed 5765667 rows and 3732239 columns (presolve time = 15s)...
Presolve removed 5765667 rows and 3732239 columns (presolve time = 20s)...
Presolve removed 5765667 rows and 3732239 columns (presolve time = 25s)...
Presolve removed 5765667 rows and 3732239 columns (presolve time = 30s)...
Presolve removed 5765667 rows and 3732239 columns (presolve time = 35s)...
Presolve removed 5765667 rows and 3732239 columns (presolve time = 40s)...
Presolve removed 6501507 rows and 3732239 columns (presolve time = 45s)...
Presolve removed 6589119 rows and 3741029 columns (presolve time = 50s)...
Presolve removed 6589119 rows and 3741029 columns (presolve time = 55s)...
Presolve removed 6589119 rows and 3741029 columns (presolve time = 60s)...
Presolve removed 6589119 rows and 3741029 columns (presolve time = 65s)...
Presolve removed 6589119 rows and 3741029 columns (presolve time = 70s)...
Presolve removed 6589119 rows and 3741029 columns (presolve time = 75s)...
Presolve removed 6597879 rows and 3741029 columns
Presolve time: 76.30s
Presolved: 2452905 rows, 2925881 columns, 10112656 nonzeros
Ordering time: 2.49s

Barrier statistics:
 Dense cols : 95
 AA' NZ     : 6.091e+06
 Factor NZ  : 4.136e+07 (roughly 2.0 GB of memory)
 Factor Ops : 6.337e+09 (less than 1 second per iteration)
 Threads    : 16

                  Objective                Residual
Iter       Primal          Dual         Primal    Dual     Compl     Time
   0   6.89562302e+08 -6.72702200e+11  5.72e+08 3.95e-14  3.05e+07   135s
   1   7.51438374e+08 -3.95784816e+11  5.26e+08 2.06e+02  1.80e+07   143s
   2   9.58469529e+08 -2.61864943e+11  4.07e+08 6.46e+01  1.14e+07   154s
   3   1.57693205e+09 -1.68216888e+11  7.65e+07 2.43e+01  2.51e+06   169s
   4   1.65938636e+09 -5.32121949e+10  1.40e+07 3.21e+00  4.55e+05   178s
   5   1.60683689e+09 -2.38346469e+10  2.43e+06 4.11e-01  7.80e+04   186s
   6   1.25475343e+09 -1.17708362e+10  3.04e+05 6.18e-02  1.17e+04   192s
   7   6.20973624e+08 -4.79603585e+09  5.38e+04 1.21e-02  2.58e+03   201s
   8   3.36463640e+08 -4.35632354e+09  1.49e+04 1.07e-02  1.54e+03   209s
   9   1.87568696e+08 -1.77810705e+09  2.74e+03 2.96e-03  5.36e+02   222s
  10   7.66904450e+07 -4.23565026e+08  2.71e+02 2.36e-04  1.23e+02   239s
  11   2.20581176e+07 -9.84493939e+07  5.98e+01 6.91e-13  2.88e+01   252s
  12   1.03641797e+07 -4.46672340e+07  2.43e+01 9.09e-13  1.31e+01   263s
  13   6.58159139e+06 -2.15750020e+07  1.36e+01 1.79e-13  6.66e+00   273s
  14   5.31623841e+06 -1.73729035e+07  1.04e+01 1.37e-13  5.37e+00   284s
  15   3.90567918e+06 -1.05684088e+07  7.38e+00 9.41e-14  3.42e+00   293s
  16   2.46660936e+06 -5.68932882e+06  3.90e+00 2.05e-12  1.93e+00   305s
  17   2.06423078e+06 -3.68890954e+06  3.06e+00 2.27e-13  1.36e+00   313s
  18   1.36653069e+06 -2.64051810e+06  1.65e+00 4.55e-13  9.46e-01   324s
  19   1.23966794e+06 -1.40858604e+06  1.41e+00 1.87e-14  6.25e-01   333s
  20   1.00242054e+06 -9.39595192e+05  9.63e-01 2.27e-12  4.58e-01   345s
  21   9.30093327e+05 -7.89207224e+05  8.28e-01 1.33e-14  4.06e-01   353s
  22   8.21533668e+05 -5.61807621e+05  6.39e-01 1.06e-14  3.26e-01   360s
  23   7.56562777e+05 -2.91654302e+05  5.22e-01 6.82e-13  2.47e-01   378s
  24   7.07291048e+05 -4.74306906e+04  4.34e-01 5.77e-15  1.78e-01   392s
  25   6.27635157e+05  3.67372578e+04  2.93e-01 5.00e-15  1.39e-01   405s
  26   5.88333551e+05  1.22783415e+05  2.25e-01 4.55e-13  1.10e-01   430s
  27   5.72985829e+05  1.65128309e+05  1.99e-01 3.70e-15  9.62e-02   449s
  28   5.53477698e+05  1.97581802e+05  1.65e-01 3.16e-15  8.40e-02   465s
  29   5.44808291e+05  2.40012482e+05  1.50e-01 2.66e-15  7.19e-02   489s
  30   5.29466382e+05  2.73536920e+05  1.22e-01 2.41e-15  6.04e-02   511s
  31   5.23160876e+05  2.99366739e+05  1.12e-01 1.36e-12  5.28e-02   530s
  32   5.13575888e+05  3.19395804e+05  9.54e-02 1.59e-12  4.58e-02   547s
  33   5.03861391e+05  3.43069094e+05  7.95e-02 4.55e-13  3.79e-02   563s
  34   4.93174413e+05  3.57083667e+05  6.23e-02 1.36e-15  3.21e-02   578s
  35   4.86860701e+05  3.64513736e+05  5.22e-02 6.82e-13  2.89e-02   593s
  36   4.79193731e+05  3.78120986e+05  4.18e-02 1.14e-12  2.38e-02   611s
  37   4.71736165e+05  3.87284608e+05  3.15e-02 2.73e-12  1.99e-02   631s
  38   4.66445109e+05  3.96401466e+05  2.47e-02 1.14e-15  1.65e-02   650s
  39   4.62673828e+05  4.04424411e+05  2.00e-02 1.09e-15  1.37e-02   666s
  40   4.60686568e+05  4.09614257e+05  1.76e-02 1.29e-15  1.20e-02   679s
  41   4.59519726e+05  4.15428027e+05  1.62e-02 1.03e-15  1.04e-02   695s
  42   4.57632186e+05  4.18934459e+05  1.39e-02 1.80e-15  9.13e-03   713s
  43   4.55916295e+05  4.22806892e+05  1.19e-02 2.66e-15  7.81e-03   734s
  44   4.54820120e+05  4.24943893e+05  1.07e-02 3.55e-15  7.05e-03   755s
  45   4.53927910e+05  4.26709643e+05  9.72e-03 2.05e-12  6.42e-03   778s
  46   4.53177055e+05  4.28084755e+05  8.87e-03 4.55e-13  5.92e-03   797s
  47   4.52564175e+05  4.29190751e+05  8.16e-03 4.55e-13  5.51e-03   815s
  48   4.51723090e+05  4.31425634e+05  7.20e-03 2.24e-15  4.79e-03   830s
  49   4.51473718e+05  4.32636593e+05  6.92e-03 2.50e-12  4.44e-03   849s
  50   4.50883402e+05  4.34140026e+05  6.27e-03 2.05e-12  3.95e-03   866s
  51   4.49951671e+05  4.35475172e+05  5.26e-03 2.27e-12  3.41e-03   880s
  52   4.49378000e+05  4.36311184e+05  4.64e-03 3.03e-15  3.08e-03   897s
  53   4.48890150e+05  4.37157526e+05  4.12e-03 1.14e-12  2.77e-03   916s
  54   4.48323101e+05  4.38041712e+05  3.51e-03 1.36e-12  2.43e-03   935s
  55   4.47943580e+05  4.39140947e+05  3.11e-03 4.41e-15  2.08e-03   951s
  56   4.47494892e+05  4.39850759e+05  2.64e-03 3.55e-15  1.80e-03   969s
  57   4.47198646e+05  4.40767249e+05  2.35e-03 3.64e-12  1.52e-03   987s
  58   4.46904423e+05  4.41001469e+05  2.06e-03 2.73e-12  1.39e-03  1004s
  59   4.46674890e+05  4.41397730e+05  1.83e-03 3.94e-15  1.24e-03  1025s
  60   4.46428906e+05  4.41702682e+05  1.58e-03 7.11e-15  1.11e-03  1041s
  61   4.46181965e+05  4.42251255e+05  1.34e-03 9.09e-13  9.27e-04  1061s
  62   4.46034445e+05  4.42537865e+05  1.20e-03 7.11e-15  8.25e-04  1076s
  63   4.45900893e+05  4.42795723e+05  1.08e-03 4.15e-15  7.32e-04  1094s
  64   4.45774589e+05  4.42999307e+05  9.60e-04 4.68e-15  6.55e-04  1115s
  65   4.45705717e+05  4.43097420e+05  8.96e-04 9.09e-13  6.15e-04  1134s
  66   4.45613357e+05  4.43343305e+05  8.12e-04 3.41e-12  5.35e-04  1153s
  67   4.45526155e+05  4.43476289e+05  7.34e-04 4.77e-12  4.84e-04  1170s
  68   4.45457827e+05  4.43606523e+05  6.71e-04 6.71e-15  4.37e-04  1190s
  69   4.45401734e+05  4.43656230e+05  6.21e-04 6.33e-15  4.12e-04  1206s
  70   4.45329303e+05  4.43782482e+05  5.57e-04 5.84e-15  3.65e-04  1225s
  71   4.45289413e+05  4.43844547e+05  5.21e-04 5.24e-15  3.41e-04  1248s
  72   4.45239844e+05  4.43913370e+05  4.77e-04 5.07e-15  3.13e-04  1270s
  73   4.45176317e+05  4.43972901e+05  4.22e-04 1.36e-12  2.84e-04  1292s
  74   4.45147438e+05  4.44047955e+05  3.96e-04 6.17e-15  2.59e-04  1309s
  75   4.45107132e+05  4.44085192e+05  3.61e-04 5.49e-15  2.41e-04  1338s
  76   4.45079766e+05  4.44133223e+05  3.37e-04 3.72e-15  2.23e-04  1369s
  77   4.45035852e+05  4.44183253e+05  2.99e-04 2.27e-12  2.01e-04  1399s
  78   4.45004321e+05  4.44251467e+05  2.71e-04 3.55e-15  1.78e-04  1428s
  79   4.44982244e+05  4.44279036e+05  2.50e-04 1.82e-12  1.66e-04  1460s
  80   4.44949047e+05  4.44328385e+05  2.22e-04 4.42e-15  1.46e-04  1484s
  81   4.44918308e+05  4.44372570e+05  1.95e-04 3.55e-15  1.29e-04  1511s
  82   4.44903773e+05  4.44405345e+05  1.83e-04 4.84e-15  1.18e-04  1543s
  83   4.44878486e+05  4.44437923e+05  1.62e-04 7.11e-15  1.04e-04  1574s
  84   4.44861130e+05  4.44458424e+05  1.48e-04 4.77e-15  9.50e-05  1611s
  85   4.44843633e+05  4.44473273e+05  1.34e-04 7.99e-15  8.74e-05  1648s
  86   4.44824593e+05  4.44480977e+05  1.19e-04 9.18e-15  8.10e-05  1683s
  87   4.44814507e+05  4.44511780e+05  1.11e-04 9.09e-13  7.14e-05  1709s
  88   4.44803535e+05  4.44534025e+05  1.02e-04 1.06e-14  6.36e-05  1742s
  89   4.44788685e+05  4.44539795e+05  9.01e-05 7.83e-15  5.87e-05  1780s
  90   4.44780749e+05  4.44558040e+05  8.37e-05 2.50e-12  5.25e-05  1818s
  91   4.44775505e+05  4.44570000e+05  7.95e-05 7.11e-15  4.85e-05  1858s
  92   4.44762554e+05  4.44575413e+05  6.95e-05 4.82e-15  4.41e-05  1895s
  93   4.44760307e+05  4.44582757e+05  6.77e-05 5.55e-15  4.19e-05  1922s
  94   4.44751921e+05  4.44587226e+05  6.12e-05 5.76e-15  3.88e-05  1952s
  95   4.44745643e+05  4.44591534e+05  5.64e-05 1.82e-12  3.64e-05  1988s
  96   4.44740394e+05  4.44599939e+05  5.23e-05 6.09e-15  3.31e-05  2025s
  97   4.44736352e+05  4.44606071e+05  4.93e-05 6.15e-15  3.07e-05  2062s
  98   4.44730486e+05  4.44610020e+05  4.47e-05 4.41e-15  2.84e-05  2097s
  99   4.44723693e+05  4.44619167e+05  3.94e-05 3.93e-15  2.47e-05  2132s
 100   4.44720238e+05  4.44624847e+05  3.68e-05 9.09e-13  2.25e-05  2161s
 101   4.44716898e+05  4.44629142e+05  3.42e-05 7.65e-15  2.07e-05  2193s
 102   4.44710618e+05  4.44636957e+05  2.93e-05 5.48e-15  1.74e-05  2234s
 103   4.44706647e+05  4.44640292e+05  2.62e-05 1.36e-12  1.57e-05  2272s
 104   4.44702987e+05  4.44644094e+05  2.36e-05 5.91e-15  1.39e-05  2311s
 105   4.44698948e+05  4.44647357e+05  2.05e-05 1.59e-12  1.22e-05  2351s
 106   4.44697364e+05  4.44649586e+05  1.94e-05 1.59e-12  1.13e-05  2392s
 107   4.44695795e+05  4.44651548e+05  1.82e-05 7.25e-15  1.04e-05  2434s
 108   4.44694894e+05  4.44651853e+05  1.76e-05 6.82e-13  1.02e-05  2476s
 109   4.44693753e+05  4.44652971e+05  1.67e-05 7.47e-15  9.62e-06  2511s
 110   4.44690937e+05  4.44656034e+05  1.47e-05 6.82e-13  8.23e-06  2552s
 111   4.44688181e+05  4.44657764e+05  1.27e-05 7.89e-15  7.17e-06  2585s
 112   4.44685751e+05  4.44658811e+05  1.09e-05 3.64e-12  6.35e-06  2623s
 113   4.44684366e+05  4.44660240e+05  9.89e-06 1.14e-12  5.69e-06  2665s
 114   4.44682820e+05  4.44660991e+05  8.79e-06 5.17e-15  5.15e-06  2699s
 115   4.44681935e+05  4.44662041e+05  8.12e-06 6.15e-15  4.69e-06  2741s
 116   4.44681042e+05  4.44663041e+05  7.48e-06 4.55e-13  4.25e-06  2779s
 117   4.44680507e+05  4.44663607e+05  7.10e-06 7.11e-15  3.99e-06  2820s
 118   4.44680007e+05  4.44664148e+05  6.75e-06 7.32e-15  3.74e-06  2852s
 119   4.44679649e+05  4.44664321e+05  6.51e-06 6.82e-13  3.62e-06  2878s
 120   4.44679118e+05  4.44664714e+05  6.10e-06 1.07e-14  3.40e-06  2920s
 121   4.44678178e+05  4.44665159e+05  5.44e-06 1.48e-12  3.07e-06  2961s
 122   4.44677711e+05  4.44665451e+05  5.11e-06 6.82e-13  2.89e-06  2982s
 123   4.44677199e+05  4.44665820e+05  4.72e-06 9.51e-15  2.68e-06  3025s
 124   4.44676635e+05  4.44666159e+05  4.31e-06 5.68e-13  2.47e-06  3057s
 125   4.44676148e+05  4.44666449e+05  3.99e-06 6.97e-15  2.29e-06  3101s
 126   4.44675857e+05  4.44666715e+05  3.76e-06 1.36e-12  2.16e-06  3125s
 127   4.44675474e+05  4.44666993e+05  3.48e-06 9.09e-13  2.00e-06  3171s
 128   4.44674925e+05  4.44667248e+05  3.11e-06 4.55e-13  1.81e-06  3206s
 129   4.44674397e+05  4.44667671e+05  2.72e-06 4.55e-13  1.59e-06  3253s
 130   4.44674049e+05  4.44668089e+05  2.48e-06 1.93e-12  1.41e-06  3305s
 131   4.44673739e+05  4.44668286e+05  2.27e-06 9.09e-13  1.29e-06  3357s
 132   4.44673477e+05  4.44668489e+05  2.07e-06 1.36e-12  1.18e-06  3406s
 133   4.44673278e+05  4.44668681e+05  1.94e-06 9.09e-13  1.08e-06  3446s
 134   4.44673078e+05  4.44668768e+05  1.79e-06 1.25e-12  1.02e-06  3499s
 135   4.44672714e+05  4.44669031e+05  1.53e-06 4.55e-13  8.69e-07  3552s
 136   4.44672338e+05  4.44669276e+05  1.26e-06 1.36e-12  7.22e-07  3615s
 137   4.44672156e+05  4.44669395e+05  1.15e-06 4.55e-13  6.51e-07  3675s
 138   4.44671900e+05  4.44669524e+05  9.50e-07 1.93e-12  5.60e-07  3730s
 139   4.44671704e+05  4.44669646e+05  8.15e-07 1.48e-12  4.85e-07  3795s
 140   4.44671519e+05  4.44669734e+05  6.90e-07 1.82e-12  4.21e-07  3852s
 141   4.44671364e+05  4.44669901e+05  5.77e-07 1.71e-12  3.45e-07  3922s
 142   4.44671231e+05  4.44669968e+05  4.80e-07 1.82e-12  2.98e-07  3969s
 143   4.44671148e+05  4.44670097e+05  4.31e-07 1.43e-11  2.48e-07  4025s
 144   4.44671020e+05  4.44670182e+05  3.60e-07 9.32e-11  1.98e-07  4079s
 145   4.44670913e+05  4.44670263e+05  2.16e-07 2.09e-10  1.53e-07  4116s
 146   4.44670821e+05  4.44670307e+05  1.82e-07 5.97e-10  1.21e-07  4153s
 147   4.44670790e+05  4.44670347e+05  1.62e-07 7.52e-10  1.05e-07  4183s
 148   4.44670744e+05  4.44670374e+05  1.50e-07 6.35e-10  8.73e-08  4211s
 149   4.44670723e+05  4.44670389e+05  1.45e-07 6.06e-10  7.88e-08  4231s
 150   4.44670677e+05  4.44670406e+05  8.93e-08 5.60e-10  6.39e-08  4269s
 151   4.44670654e+05  4.44670428e+05  7.75e-08 4.04e-10  5.32e-08  4290s
 152   4.44670634e+05  4.44670448e+05  6.20e-08 2.63e-10  4.40e-08  4324s
 153   4.44670616e+05  4.44670455e+05  5.51e-08 7.85e-10  3.79e-08  4363s
 154   4.44670597e+05  4.44670467e+05  5.98e-08 2.07e-09  3.05e-08  4394s
 155   4.44670582e+05  4.44670473e+05  6.28e-07 4.80e-10  2.55e-08  4435s
 156   4.44670566e+05  4.44670485e+05  4.65e-07 5.72e-09  1.90e-08  4465s
 157   4.44670558e+05  4.44670490e+05  3.86e-07 7.13e-09  1.61e-08  4491s
 158   4.44670551e+05  4.44670494e+05  3.13e-07 3.27e-09  1.35e-08  4517s
 159   4.44670548e+05  4.44670499e+05  8.80e-07 2.46e-09  1.15e-08  4565s
 160   4.44670543e+05  4.44670501e+05  7.51e-07 4.18e-09  1.00e-08  4602s
 161   4.44670540e+05  4.44670503e+05  9.24e-06 3.25e-09  8.83e-09  4650s
 162   4.44670536e+05  4.44670506e+05  7.23e-06 1.47e-09  7.12e-09  4677s
 163   4.44670535e+05  4.44670506e+05  6.69e-06 1.47e-09  6.66e-09  4695s
 164   4.44670534e+05  4.44670506e+05  6.62e-06 1.46e-09  6.60e-09  4710s
 165   4.44670531e+05  4.44670508e+05  5.34e-06 1.17e-09  5.50e-09  4734s
 166   4.44670529e+05  4.44670509e+05  4.55e-06 1.22e-09  4.78e-09  4779s
 167   4.44670527e+05  4.44670510e+05  3.71e-06 1.09e-09  4.17e-09  4806s
 168   4.44670527e+05  4.44670511e+05  3.46e-06 9.24e-10  3.70e-09  4822s
 169   4.44670526e+05  4.44670512e+05  3.15e-06 1.28e-09  3.36e-09  4845s
 170   4.44670525e+05  4.44670514e+05  2.41e-06 2.57e-09  2.56e-09  4869s
 171   4.44670523e+05  4.44670515e+05  1.62e-06 4.12e-09  1.81e-09  4885s
 172   4.44670522e+05  4.44670515e+05  1.44e-06 3.86e-09  1.66e-09  4921s
 173   4.44670522e+05  4.44670516e+05  1.16e-06 3.59e-09  1.43e-09  4940s
 174   4.44670521e+05  4.44670516e+05  1.03e-06 3.35e-09  1.30e-09  4963s
 175   4.44670521e+05  4.44670516e+05  7.34e-07 2.73e-09  1.01e-09  4978s
 176   4.44670521e+05  4.44670517e+05  7.05e-07 2.51e-09  9.45e-10  4999s
 177   4.44670520e+05  4.44670517e+05  5.17e-07 1.83e-09  6.76e-10  5028s
 178   4.44670520e+05  4.44670518e+05  4.80e-07 1.71e-09  6.32e-10  5043s
 179   4.44670520e+05  4.44670518e+05  1.28e-06 1.27e-09  4.79e-10  5065s
 180   4.44670520e+05  4.44670518e+05  1.10e-06 1.15e-09  4.24e-10  5078s
 181   4.44670519e+05  4.44670519e+05  5.28e-07 3.70e-10  1.71e-10  5112s

Barrier solved model in 181 iterations and 5112.01 seconds (1369.24 work units)
Optimal objective 4.44670519e+05

