
Gurobi 13.0.2 (linux64) logging started Tue Jul 21 23:00:56 2026

Set parameter LogFile to value "outputs/batch_2007_res_step1/2054_FR_alone/logfile_2054_FR_alone.txt"
Gurobi Optimizer version 13.0.2 build v13.0.2rc1 (linux64 - "CentOS Stream 9")

CPU model: Intel(R) Xeon(R) Gold 6130 CPU @ 2.10GHz, instruction set [SSE2|AVX|AVX2|AVX512]
Thread count: 16 physical cores, 32 logical processors, using up to 32 threads

Non-default parameters:
Method  2
Crossover  0
NumericFocus  3
Presolve  2

Optimize a model with 1007911 rows, 823495 columns and 3978213 nonzeros (Min)
Model fingerprint: 0x559a0d4d
Model has 210275 linear objective coefficients
Coefficient statistics:
  Matrix range     [1e-04, 1e+02]
  Objective range  [6e-04, 3e+03]
  Bounds range     [0e+00, 0e+00]
  RHS range        [7e-02, 1e+05]

Presolve removed 377412 rows and 260000 columns (presolve time = 8s)...
Presolve removed 380237 rows and 262825 columns (presolve time = 10s)...
Presolve removed 380237 rows and 262825 columns (presolve time = 15s)...
Presolve removed 380237 rows and 262825 columns (presolve time = 20s)...
Presolve removed 578504 rows and 271589 columns (presolve time = 25s)...
Presolve removed 578504 rows and 271589 columns (presolve time = 30s)...
Presolve removed 587264 rows and 271589 columns
Presolve time: 33.14s
Presolved: 420647 rows, 560666 columns, 2435821 nonzeros
Ordering time: 0.51s

Barrier statistics:
 Dense cols : 26
 AA' NZ     : 2.145e+06
 Factor NZ  : 1.016e+07 (roughly 500 MB of memory)
 Factor Ops : 7.166e+08 (less than 1 second per iteration)
 Threads    : 16

                  Objective                Residual
Iter       Primal          Dual         Primal    Dual     Compl     Time
   0   1.02084503e+08 -7.85206005e+11  1.73e+08 1.08e-13  3.87e+07    36s
   1   1.08970727e+08 -6.41026667e+11  1.63e+08 5.64e+02  3.21e+07    39s
   2   1.20641135e+08 -4.03349466e+11  1.40e+08 1.68e+02  2.29e+07    43s
   3   1.55536110e+08 -2.45905361e+11  8.81e+07 4.07e+01  1.68e+07    48s
   4   2.52626617e+08 -1.57920867e+11  3.51e+07 2.26e+01  6.99e+06    51s
   5   3.17977733e+08 -6.65548851e+10  5.86e+06 4.73e+00  1.24e+06    54s
   6   3.17608258e+08 -2.74974281e+10  1.47e+06 8.14e-01  3.07e+05    58s
   7   2.74340812e+08 -1.41940947e+10  3.45e+05 1.19e-01  7.47e+04    61s
   8   2.10174436e+08 -9.27137869e+09  1.37e+05 4.75e-02  3.17e+04    65s
   9   1.65099626e+08 -7.01477183e+09  6.91e+04 2.88e-02  1.77e+04    70s
  10   1.36815409e+08 -4.48092043e+09  3.95e+04 1.34e-02  9.85e+03    72s
  11   9.25851139e+07 -2.16362717e+09  1.62e+04 3.10e-03  3.92e+03    75s
  12   4.86252807e+07 -1.69642131e+09  5.34e+03 1.74e-03  2.28e+03    83s
  13   2.59545531e+07 -5.88614955e+08  1.39e+03 2.97e-09  7.11e+02    90s
  14   4.08406998e+06 -9.09614646e+07  1.38e+02 4.85e-10  1.01e+02    94s
  15   6.57486970e+05 -9.45074304e+06  1.99e+01 5.64e-11  1.05e+01    99s
  16   3.01451423e+05 -1.01426879e+06  7.78e+00 2.60e-11  1.37e+00   104s
  17   2.19730836e+05 -2.90680300e+05  4.97e+00 7.20e-12  5.30e-01   109s
  18   1.70541978e+05 -1.43667499e+05  3.30e+00 4.15e-12  3.26e-01   113s
  19   1.37986981e+05 -8.93666351e+04  2.18e+00 3.19e-12  2.36e-01   115s
  20   1.18899812e+05 -5.49318530e+04  1.56e+00 2.28e-12  1.80e-01   121s
  21   1.04986466e+05 -1.60661718e+04  1.09e+00 1.67e-12  1.26e-01   126s
  22   9.25233870e+04  1.38953739e+04  7.02e-01 9.10e-13  8.16e-02   132s
  23   8.81932927e+04  2.39988895e+04  5.72e-01 7.44e-13  6.66e-02   134s
  24   8.25877685e+04  3.55443087e+04  4.40e-01 6.08e-13  4.88e-02   140s
  25   7.84310411e+04  4.01472679e+04  3.44e-01 6.82e-13  3.97e-02   142s
  26   7.60775632e+04  4.36845507e+04  2.91e-01 3.64e-13  3.36e-02   149s
  27   7.38507346e+04  4.89696755e+04  2.42e-01 2.27e-12  2.58e-02   155s
  28   7.07065676e+04  5.29119559e+04  1.70e-01 2.42e-13  1.85e-02   163s
  29   6.86342626e+04  5.53960881e+04  1.24e-01 9.09e-13  1.37e-02   169s
  30   6.69659404e+04  5.69877729e+04  8.79e-02 1.71e-13  1.04e-02   174s
  31   6.60601976e+04  5.84180821e+04  6.76e-02 2.27e-13  7.93e-03   180s
  32   6.53989455e+04  5.91214568e+04  5.32e-02 9.09e-13  6.51e-03   186s
  33   6.49666779e+04  5.97114995e+04  4.39e-02 8.35e-14  5.45e-03   191s
  34   6.46992433e+04  6.00651513e+04  3.81e-02 1.47e-13  4.81e-03   195s
  35   6.45008736e+04  6.03121740e+04  3.38e-02 8.26e-14  4.35e-03   201s
  36   6.42998347e+04  6.04789232e+04  2.94e-02 1.03e-13  3.96e-03   207s
  37   6.41843904e+04  6.05722345e+04  2.68e-02 4.97e-14  3.75e-03   213s
  38   6.41158550e+04  6.07817242e+04  2.53e-02 2.50e-12  3.46e-03   220s
  39   6.40743139e+04  6.09170124e+04  2.43e-02 4.97e-14  3.28e-03   225s
  40   6.38389033e+04  6.13115895e+04  1.88e-02 2.27e-13  2.62e-03   229s
  41   6.37229656e+04  6.15823912e+04  1.59e-02 6.93e-14  2.22e-03   232s
  42   6.36169858e+04  6.18338014e+04  1.29e-02 6.82e-13  1.85e-03   236s
  43   6.35385998e+04  6.20446309e+04  1.08e-02 4.55e-12  1.55e-03   243s
  44   6.34251195e+04  6.23221761e+04  7.94e-03 3.46e-14  1.14e-03   248s
  45   6.33846800e+04  6.23825280e+04  6.97e-03 6.39e-14  1.04e-03   255s
  46   6.33781106e+04  6.24257244e+04  6.82e-03 2.96e-12  9.88e-04   258s
  47   6.33235294e+04  6.25322800e+04  5.52e-03 2.93e-14  8.21e-04   261s
  48   6.32811214e+04  6.26118258e+04  4.57e-03 5.68e-14  6.94e-04   266s
  49   6.32503180e+04  6.26949253e+04  3.89e-03 5.68e-14  5.76e-04   272s
  50   6.32332695e+04  6.27360751e+04  3.53e-03 1.59e-12  5.16e-04   277s
  51   6.32203313e+04  6.27518952e+04  3.27e-03 1.76e-15  4.86e-04   287s
  52   6.32124627e+04  6.27603304e+04  3.11e-03 4.55e-13  4.69e-04   294s
  53   6.31931175e+04  6.28048212e+04  2.73e-03 6.39e-14  4.03e-04   305s
  54   6.31854081e+04  6.28392057e+04  2.57e-03 5.24e-14  3.59e-04   314s
  55   6.31816439e+04  6.28579342e+04  2.49e-03 9.95e-14  3.36e-04   323s
  56   6.31483047e+04  6.28837805e+04  1.83e-03 6.75e-14  2.74e-04   333s
  57   6.31340950e+04  6.29130771e+04  1.57e-03 7.73e-14  2.29e-04   341s
  58   6.31175212e+04  6.29293246e+04  1.27e-03 1.36e-12  1.95e-04   351s
  59   6.31146021e+04  6.29333286e+04  1.21e-03 4.55e-13  1.88e-04   356s
  60   6.31108352e+04  6.29475097e+04  1.15e-03 2.27e-12  1.69e-04   365s
  61   6.31039892e+04  6.29545561e+04  1.03e-03 4.62e-14  1.55e-04   374s
  62   6.31019685e+04  6.29598929e+04  9.93e-04 4.55e-13  1.47e-04   377s
  63   6.30990073e+04  6.29638318e+04  9.41e-04 3.55e-14  1.40e-04   380s
  64   6.30931289e+04  6.29655770e+04  8.37e-04 2.93e-14  1.32e-04   385s
  65   6.30893836e+04  6.29788352e+04  7.70e-04 2.73e-12  1.15e-04   388s
  66   6.30810802e+04  6.29857950e+04  6.27e-04 2.49e-14  9.89e-05   396s
  67   6.30781302e+04  6.29928307e+04  5.77e-04 5.86e-14  8.85e-05   403s
  68   6.30762720e+04  6.29955257e+04  5.46e-04 1.59e-12  8.38e-05   412s
  69   6.30728275e+04  6.29988271e+04  4.89e-04 3.02e-14  7.68e-05   424s
  70   6.30707342e+04  6.30015793e+04  4.54e-04 1.14e-12  7.18e-05   433s
  71   6.30692625e+04  6.30048469e+04  4.30e-04 2.66e-14  6.68e-05   438s
  72   6.30671413e+04  6.30077950e+04  3.95e-04 1.14e-12  6.16e-05   448s
  73   6.30649816e+04  6.30097966e+04  3.59e-04 4.55e-13  5.73e-05   458s
  74   6.30618585e+04  6.30123435e+04  3.09e-04 4.17e-14  5.14e-05   471s
  75   6.30607404e+04  6.30147127e+04  2.91e-04 1.78e-14  4.78e-05   481s
  76   6.30589358e+04  6.30190172e+04  2.61e-04 6.82e-13  4.14e-05   491s
  77   6.30568546e+04  6.30203719e+04  2.28e-04 1.59e-12  3.79e-05   499s
  78   6.30561726e+04  6.30233865e+04  2.17e-04 3.64e-14  3.40e-05   509s
  79   6.30541931e+04  6.30243246e+04  1.86e-04 2.05e-12  3.10e-05   523s
  80   6.30535597e+04  6.30252456e+04  1.76e-04 3.24e-14  2.94e-05   531s
  81   6.30527607e+04  6.30263892e+04  1.64e-04 1.14e-12  2.74e-05   543s
  82   6.30516773e+04  6.30281940e+04  1.47e-04 4.62e-14  2.44e-05   551s
  83   6.30505727e+04  6.30297694e+04  1.30e-04 3.20e-14  2.16e-05   561s
  84   6.30498301e+04  6.30304744e+04  1.19e-04 1.14e-12  2.01e-05   571s
  85   6.30493186e+04  6.30312187e+04  1.11e-04 1.82e-12  1.88e-05   579s
  86   6.30488638e+04  6.30324216e+04  1.04e-04 2.27e-13  1.71e-05   591s
  87   6.30478196e+04  6.30328685e+04  8.79e-05 1.14e-13  1.55e-05   599s
  88   6.30473134e+04  6.30334255e+04  8.01e-05 4.62e-14  1.44e-05   604s
  89   6.30467672e+04  6.30339384e+04  7.16e-05 2.73e-12  1.33e-05   612s
  90   6.30463773e+04  6.30344173e+04  6.57e-05 4.00e-14  1.24e-05   625s
  91   6.30458707e+04  6.30349029e+04  5.79e-05 1.78e-14  1.14e-05   632s
  92   6.30455419e+04  6.30353641e+04  5.30e-05 2.96e-12  1.06e-05   644s
  93   6.30450044e+04  6.30362606e+04  4.48e-05 5.51e-14  9.07e-06   653s
  94   6.30447152e+04  6.30369497e+04  4.05e-05 7.28e-14  8.06e-06   662s
  95   6.30445386e+04  6.30376114e+04  3.80e-05 5.15e-14  7.19e-06   673s
  96   6.30444496e+04  6.30378697e+04  3.67e-05 3.20e-14  6.83e-06   680s
  97   6.30441661e+04  6.30381962e+04  3.26e-05 1.82e-12  6.19e-06   688s
  98   6.30439779e+04  6.30384377e+04  2.98e-05 6.82e-13  5.75e-06   697s
  99   6.30437863e+04  6.30386267e+04  2.69e-05 5.11e-14  5.35e-06   703s
 100   6.30435886e+04  6.30388195e+04  2.39e-05 3.02e-14  4.95e-06   716s
 101   6.30433935e+04  6.30390874e+04  2.11e-05 4.55e-13  4.47e-06   729s
 102   6.30432802e+04  6.30392582e+04  1.94e-05 9.09e-13  4.17e-06   741s
 103   6.30431861e+04  6.30394895e+04  1.80e-05 4.55e-13  3.84e-06   749s
 104   6.30431103e+04  6.30396229e+04  1.70e-05 1.59e-12  3.62e-06   758s
 105   6.30429020e+04  6.30397939e+04  1.40e-05 3.55e-14  3.23e-06   769s
 106   6.30428012e+04  6.30400208e+04  1.26e-05 1.14e-13  2.89e-06   781s
 107   6.30427414e+04  6.30401503e+04  1.18e-05 1.35e-13  2.69e-06   795s
 108   6.30426953e+04  6.30404698e+04  1.11e-05 7.11e-14  2.31e-06   805s
 109   6.30426225e+04  6.30405394e+04  1.01e-05 2.84e-14  2.16e-06   811s
 110   6.30425939e+04  6.30406358e+04  9.75e-06 5.86e-14  2.03e-06   818s
 111   6.30425081e+04  6.30406952e+04  8.54e-06 6.82e-13  1.88e-06   831s
 112   6.30424405e+04  6.30407688e+04  7.58e-06 1.82e-12  1.73e-06   844s
 113   6.30423583e+04  6.30408687e+04  6.41e-06 1.14e-13  1.55e-06   857s
 114   6.30422895e+04  6.30409970e+04  5.40e-06 1.36e-12  1.34e-06   877s
 115   6.30422653e+04  6.30411157e+04  5.06e-06 1.36e-12  1.19e-06   889s
 116   6.30422216e+04  6.30412017e+04  4.44e-06 2.27e-13  1.06e-06   906s
 117   6.30422019e+04  6.30412247e+04  4.16e-06 5.68e-13  1.01e-06   916s
 118   6.30421960e+04  6.30412603e+04  4.08e-06 9.09e-13  9.71e-07   921s
 119   6.30421578e+04  6.30413440e+04  3.58e-06 3.45e-13  8.44e-07   933s
 120   6.30421343e+04  6.30413793e+04  2.47e-05 2.36e-12  7.84e-07   939s
 121   6.30421209e+04  6.30414299e+04  2.39e-05 2.06e-12  7.17e-07   950s
 122   6.30421127e+04  6.30414576e+04  2.31e-05 2.86e-12  6.80e-07   956s
 123   6.30420859e+04  6.30414659e+04  2.06e-05 4.22e-12  6.43e-07   961s
 124   6.30420738e+04  6.30415094e+04  1.99e-05 3.47e-12  5.86e-07   968s
 125   6.30420556e+04  6.30415657e+04  1.80e-05 3.50e-12  5.08e-07   980s
 126   6.30420422e+04  6.30415963e+04  1.71e-05 3.18e-12  4.63e-07   991s
 127   6.30420316e+04  6.30416190e+04  1.63e-05 2.66e-12  4.28e-07   995s
 128   6.30420062e+04  6.30416323e+04  6.96e-05 2.47e-12  3.88e-07  1002s
 129   6.30419702e+04  6.30416747e+04  4.56e-05 7.86e-13  3.07e-07  1015s
 130   6.30419202e+04  6.30418081e+04  8.95e-06 5.19e-12  1.16e-07  1027s
 131   6.30419087e+04  6.30418479e+04  1.26e-04 2.91e-12  6.32e-08  1040s
 132   6.30419063e+04  6.30418551e+04  6.01e-05 5.39e-12  5.32e-08  1045s
 133   6.30419049e+04  6.30418635e+04  3.44e-05 1.32e-11  4.31e-08  1056s
 134   6.30419043e+04  6.30418747e+04  2.51e-05 1.91e-11  3.08e-08  1060s
 135   6.30419037e+04  6.30418977e+04  1.39e-05 1.30e-08  6.14e-09  1065s
 136   6.30419030e+04  6.30419014e+04  1.50e-06 3.37e-09  1.65e-09  1067s
 137   6.30419028e+04  6.30419026e+04  7.94e-06 1.29e-09  1.78e-10  1075s

Barrier solved model in 137 iterations and 1075.34 seconds (248.96 work units)
Optimal objective 6.30419028e+04

