
Gurobi 13.0.2 (linux64) logging started Thu Jul 16 11:12:40 2026

Set parameter LogFile to value "outputs/batch_1007_res/2041_FR_alone/logfile_2041_FR_alone.txt"
Gurobi Optimizer version 13.0.2 build v13.0.2rc1 (linux64 - "CentOS Stream 9")

CPU model: Intel(R) Xeon(R) Gold 6130 CPU @ 2.10GHz, instruction set [SSE2|AVX|AVX2|AVX512]
Thread count: 16 physical cores, 32 logical processors, using up to 32 threads

Non-default parameters:
Method  2
Crossover  0
NumericFocus  3
Presolve  2

Optimize a model with 1007906 rows, 823495 columns and 3978198 nonzeros (Min)
Model fingerprint: 0x31992ab7
Model has 210275 linear objective coefficients
Coefficient statistics:
  Matrix range     [1e-04, 1e+02]
  Objective range  [6e-04, 3e+03]
  Bounds range     [0e+00, 0e+00]
  RHS range        [7e-02, 1e+05]

Presolve removed 482139 rows and 236558 columns (presolve time = 5s)...
Presolve removed 482139 rows and 236558 columns (presolve time = 10s)...
Presolve removed 596021 rows and 245321 columns (presolve time = 15s)...
Presolve removed 596021 rows and 245321 columns (presolve time = 20s)...
Presolve removed 604781 rows and 245321 columns
Presolve time: 22.07s
Presolved: 403125 rows, 586934 columns, 2290110 nonzeros
Ordering time: 0.39s

Barrier statistics:
 Dense cols : 14
 AA' NZ     : 1.956e+06
 Factor NZ  : 8.507e+06 (roughly 500 MB of memory)
 Factor Ops : 3.939e+08 (less than 1 second per iteration)
 Threads    : 16

                  Objective                Residual
Iter       Primal          Dual         Primal    Dual     Compl     Time
   0   1.37577189e+09 -2.22365098e+12  2.36e+08 3.28e-14  3.13e+07    23s
   1   1.37633982e+09 -9.84528738e+11  2.17e+08 2.79e+02  2.20e+07    24s
   2   1.44788103e+09 -8.70724491e+11  1.67e+08 3.10e+02  1.75e+07    25s
   3   3.76631397e+09 -4.55194290e+11  5.06e+07 8.94e+01  6.36e+06    26s
   4   3.94006051e+09 -9.37527954e+10  9.01e+06 1.15e+01  1.05e+06    26s
   5   3.59419598e+09 -2.22627516e+10  1.34e+06 1.03e+00  1.52e+05    27s
   6   1.92344295e+09 -6.85615398e+09  1.82e+05 1.21e-01  2.43e+04    27s
   7   5.07286091e+08 -2.60013501e+09  2.33e+04 3.72e-02  5.29e+03    28s
   8   1.56252159e+08 -2.43217859e+09  3.03e+03 3.44e-02  3.45e+03    29s
   9   6.49609079e+07 -3.05799818e+08  3.00e+02 3.19e-03  4.42e+02    29s
  10   1.78147664e+07 -3.65365393e+07  4.01e+01 6.14e-05  5.91e+01    31s
  11   3.22581570e+06 -8.83257946e+06  5.82e+00 2.03e-13  1.24e+01    31s
  12   1.13158562e+06 -5.46470131e+06  1.82e+00 1.36e-13  6.69e+00    32s
  13   5.79624783e+05 -2.35809912e+06  7.69e-01 5.41e-14  2.96e+00    33s
  14   3.11893703e+05 -9.36669818e+05  3.52e-01 2.39e-14  1.25e+00    33s
  15   1.91839411e+05 -3.20157567e+05  1.65e-01 6.61e-14  5.14e-01    34s
  16   1.44782794e+05 -1.41640404e+05  9.97e-02 5.29e-15  2.87e-01    35s
  17   1.17172195e+05 -6.34719217e+04  6.23e-02 3.51e-15  1.81e-01    36s
  18   1.04439891e+05 -2.85141991e+04  4.53e-02 2.52e-15  1.33e-01    36s
  19   9.40948660e+04 -3.00051920e+03  3.16e-02 1.85e-15  9.73e-02    37s
  20   8.77014690e+04  8.85472130e+03  2.37e-02 1.63e-15  7.90e-02    38s
  21   8.28326996e+04  1.89473721e+04  1.76e-02 1.35e-15  6.40e-02    39s
  22   7.83627870e+04  3.12439121e+04  1.22e-02 1.07e-15  4.72e-02    40s
  23   7.54859903e+04  3.80433917e+04  9.04e-03 9.06e-16  3.75e-02    41s
  24   7.28334264e+04  4.38959520e+04  6.46e-03 6.84e-16  2.90e-02    42s
  25   7.06349485e+04  4.95836090e+04  4.54e-03 5.17e-16  2.11e-02    44s
  26   6.89580588e+04  5.32710241e+04  3.05e-03 4.06e-16  1.57e-02    45s
  27   6.85414687e+04  5.60224887e+04  2.71e-03 3.23e-16  1.25e-02    46s
  28   6.80283997e+04  5.71451206e+04  2.32e-03 3.51e-16  1.09e-02    47s
  29   6.74398227e+04  5.87847354e+04  1.91e-03 2.67e-16  8.67e-03    48s
  30   6.70083108e+04  5.95452118e+04  1.62e-03 3.44e-16  7.48e-03    49s
  31   6.69426472e+04  6.01350746e+04  1.57e-03 3.09e-16  6.82e-03    51s
  32   6.63479099e+04  6.08883559e+04  1.12e-03 3.09e-16  5.47e-03    52s
  33   6.60818157e+04  6.14633826e+04  9.65e-04 7.99e-15  4.63e-03    53s
  34   6.57670801e+04  6.20480611e+04  7.80e-04 4.27e-16  3.73e-03    54s
  35   6.56846079e+04  6.23216169e+04  7.32e-04 1.33e-15  3.37e-03    56s
  36   6.55137920e+04  6.27436170e+04  6.14e-04 5.94e-16  2.78e-03    58s
  37   6.54324142e+04  6.28842579e+04  5.70e-04 3.64e-16  2.55e-03    59s
  38   6.53391706e+04  6.29856556e+04  5.09e-04 5.96e-16  2.36e-03    61s
  39   6.51477353e+04  6.30888986e+04  4.11e-04 6.89e-16  2.06e-03    63s
  40   6.51074127e+04  6.32076979e+04  3.87e-04 5.10e-16  1.90e-03    65s
  41   6.50637989e+04  6.32648488e+04  3.62e-04 4.86e-16  1.80e-03    67s
  42   6.50272268e+04  6.33130744e+04  3.42e-04 4.96e-16  1.72e-03    68s
  43   6.50049241e+04  6.33504529e+04  3.31e-04 5.71e-16  1.66e-03    70s
  44   6.49869742e+04  6.33981504e+04  3.21e-04 5.75e-16  1.59e-03    72s
  45   6.49024451e+04  6.34387464e+04  2.68e-04 7.19e-16  1.47e-03    73s
  46   6.48582968e+04  6.34637386e+04  2.42e-04 6.92e-16  1.40e-03    75s
  47   6.48234528e+04  6.35233200e+04  2.25e-04 8.99e-16  1.30e-03    77s
  48   6.47812996e+04  6.36095956e+04  2.05e-04 6.58e-16  1.17e-03    79s
  49   6.47446167e+04  6.36487132e+04  1.87e-04 7.69e-16  1.10e-03    80s
  50   6.47253150e+04  6.37848020e+04  1.77e-04 8.57e-16  9.42e-04    82s
  51   6.47132265e+04  6.38216049e+04  1.69e-04 8.43e-16  8.93e-04    85s
  52   6.46687338e+04  6.39347100e+04  1.44e-04 7.70e-16  7.35e-04    87s
  53   6.46497708e+04  6.40289925e+04  1.34e-04 5.32e-16  6.22e-04    89s
  54   6.46092354e+04  6.40487747e+04  1.11e-04 9.07e-16  5.62e-04    91s
  55   6.45755364e+04  6.40674514e+04  9.21e-05 5.99e-16  5.09e-04    93s
  56   6.45517414e+04  6.40872435e+04  7.86e-05 8.55e-16  4.65e-04    96s
  57   6.45381623e+04  6.41446717e+04  7.14e-05 1.04e-15  3.94e-04    98s
  58   6.45244339e+04  6.41637217e+04  6.39e-05 1.25e-15  3.61e-04   100s
  59   6.45208171e+04  6.41683340e+04  6.20e-05 1.29e-15  3.53e-04   102s
  60   6.45041450e+04  6.41763273e+04  5.30e-05 1.57e-15  3.28e-04   103s
  61   6.44941922e+04  6.41874691e+04  4.74e-05 1.32e-15  3.07e-04   105s
  62   6.44816144e+04  6.42076343e+04  4.08e-05 9.42e-16  2.75e-04   107s
  63   6.44712624e+04  6.42422538e+04  3.56e-05 1.33e-15  2.29e-04   109s
  64   6.44644330e+04  6.42482652e+04  3.22e-05 1.25e-15  2.17e-04   111s
  65   6.44568347e+04  6.42567851e+04  2.84e-05 8.96e-16  2.00e-04   113s
  66   6.44497024e+04  6.42701786e+04  2.49e-05 9.07e-16  1.80e-04   114s
  67   6.44447985e+04  6.42776617e+04  2.26e-05 1.06e-15  1.67e-04   116s
  68   6.44423629e+04  6.42803019e+04  2.15e-05 1.16e-15  1.62e-04   117s
  69   6.44409487e+04  6.42869660e+04  2.08e-05 8.60e-16  1.54e-04   119s
  70   6.44330115e+04  6.42898900e+04  1.73e-05 9.51e-16  1.43e-04   121s
  71   6.44259301e+04  6.42976838e+04  1.42e-05 6.66e-16  1.29e-04   123s
  72   6.44233936e+04  6.43080683e+04  1.31e-05 1.28e-15  1.16e-04   125s
  73   6.44218314e+04  6.43261440e+04  1.25e-05 1.40e-15  9.59e-05   127s
  74   6.44193121e+04  6.43303877e+04  1.13e-05 1.67e-15  8.91e-05   128s
  75   6.44130054e+04  6.43374017e+04  8.44e-06 8.15e-16  7.58e-05   131s
  76   6.44113564e+04  6.43411480e+04  7.79e-06 8.35e-16  7.04e-05   133s
  77   6.44103671e+04  6.43525217e+04  7.38e-06 8.12e-16  5.80e-05   134s
  78   6.44079871e+04  6.43546077e+04  6.35e-06 1.83e-15  5.35e-05   136s
  79   6.44042617e+04  6.43574058e+04  4.80e-06 1.07e-15  4.70e-05   139s
  80   6.44006496e+04  6.43620293e+04  3.38e-06 1.40e-15  3.87e-05   141s
  81   6.43991734e+04  6.43684046e+04  2.84e-06 1.23e-15  3.08e-05   143s
  82   6.43972421e+04  6.43719318e+04  2.13e-06 7.71e-16  2.54e-05   145s
  83   6.43964511e+04  6.43745744e+04  1.84e-06 1.78e-15  2.19e-05   148s
  84   6.43956280e+04  6.43796171e+04  1.55e-06 9.88e-16  1.60e-05   150s
  85   6.43945088e+04  6.43818024e+04  1.15e-06 1.05e-15  1.27e-05   152s
  86   6.43941638e+04  6.43828737e+04  1.04e-06 1.54e-15  1.13e-05   155s
  87   6.43937954e+04  6.43832712e+04  9.14e-07 1.78e-15  1.05e-05   157s
  88   6.43933675e+04  6.43844217e+04  7.77e-07 1.28e-15  8.97e-06   159s
  89   6.43930293e+04  6.43850401e+04  6.73e-07 9.24e-16  8.01e-06   162s
  90   6.43925073e+04  6.43860104e+04  5.04e-07 6.55e-16  6.51e-06   164s
  91   6.43922746e+04  6.43871006e+04  4.28e-07 1.49e-15  5.19e-06   167s
  92   6.43919996e+04  6.43876782e+04  3.41e-07 1.76e-15  4.33e-06   169s
  93   6.43918784e+04  6.43881887e+04  2.99e-07 1.37e-15  3.70e-06   172s
  94   6.43917098e+04  6.43886311e+04  2.57e-07 1.44e-15  3.09e-06   174s
  95   6.43916326e+04  6.43890261e+04  2.30e-07 1.44e-15  2.61e-06   177s
  96   6.43914566e+04  6.43893382e+04  1.76e-07 8.54e-16  2.12e-06   179s
  97   6.43914044e+04  6.43895711e+04  1.55e-07 1.93e-15  1.84e-06   181s
  98   6.43913343e+04  6.43897200e+04  1.36e-07 1.13e-15  1.62e-06   184s
  99   6.43912660e+04  6.43898979e+04  1.19e-07 1.62e-15  1.37e-06   186s
 100   6.43912200e+04  6.43900225e+04  1.04e-07 1.71e-15  1.20e-06   189s
 101   6.43911668e+04  6.43901107e+04  9.28e-08 1.79e-15  1.06e-06   191s
 102   6.43911100e+04  6.43901800e+04  7.83e-08 1.62e-15  9.32e-07   194s
 103   6.43910605e+04  6.43903099e+04  6.70e-08 1.33e-15  7.52e-07   197s
 104   6.43910031e+04  6.43903723e+04  5.09e-08 1.07e-15  6.32e-07   199s
 105   6.43909815e+04  6.43904719e+04  4.55e-08 1.54e-15  5.11e-07   201s
 106   6.43909556e+04  6.43904986e+04  3.68e-08 1.71e-15  4.58e-07   204s
 107   6.43909448e+04  6.43905760e+04  3.05e-08 1.22e-15  3.70e-07   207s
 108   6.43909287e+04  6.43906072e+04  2.75e-08 9.51e-16  3.22e-07   209s
 109   6.43909078e+04  6.43906304e+04  1.69e-08 9.88e-16  2.78e-07   212s
 110   6.43908767e+04  6.43906738e+04  1.42e-08 1.11e-15  2.03e-07   215s
 111   6.43908704e+04  6.43907022e+04  9.72e-09 1.11e-15  1.69e-07   217s
 112   6.43908655e+04  6.43907143e+04  5.76e-09 9.16e-16  1.52e-07   220s
 113   6.43908613e+04  6.43907381e+04  6.46e-09 1.09e-15  1.24e-07   223s
 114   6.43908598e+04  6.43907547e+04  3.78e-09 4.10e-16  1.05e-07   226s
 115   6.43908563e+04  6.43907628e+04  2.08e-09 9.87e-16  9.37e-08   228s
 116   6.43908530e+04  6.43907736e+04  1.30e-08 1.04e-15  7.97e-08   231s
 117   6.43908516e+04  6.43907766e+04  3.84e-09 1.73e-15  7.53e-08   233s
 118   6.43908496e+04  6.43907898e+04  4.37e-09 9.61e-16  6.00e-08   236s
 119   6.43908488e+04  6.43908017e+04  6.37e-05 2.59e-13  4.72e-08   238s
 120   6.43908482e+04  6.43908087e+04  5.54e-05 2.17e-13  3.96e-08   241s
 121   6.43908473e+04  6.43908109e+04  3.88e-05 2.05e-13  3.65e-08   243s
 122   6.43908464e+04  6.43908301e+04  2.28e-05 1.59e-11  1.64e-08   244s
 123   6.43908455e+04  6.43908381e+04  1.17e-05 7.03e-12  7.48e-09   247s
 124   6.43908448e+04  6.43908410e+04  3.16e-06 4.68e-12  3.82e-09   250s
 125   6.43908446e+04  6.43908424e+04  6.69e-07 6.32e-13  2.23e-09   251s
 126   6.43908445e+04  6.43908442e+04  3.13e-04 2.96e-12  2.73e-10   253s
 127   6.43908444e+04  6.43908444e+04  3.22e-05 2.30e-10  2.82e-11   254s

Barrier solved model in 127 iterations and 254.16 seconds (208.56 work units)
Optimal objective 6.43908444e+04


Gurobi 13.0.2 (linux64) logging started Fri Jul 17 01:38:56 2026

Set parameter LogFile to value "outputs/batch_1007_res/2041_FR_alone/logfile_2041_FR_alone.txt"
Gurobi Optimizer version 13.0.2 build v13.0.2rc1 (linux64 - "CentOS Stream 9")

CPU model: Intel(R) Xeon(R) Gold 6130 CPU @ 2.10GHz, instruction set [SSE2|AVX|AVX2|AVX512]
Thread count: 16 physical cores, 32 logical processors, using up to 32 threads

Non-default parameters:
Method  2
Crossover  0
NumericFocus  3
Presolve  2

Optimize a model with 1007907 rows, 823495 columns and 3925639 nonzeros (Min)
Model fingerprint: 0xecc8ad5a
Model has 210275 linear objective coefficients
Coefficient statistics:
  Matrix range     [1e-04, 1e+02]
  Objective range  [6e-04, 3e+03]
  Bounds range     [0e+00, 0e+00]
  RHS range        [7e-02, 1e+05]

Presolve removed 718660 rows and 438038 columns (presolve time = 5s)...
Presolve removed 736182 rows and 446801 columns
Presolve time: 8.92s
Presolved: 271725 rows, 385454 columns, 1466670 nonzeros
Ordering time: 0.39s

Barrier statistics:
 Dense cols : 14
 AA' NZ     : 1.094e+06
 Factor NZ  : 5.980e+06 (roughly 300 MB of memory)
 Factor Ops : 3.587e+08 (less than 1 second per iteration)
 Threads    : 16

                  Objective                Residual
Iter       Primal          Dual         Primal    Dual     Compl     Time
   0   3.14852626e+07 -1.07709129e+12  8.61e+07 3.71e-14  1.21e+07    11s
   1   3.15711800e+07 -3.99297376e+11  7.91e+07 2.28e+02  7.65e+06    11s
   2   3.24216054e+07 -1.02341337e+11  6.10e+07 2.47e+01  4.91e+06    12s
   3   3.87401954e+07 -3.63025215e+10  1.53e+07 3.83e+00  1.26e+06    14s
   4   3.88878804e+07 -1.21983539e+10  2.01e+06 3.40e-01  1.74e+05    14s
   5   3.59538952e+07 -5.15839698e+09  4.05e+05 6.70e-02  3.74e+04    15s
   6   2.65009855e+07 -2.34891711e+09  7.86e+04 2.01e-02  8.59e+03    16s
   7   1.44361340e+07 -1.07313396e+09  1.17e+04 5.56e-03  2.25e+03    17s
   8   1.03073724e+07 -8.86397706e+08  1.76e+03 4.05e-03  1.46e+03    18s
   9   9.56279861e+06 -6.65397391e+08  5.72e+02 2.45e-03  1.06e+03    20s
  10   7.11727062e+06 -5.05657784e+08  1.05e+02 1.59e-03  7.92e+02    21s
  11   3.60651728e+06 -7.94475088e+07  1.57e+01 2.55e-11  1.27e+02    22s
  12   1.17559029e+06 -1.46487104e+07  3.86e+00 4.27e-11  2.39e+01    25s
  13   5.47156244e+05 -4.38211688e+06  1.49e+00 1.11e-11  7.42e+00    26s
  14   3.33290422e+05 -1.44819415e+06  8.01e-01 2.96e-12  2.68e+00    27s
  15   2.03913370e+05 -5.25971532e+05  3.81e-01 6.05e-15  1.10e+00    28s
  16   1.51895692e+05 -2.05767282e+05  2.27e-01 1.64e-14  5.37e-01    29s
  17   1.29277964e+05 -7.65418944e+04  1.64e-01 1.44e-15  3.09e-01    30s
  18   9.89544527e+04 -2.26721117e+04  7.97e-02 1.02e-14  1.83e-01    31s
  19   9.01739613e+04  6.33537931e+03  5.64e-02 9.30e-15  1.26e-01    32s
  20   8.28973835e+04  1.93959099e+04  3.71e-02 1.75e-15  9.54e-02    34s
  21   7.88616385e+04  3.25357405e+04  2.69e-02 5.30e-15  6.96e-02    36s
  22   7.56016872e+04  3.85027720e+04  1.94e-02 2.19e-15  5.57e-02    38s
  23   7.35570025e+04  4.56131235e+04  1.54e-02 5.33e-15  4.20e-02    39s
  24   7.18917725e+04  5.07137240e+04  1.23e-02 2.64e-15  3.18e-02    39s
  25   7.02181907e+04  5.42989616e+04  9.26e-03 1.42e-15  2.39e-02    40s
  26   6.83877436e+04  5.69301167e+04  6.28e-03 7.49e-16  1.72e-02    42s
  27   6.77659294e+04  5.87553707e+04  5.36e-03 7.49e-16  1.35e-02    43s
  28   6.73717525e+04  5.90775611e+04  4.79e-03 4.72e-16  1.25e-02    45s
  29   6.65552572e+04  6.02352702e+04  3.64e-03 6.92e-16  9.49e-03    48s
  30   6.63998856e+04  6.06462336e+04  3.44e-03 6.66e-16  8.64e-03    50s
  31   6.63106448e+04  6.12409893e+04  3.32e-03 8.88e-16  7.61e-03    52s
  32   6.58358704e+04  6.15079156e+04  2.62e-03 8.88e-16  6.50e-03    55s
  33   6.54153676e+04  6.21442727e+04  2.09e-03 6.92e-16  4.91e-03    58s
  34   6.50194325e+04  6.23783567e+04  1.62e-03 7.71e-16  3.97e-03    60s
  35   6.46466170e+04  6.27106415e+04  1.17e-03 8.88e-16  2.91e-03    62s
  36   6.45165196e+04  6.28407273e+04  1.01e-03 1.11e-15  2.52e-03    64s
  37   6.44826697e+04  6.29317950e+04  9.72e-04 8.88e-16  2.33e-03    65s
  38   6.44403395e+04  6.30312223e+04  9.14e-04 2.22e-15  2.12e-03    67s
  39   6.43235809e+04  6.32996785e+04  7.03e-04 2.90e-15  1.54e-03    70s
  40   6.41849842e+04  6.34677144e+04  4.98e-04 2.48e-15  1.08e-03    72s
  41   6.40965237e+04  6.35636324e+04  3.74e-04 3.95e-15  8.00e-04    75s
  42   6.40339399e+04  6.36300050e+04  2.86e-04 2.50e-15  6.07e-04    77s
  43   6.40245118e+04  6.36707338e+04  2.72e-04 3.36e-15  5.31e-04    81s
  44   6.39836478e+04  6.37086805e+04  2.11e-04 2.26e-15  4.13e-04    85s
  45   6.39546885e+04  6.37541092e+04  1.69e-04 3.55e-15  3.01e-04    88s
  46   6.39202143e+04  6.37851903e+04  1.18e-04 1.58e-15  2.03e-04    91s
  47   6.38895441e+04  6.37972448e+04  7.40e-05 1.90e-15  1.39e-04    95s
  48   6.38790276e+04  6.38070750e+04  5.92e-05 1.78e-15  1.08e-04    97s
  49   6.38718860e+04  6.38116918e+04  4.95e-05 1.78e-15  9.04e-05   100s
  50   6.38673436e+04  6.38187137e+04  4.32e-05 3.36e-15  7.30e-05   101s
  51   6.38586710e+04  6.38234736e+04  3.11e-05 1.92e-15  5.29e-05   103s
  52   6.38556698e+04  6.38265676e+04  2.70e-05 3.36e-15  4.37e-05   105s
  53   6.38513176e+04  6.38289709e+04  2.09e-05 1.78e-15  3.36e-05   107s
  54   6.38463376e+04  6.38306928e+04  1.41e-05 5.87e-15  2.35e-05   110s
  55   6.38429504e+04  6.38312903e+04  9.50e-06 4.83e-15  1.75e-05   111s
  56   6.38418978e+04  6.38319489e+04  8.13e-06 3.55e-15  1.49e-05   114s
  57   6.38411160e+04  6.38331153e+04  7.11e-06 2.40e-15  1.20e-05   116s
  58   6.38393826e+04  6.38339179e+04  4.85e-06 3.29e-15  8.21e-06   119s
  59   6.38380553e+04  6.38347402e+04  3.11e-06 1.42e-13  4.98e-06   122s
  60   6.38365763e+04  6.38352684e+04  1.18e-06 1.81e-13  1.96e-06   125s
  61   6.38359067e+04  6.38355452e+04  3.32e-07 4.76e-14  5.43e-07   127s
  62   6.38357800e+04  6.38356007e+04  1.79e-07 2.50e-12  2.69e-07   128s
  63   6.38357000e+04  6.38356187e+04  8.37e-08 1.14e-13  1.22e-07   130s
  64   6.38356402e+04  6.38356259e+04  1.46e-08 5.26e-13  2.15e-08   133s
  65   6.38356296e+04  6.38356274e+04  5.78e-09 1.93e-12  3.27e-09   137s
  66   6.38356280e+04  6.38356277e+04  2.60e-09 2.73e-12  4.93e-10   140s
  67   6.38356279e+04  6.38356277e+04  1.23e-07 1.82e-12  2.38e-10   141s
  68   6.38356278e+04  6.38356277e+04  1.72e-07 1.71e-13  1.65e-10   143s
  69   6.38356278e+04  6.38356277e+04  1.16e-07 2.71e-12  1.10e-10   146s

Barrier solved model in 69 iterations and 145.64 seconds (48.20 work units)
Optimal objective 6.38356278e+04

