
Gurobi 13.0.2 (linux64) logging started Fri Jul 17 04:03:54 2026

Set parameter LogFile to value "outputs/batch_1007_res/2055_FR_alone/logfile_2055_FR_alone.txt"
Gurobi Optimizer version 13.0.2 build v13.0.2rc1 (linux64 - "CentOS Stream 9")

CPU model: Intel(R) Xeon(R) Gold 6130 CPU @ 2.10GHz, instruction set [SSE2|AVX|AVX2|AVX512]
Thread count: 16 physical cores, 32 logical processors, using up to 32 threads

Non-default parameters:
Method  2
Crossover  0
NumericFocus  3
Presolve  2

Optimize a model with 1007907 rows, 823495 columns and 3978171 nonzeros (Min)
Model fingerprint: 0x76dec2cd
Model has 210275 linear objective coefficients
Coefficient statistics:
  Matrix range     [1e-04, 1e+02]
  Objective range  [6e-04, 3e+03]
  Bounds range     [0e+00, 0e+00]
  RHS range        [7e-02, 1e+05]

Presolve removed 482140 rows and 262838 columns (presolve time = 5s)...
Presolve removed 482140 rows and 262838 columns (presolve time = 10s)...
Presolve removed 482140 rows and 262838 columns (presolve time = 15s)...
Presolve removed 482140 rows and 262838 columns (presolve time = 20s)...
Presolve removed 596022 rows and 271601 columns (presolve time = 25s)...
Presolve removed 596022 rows and 271601 columns (presolve time = 30s)...
Presolve removed 596022 rows and 271601 columns (presolve time = 35s)...
Presolve removed 604782 rows and 271601 columns
Presolve time: 36.34s
Presolved: 403125 rows, 560654 columns, 2263830 nonzeros
Ordering time: 0.61s

Barrier statistics:
 Dense cols : 14
 AA' NZ     : 1.956e+06
 Factor NZ  : 8.424e+06 (roughly 500 MB of memory)
 Factor Ops : 3.821e+08 (less than 1 second per iteration)
 Threads    : 16

                  Objective                Residual
Iter       Primal          Dual         Primal    Dual     Compl     Time
   0   4.24663053e+07 -2.22365098e+12  2.51e+08 3.28e-14  3.32e+07    39s
   1   4.44930454e+07 -8.25040599e+11  2.30e+08 1.95e+02  2.27e+07    40s
   2   5.66913316e+07 -4.23299926e+11  1.85e+08 9.01e+01  1.70e+07    43s
   3   1.26290083e+08 -1.89738831e+11  3.56e+07 2.89e+01  3.63e+06    46s
   4   1.32209098e+08 -4.18293334e+10  5.89e+06 3.11e+00  5.83e+05    47s
   5   1.31365548e+08 -1.48232039e+10  1.07e+06 4.60e-01  1.08e+05    49s
   6   1.23382261e+08 -7.38006091e+09  1.81e+05 1.51e-01  2.38e+04    50s
   7   1.11657753e+08 -2.45299773e+09  3.99e+04 2.09e-02  5.65e+03    51s
   8   6.14911519e+07 -7.18459280e+08  5.65e+03 2.65e-03  1.12e+03    53s
   9   2.01092931e+07 -6.22350182e+08  6.49e+02 2.22e-03  7.17e+02    55s
  10   1.17808059e+07 -4.64865940e+08  2.15e+02 1.61e-03  5.14e+02    56s
  11   7.26638719e+06 -1.35670847e+08  3.96e+01 2.27e-04  1.51e+02    59s
  12   2.47478829e+06 -2.30106078e+07  1.03e+01 1.79e-10  2.65e+01    62s
  13   1.12826478e+06 -6.54089643e+06  3.86e+00 5.18e-11  7.93e+00    64s
  14   5.86659588e+05 -2.20720189e+06  1.81e+00 1.53e-11  2.88e+00    66s
  15   4.20553653e+05 -1.08575534e+06  1.19e+00 7.30e-12  1.55e+00    68s
  16   3.34917263e+05 -6.59378804e+05  8.79e-01 5.26e-12  1.02e+00    69s
  17   2.38574153e+05 -4.19434997e+05  5.46e-01 3.48e-12  6.77e-01    71s
  18   1.74124712e+05 -2.31789176e+05  3.33e-01 2.02e-12  4.18e-01    73s
  19   1.52321012e+05 -1.25043249e+05  2.61e-01 1.04e-12  2.85e-01    75s
  20   1.38235235e+05 -9.15031841e+04  2.15e-01 9.09e-13  2.36e-01    79s
  21   1.27393929e+05 -6.66600975e+04  1.81e-01 7.39e-13  2.00e-01    81s
  22   1.09635887e+05 -3.05601470e+04  1.24e-01 5.68e-13  1.44e-01    83s
  23   1.00218932e+05  2.94895267e+03  9.49e-02 2.34e-13  1.00e-01    85s
  24   9.38590537e+04  2.48519101e+04  7.54e-02 2.82e-13  7.10e-02    88s
  25   8.68277222e+04  3.46577886e+04  5.39e-02 2.17e-13  5.37e-02    91s
  26   8.23612555e+04  3.92445078e+04  4.07e-02 1.87e-13  4.43e-02    94s
  27   7.92484008e+04  4.53818997e+04  3.14e-02 1.56e-13  3.48e-02    96s
  28   7.70561919e+04  5.19491207e+04  2.51e-02 1.22e-13  2.58e-02    99s
  29   7.59254444e+04  5.42932123e+04  2.22e-02 7.73e-14  2.22e-02   102s
  30   7.47923708e+04  5.60813745e+04  1.93e-02 6.39e-14  1.92e-02   107s
  31   7.38831252e+04  5.83013532e+04  1.70e-02 7.37e-14  1.60e-02   111s
  32   7.25915299e+04  5.98912324e+04  1.37e-02 3.91e-14  1.31e-02   114s
  33   7.11499839e+04  6.07209424e+04  9.86e-03 4.09e-14  1.07e-02   116s
  34   7.06711341e+04  6.16607253e+04  8.62e-03 5.06e-14  9.27e-03   119s
  35   7.01558449e+04  6.25661662e+04  7.33e-03 2.13e-14  7.81e-03   121s
  36   6.96785436e+04  6.31750852e+04  6.16e-03 3.46e-14  6.69e-03   124s
  37   6.91229451e+04  6.34244466e+04  4.86e-03 2.58e-14  5.86e-03   128s
  38   6.85258239e+04  6.38684228e+04  3.64e-03 2.66e-14  4.79e-03   131s
  39   6.82124983e+04  6.45403655e+04  2.92e-03 1.24e-14  3.78e-03   135s
  40   6.80820606e+04  6.45851636e+04  2.63e-03 1.42e-14  3.60e-03   140s
  41   6.79136146e+04  6.51031048e+04  2.25e-03 1.78e-14  2.89e-03   144s
  42   6.77021210e+04  6.53000616e+04  1.78e-03 6.66e-15  2.47e-03   149s
  43   6.75775240e+04  6.56467901e+04  1.51e-03 1.51e-14  1.99e-03   154s
  44   6.74977843e+04  6.56732864e+04  1.35e-03 6.66e-15  1.88e-03   159s
  45   6.73768288e+04  6.59519854e+04  1.09e-03 1.15e-14  1.47e-03   163s
  46   6.73067690e+04  6.60883629e+04  9.46e-04 2.66e-15  1.25e-03   168s
  47   6.72462167e+04  6.62001614e+04  8.24e-04 9.77e-15  1.08e-03   175s
  48   6.71668793e+04  6.62786643e+04  6.69e-04 4.88e-15  9.13e-04   180s
  49   6.71342552e+04  6.63552950e+04  6.00e-04 3.55e-15  8.01e-04   185s
  50   6.70710036e+04  6.63880615e+04  4.76e-04 1.33e-15  7.02e-04   189s
  51   6.70414284e+04  6.64873349e+04  4.17e-04 4.88e-15  5.70e-04   193s
  52   6.70161596e+04  6.65331360e+04  3.69e-04 3.33e-16  4.97e-04   197s
  53   6.69893777e+04  6.65673721e+04  3.17e-04 4.44e-15  4.34e-04   202s
  54   6.69655732e+04  6.65997708e+04  2.72e-04 2.66e-15  3.76e-04   206s
  55   6.69449847e+04  6.66437015e+04  2.33e-04 4.88e-15  3.10e-04   213s
  56   6.69284959e+04  6.66655900e+04  2.03e-04 5.30e-16  2.70e-04   218s
  57   6.69202634e+04  6.66938458e+04  1.87e-04 5.33e-15  2.33e-04   223s
  58   6.69130977e+04  6.67017847e+04  1.74e-04 2.22e-15  2.17e-04   228s
  59   6.69041243e+04  6.67041104e+04  1.58e-04 3.89e-16  2.06e-04   233s
  60   6.68914228e+04  6.67188072e+04  1.36e-04 4.44e-16  1.78e-04   239s
  61   6.68782698e+04  6.67305691e+04  1.13e-04 4.00e-15  1.52e-04   244s
  62   6.68742414e+04  6.67429805e+04  1.06e-04 4.44e-15  1.35e-04   249s
  63   6.68671923e+04  6.67596342e+04  9.25e-05 4.29e-16  1.11e-04   256s
  64   6.68579322e+04  6.67747090e+04  7.56e-05 5.10e-16  8.56e-05   262s
  65   6.68518959e+04  6.67820063e+04  6.53e-05 6.34e-16  7.19e-05   266s
  66   6.68457327e+04  6.67866862e+04  5.45e-05 4.31e-16  6.07e-05   271s
  67   6.68448269e+04  6.67918616e+04  5.29e-05 4.66e-15  5.45e-05   277s
  68   6.68413396e+04  6.67955265e+04  4.66e-05 1.55e-15  4.71e-05   284s
  69   6.68358529e+04  6.67984349e+04  3.71e-05 2.89e-15  3.85e-05   291s
  70   6.68338664e+04  6.68004778e+04  3.37e-05 3.49e-16  3.43e-05   298s
  71   6.68309643e+04  6.68019860e+04  2.87e-05 4.00e-15  2.98e-05   305s
  72   6.68292259e+04  6.68034318e+04  2.57e-05 4.05e-16  2.65e-05   312s
  73   6.68281453e+04  6.68053017e+04  2.39e-05 2.00e-15  2.35e-05   318s
  74   6.68269322e+04  6.68067476e+04  2.18e-05 3.21e-16  2.08e-05   326s
  75   6.68231299e+04  6.68082052e+04  1.51e-05 1.31e-15  1.53e-05   333s
  76   6.68222130e+04  6.68092680e+04  1.34e-05 2.89e-15  1.33e-05   338s
  77   6.68209911e+04  6.68101978e+04  1.13e-05 3.35e-15  1.11e-05   344s
  78   6.68201560e+04  6.68111943e+04  9.90e-06 2.77e-15  9.22e-06   349s
  79   6.68190431e+04  6.68117986e+04  7.99e-06 5.55e-15  7.45e-06   356s
  80   6.68181029e+04  6.68121279e+04  6.40e-06 3.89e-15  6.14e-06   361s
  81   6.68175769e+04  6.68124274e+04  5.53e-06 3.65e-15  5.30e-06   367s
  82   6.68173106e+04  6.68126113e+04  5.07e-06 3.12e-15  4.83e-06   371s
  83   6.68169445e+04  6.68128239e+04  4.44e-06 9.10e-15  4.24e-06   377s
  84   6.68165144e+04  6.68129789e+04  3.69e-06 2.44e-15  3.64e-06   384s
  85   6.68164451e+04  6.68132877e+04  3.55e-06 2.35e-15  3.25e-06   388s
  86   6.68154165e+04  6.68135495e+04  1.82e-06 2.54e-15  1.92e-06   395s
  87   6.68150384e+04  6.68139374e+04  1.14e-06 1.63e-15  1.13e-06   402s
  88   6.68149237e+04  6.68139964e+04  9.66e-07 2.44e-15  9.53e-07   408s
  89   6.68147973e+04  6.68140199e+04  7.41e-07 1.28e-15  7.99e-07   413s
  90   6.68146990e+04  6.68140730e+04  5.80e-07 1.07e-15  6.44e-07   416s
  91   6.68145853e+04  6.68141607e+04  3.87e-07 6.81e-16  4.37e-07   419s
  92   6.68145086e+04  6.68142559e+04  2.64e-07 3.11e-15  2.60e-07   422s
  93   6.68144228e+04  6.68143110e+04  1.20e-07 4.55e-13  1.15e-07   429s
  94   6.68143651e+04  6.68143404e+04  2.46e-08 5.40e-13  2.54e-08   436s
  95   6.68143492e+04  6.68143466e+04  2.94e-09 2.84e-13  2.71e-09   440s
  96   6.68143476e+04  6.68143473e+04  1.98e-08 5.83e-11  2.73e-10   443s
  97   6.68143474e+04  6.68143474e+04  5.58e-08 2.98e-10  2.75e-11   446s

Barrier solved model in 97 iterations and 445.97 seconds (174.56 work units)
Optimal objective 6.68143474e+04


Gurobi 13.0.2 (linux64) logging started Fri Jul 17 15:51:44 2026

Set parameter LogFile to value "outputs/batch_1007_res/2055_FR_alone/logfile_2055_FR_alone.txt"
Gurobi Optimizer version 13.0.2 build v13.0.2rc1 (linux64 - "CentOS Stream 9")

CPU model: Intel(R) Xeon(R) Gold 6130 CPU @ 2.10GHz, instruction set [SSE2|AVX|AVX2|AVX512]
Thread count: 16 physical cores, 32 logical processors, using up to 32 threads

Non-default parameters:
Method  2
Crossover  0
NumericFocus  3
Presolve  2

Optimize a model with 1007907 rows, 823495 columns and 3925611 nonzeros (Min)
Model fingerprint: 0x3739b1ea
Model has 210275 linear objective coefficients
Coefficient statistics:
  Matrix range     [1e-04, 1e+02]
  Objective range  [6e-04, 3e+03]
  Bounds range     [0e+00, 0e+00]
  RHS range        [7e-02, 1e+05]

Presolve removed 727422 rows and 446801 columns (presolve time = 5s)...
Presolve removed 736182 rows and 446801 columns
Presolve time: 6.50s
Presolved: 271725 rows, 385454 columns, 1466670 nonzeros
Ordering time: 0.28s

Barrier statistics:
 Dense cols : 14
 AA' NZ     : 1.094e+06
 Factor NZ  : 5.980e+06 (roughly 300 MB of memory)
 Factor Ops : 3.587e+08 (less than 1 second per iteration)
 Threads    : 16

                  Objective                Residual
Iter       Primal          Dual         Primal    Dual     Compl     Time
   0   3.11812871e+07 -1.07709129e+12  8.53e+07 3.71e-14  1.20e+07     8s
   1   3.12663829e+07 -3.98665678e+11  7.83e+07 2.28e+02  7.58e+06     8s
   2   3.21104302e+07 -1.01917154e+11  6.04e+07 2.46e+01  4.86e+06     9s
   3   3.83723988e+07 -3.60863787e+10  1.52e+07 3.84e+00  1.25e+06    10s
   4   3.85408399e+07 -1.21187133e+10  2.03e+06 3.52e-01  1.75e+05    10s
   5   3.57168527e+07 -5.15648898e+09  4.14e+05 7.38e-02  3.80e+04    11s
   6   2.72368511e+07 -2.46156984e+09  1.05e+05 2.55e-02  1.06e+04    12s
   7   1.74854426e+07 -1.46583832e+09  2.82e+04 1.19e-02  3.87e+03    12s
   8   1.51473068e+07 -1.39529081e+09  6.98e+03 1.11e-02  2.59e+03    13s
   9   1.06768150e+07 -7.49981915e+08  1.05e+03 5.03e-03  1.23e+03    14s
  10   9.44583338e+06 -7.14482898e+08  5.28e+02 4.74e-03  1.15e+03    14s
  11   8.53117535e+06 -5.43551985e+08  2.06e+02 3.37e-03  8.63e+02    16s
  12   5.76061778e+06 -7.54363683e+07  2.31e+01 1.50e-11  1.24e+02    17s
  13   1.64983817e+06 -1.12725222e+07  4.88e+00 1.35e-13  1.95e+01    18s
  14   5.93697801e+05 -3.73991976e+06  1.46e+00 4.80e-14  6.52e+00    18s
  15   4.03850778e+05 -1.45900449e+06  8.66e-01 7.68e-14  2.80e+00    19s
  16   2.48793530e+05 -7.96963142e+05  4.32e-01 1.10e-14  1.57e+00    19s
  17   1.86035859e+05 -3.54724132e+05  2.72e-01 2.71e-14  8.13e-01    20s
  18   1.47354700e+05 -1.79180100e+05  1.79e-01 3.18e-15  4.91e-01    21s
  19   1.26252786e+05 -9.57849183e+04  1.29e-01 2.17e-14  3.34e-01    22s
  20   1.08056160e+05 -3.91484643e+04  8.65e-02 1.44e-15  2.21e-01    23s
  21   9.81378603e+04 -3.55505204e+03  6.38e-02 8.88e-16  1.53e-01    23s
  22   8.79181624e+04  1.29342207e+04  4.13e-02 7.22e-16  1.13e-01    25s
  23   8.53820756e+04  2.44740840e+04  3.57e-02 5.98e-16  9.15e-02    25s
  24   8.13429981e+04  2.92096927e+04  2.66e-02 5.34e-16  7.83e-02    26s
  25   7.89218403e+04  3.96777350e+04  2.13e-02 4.25e-16  5.89e-02    28s
  26   7.59602730e+04  4.49153610e+04  1.51e-02 3.17e-16  4.66e-02    29s
  27   7.33646680e+04  5.03476565e+04  9.90e-03 1.30e-15  3.46e-02    30s
  28   7.15085382e+04  5.40023200e+04  6.64e-03 3.59e-16  2.63e-02    31s
  29   7.02446005e+04  5.62934449e+04  4.64e-03 4.70e-16  2.10e-02    32s
  30   6.86633355e+04  5.85286988e+04  2.82e-03 4.70e-16  1.52e-02    33s
  31   6.80142471e+04  5.98706433e+04  2.03e-03 4.70e-16  1.22e-02    35s
  32   6.76408925e+04  6.15986500e+04  1.63e-03 4.70e-16  9.08e-03    36s
  33   6.73481606e+04  6.25117975e+04  1.34e-03 9.33e-15  7.26e-03    37s
  34   6.70950745e+04  6.34782543e+04  1.10e-03 4.44e-16  5.43e-03    38s
  35   6.67923094e+04  6.39212290e+04  8.31e-04 4.70e-16  4.31e-03    39s
  36   6.65813551e+04  6.41413004e+04  6.54e-04 6.30e-16  3.66e-03    41s
  37   6.64835620e+04  6.44614824e+04  5.71e-04 6.92e-16  3.04e-03    42s
  38   6.63849412e+04  6.45319677e+04  4.91e-04 7.80e-16  2.78e-03    43s
  39   6.62857202e+04  6.46859414e+04  4.10e-04 1.14e-15  2.40e-03    44s
  40   6.62394648e+04  6.47146443e+04  3.73e-04 7.66e-16  2.29e-03    45s
  41   6.61600037e+04  6.50167279e+04  3.11e-04 9.21e-16  1.72e-03    46s
  42   6.61118795e+04  6.51360253e+04  2.73e-04 1.14e-15  1.47e-03    48s
  43   6.60764429e+04  6.51587239e+04  2.47e-04 1.14e-15  1.38e-03    49s
  44   6.60376701e+04  6.52591920e+04  2.17e-04 1.33e-15  1.17e-03    50s
  45   6.60022688e+04  6.52736674e+04  1.91e-04 9.54e-16  1.09e-03    52s
  46   6.59793061e+04  6.53599329e+04  1.74e-04 7.06e-16  9.30e-04    54s
  47   6.59380052e+04  6.54105324e+04  1.43e-04 8.88e-16  7.92e-04    56s
  48   6.59055199e+04  6.54639068e+04  1.19e-04 3.11e-15  6.63e-04    57s
  49   6.58870072e+04  6.54761539e+04  1.06e-04 8.88e-16  6.17e-04    59s
  50   6.58696716e+04  6.55117091e+04  9.38e-05 1.33e-15  5.38e-04    61s
  51   6.58588521e+04  6.55345160e+04  8.58e-05 4.00e-15  4.87e-04    63s
  52   6.58543498e+04  6.55551693e+04  8.26e-05 4.00e-15  4.49e-04    64s
  53   6.58336510e+04  6.55905121e+04  6.42e-05 3.55e-15  3.65e-04    67s
  54   6.58116443e+04  6.56220345e+04  4.51e-05 1.14e-15  2.85e-04    68s
  55   6.57911772e+04  6.56508931e+04  2.77e-05 8.44e-15  2.11e-04    70s
  56   6.57809014e+04  6.56752813e+04  1.93e-05 8.88e-16  1.59e-04    72s
  57   6.57761693e+04  6.57035777e+04  1.56e-05 6.92e-16  1.09e-04    74s
  58   6.57730814e+04  6.57103511e+04  1.34e-05 5.77e-15  9.42e-05    76s
  59   6.57692340e+04  6.57178333e+04  1.06e-05 2.66e-15  7.72e-05    78s
  60   6.57668369e+04  6.57248119e+04  8.90e-06 5.33e-15  6.31e-05    79s
  61   6.57637151e+04  6.57346180e+04  6.74e-06 2.09e-15  4.37e-05    81s
  62   6.57622914e+04  6.57379606e+04  5.78e-06 1.53e-15  3.65e-05    83s
  63   6.57602325e+04  6.57406223e+04  4.44e-06 1.07e-14  2.95e-05    85s
  64   6.57594563e+04  6.57430883e+04  3.94e-06 3.17e-15  2.46e-05    87s
  65   6.57592984e+04  6.57437900e+04  3.83e-06 3.05e-15  2.33e-05    89s
  66   6.57586418e+04  6.57445807e+04  3.38e-06 5.33e-15  2.11e-05    91s
  67   6.57575890e+04  6.57474072e+04  2.69e-06 1.78e-15  1.53e-05    93s
  68   6.57565778e+04  6.57490503e+04  2.05e-06 6.66e-16  1.13e-05    94s
  69   6.57558883e+04  6.57495463e+04  1.60e-06 1.03e-15  9.53e-06    97s
  70   6.57555827e+04  6.57503146e+04  1.41e-06 2.22e-15  7.91e-06    99s
  71   6.57553701e+04  6.57510208e+04  1.27e-06 3.55e-15  6.53e-06   101s
  72   6.57549792e+04  6.57514498e+04  1.03e-06 1.38e-14  5.30e-06   105s
  73   6.57547946e+04  6.57517440e+04  9.17e-07 5.23e-16  4.58e-06   109s
  74   6.57546683e+04  6.57519447e+04  8.37e-07 9.33e-15  4.09e-06   114s
  75   6.57544527e+04  6.57520885e+04  6.99e-07 1.02e-15  3.55e-06   117s
  76   6.57543360e+04  6.57522024e+04  6.24e-07 8.91e-16  3.20e-06   122s
  77   6.57541452e+04  6.57523326e+04  5.05e-07 7.06e-16  2.72e-06   126s
  78   6.57541114e+04  6.57524669e+04  4.84e-07 1.14e-15  2.47e-06   128s
  79   6.57539503e+04  6.57526023e+04  3.82e-07 7.55e-15  2.02e-06   131s
  80   6.57539224e+04  6.57526533e+04  3.65e-07 1.00e-15  1.91e-06   132s
  81   6.57537299e+04  6.57527388e+04  2.46e-07 8.48e-16  1.49e-06   135s
  82   6.57536764e+04  6.57528353e+04  2.14e-07 1.42e-15  1.26e-06   137s
  83   6.57536305e+04  6.57529703e+04  1.87e-07 1.58e-15  9.92e-07   139s
  84   6.57536145e+04  6.57529912e+04  1.77e-07 8.44e-15  9.36e-07   141s
  85   6.57535904e+04  6.57530181e+04  1.63e-07 1.38e-15  8.59e-07   144s
  86   6.57535808e+04  6.57530383e+04  1.58e-07 1.11e-14  8.15e-07   147s
  87   6.57535596e+04  6.57530471e+04  1.45e-07 1.36e-15  7.70e-07   149s
  88   6.57535366e+04  6.57530881e+04  1.32e-07 1.15e-15  6.74e-07   152s
  89   6.57535201e+04  6.57531014e+04  1.21e-07 4.88e-15  6.29e-07   154s
  90   6.57534822e+04  6.57531344e+04  9.97e-08 3.55e-15  5.22e-07   156s
  91   6.57534669e+04  6.57531555e+04  9.07e-08 7.85e-16  4.68e-07   159s
  92   6.57534543e+04  6.57531813e+04  8.33e-08 3.55e-15  4.10e-07   161s
  93   6.57534429e+04  6.57531896e+04  7.70e-08 7.11e-15  3.80e-07   164s
  94   6.57534379e+04  6.57532006e+04  7.36e-08 1.07e-14  3.56e-07   166s
  95   6.57534275e+04  6.57532212e+04  6.81e-08 1.17e-15  3.10e-07   168s
  96   6.57534110e+04  6.57532289e+04  5.74e-08 4.88e-15  2.73e-07   171s
  97   6.57533996e+04  6.57532325e+04  5.10e-08 6.22e-15  2.51e-07   174s
  98   6.57533866e+04  6.57532416e+04  4.30e-08 7.11e-15  2.18e-07   176s
  99   6.57533717e+04  6.57532535e+04  3.38e-08 1.78e-15  1.78e-07   179s
 100   6.57533669e+04  6.57532596e+04  3.13e-08 1.78e-15  1.61e-07   183s
 101   6.57533569e+04  6.57532657e+04  2.55e-08 5.33e-15  1.37e-07   185s
 102   6.57533513e+04  6.57532673e+04  7.35e-07 2.78e-09  1.26e-07   188s
 103   6.57533475e+04  6.57532725e+04  6.58e-07 2.46e-09  1.13e-07   192s
 104   6.57533461e+04  6.57532781e+04  8.17e-07 2.42e-09  1.02e-07   194s
 105   6.57533437e+04  6.57532801e+04  7.06e-07 1.37e-09  9.55e-08   196s
 106   6.57533411e+04  6.57532816e+04  6.48e-07 1.31e-09  8.93e-08   199s
 107   6.57533383e+04  6.57532835e+04  1.38e-07 1.26e-09  8.23e-08   201s
 108   6.57533317e+04  6.57532875e+04  5.33e-05 2.63e-08  6.63e-08   203s
 109   6.57533269e+04  6.57533003e+04  6.11e-05 2.24e-08  3.99e-08   206s
 110   6.57533256e+04  6.57533010e+04  5.67e-05 2.13e-08  3.69e-08   208s
 111   6.57533235e+04  6.57533018e+04  4.96e-05 2.01e-08  3.25e-08   211s
 112   6.57533205e+04  6.57533044e+04  3.95e-05 1.53e-08  2.41e-08   213s
 113   6.57533195e+04  6.57533061e+04  3.61e-05 1.15e-08  2.02e-08   215s
 114   6.57533193e+04  6.57533065e+04  3.66e-05 1.04e-08  1.92e-08   218s
 115   6.57533163e+04  6.57533069e+04  3.86e-05 9.57e-09  1.41e-08   220s
 116   6.57533141e+04  6.57533078e+04  2.45e-05 6.50e-09  9.42e-09   223s
 117   6.57533135e+04  6.57533087e+04  2.27e-05 4.48e-09  7.25e-09   224s
 118   6.57533132e+04  6.57533088e+04  2.01e-05 4.18e-09  6.64e-09   226s
 119   6.57533131e+04  6.57533088e+04  2.01e-05 4.05e-09  6.41e-09   228s
 120   6.57533120e+04  6.57533093e+04  2.07e-05 3.19e-09  3.89e-09   229s
 121   6.57533118e+04  6.57533100e+04  1.92e-05 1.07e-09  2.62e-09   231s
 122   6.57533117e+04  6.57533101e+04  3.09e-05 9.46e-10  2.45e-09   232s
 123   6.57533117e+04  6.57533101e+04  8.24e-05 8.48e-10  2.29e-09   234s
 124   6.57533113e+04  6.57533101e+04  2.83e-05 8.27e-10  1.70e-09   236s
 125   6.57533112e+04  6.57533103e+04  5.92e-05 4.12e-10  1.34e-09   237s
 126   6.57533108e+04  6.57533103e+04  4.15e-04 3.86e-10  6.62e-10   240s
 127   6.57533108e+04  6.57533104e+04  3.74e-04 3.28e-10  5.90e-10   241s
 128   6.57533108e+04  6.57533104e+04  3.89e-04 2.56e-10  5.39e-10   242s
 129   6.57533108e+04  6.57533104e+04  4.42e-04 2.45e-10  5.04e-10   243s
 130   6.57533108e+04  6.57533104e+04  4.42e-04 2.45e-10  5.04e-10   244s

Barrier solved model in 130 iterations and 244.27 seconds (107.14 work units)
Optimal objective 6.57533108e+04

