
Gurobi 13.0.2 (linux64) logging started Thu Jul 16 15:59:32 2026

Set parameter LogFile to value "outputs/batch_1007_res/2046_FR_alone/logfile_2046_FR_alone.txt"
Gurobi Optimizer version 13.0.2 build v13.0.2rc1 (linux64 - "CentOS Stream 9")

CPU model: Intel(R) Xeon(R) Gold 6130 CPU @ 2.10GHz, instruction set [SSE2|AVX|AVX2|AVX512]
Thread count: 16 physical cores, 32 logical processors, using up to 32 threads

Non-default parameters:
Method  2
Crossover  0
NumericFocus  3
Presolve  2

Optimize a model with 1007906 rows, 823495 columns and 3978164 nonzeros (Min)
Model fingerprint: 0x6cc25960
Model has 210275 linear objective coefficients
Coefficient statistics:
  Matrix range     [1e-04, 1e+02]
  Objective range  [6e-04, 3e+03]
  Bounds range     [0e+00, 0e+00]
  RHS range        [7e-02, 1e+05]

Presolve removed 482139 rows and 236558 columns (presolve time = 5s)...
Presolve removed 482139 rows and 236558 columns (presolve time = 10s)...
Presolve removed 482139 rows and 236558 columns (presolve time = 15s)...
Presolve removed 596021 rows and 245321 columns (presolve time = 20s)...
Presolve removed 596021 rows and 245321 columns (presolve time = 25s)...
Presolve removed 604781 rows and 245321 columns
Presolve time: 29.31s
Presolved: 403125 rows, 586934 columns, 2290110 nonzeros
Ordering time: 0.69s

Barrier statistics:
 Dense cols : 14
 AA' NZ     : 1.956e+06
 Factor NZ  : 8.507e+06 (roughly 500 MB of memory)
 Factor Ops : 3.939e+08 (less than 1 second per iteration)
 Threads    : 16

                  Objective                Residual
Iter       Primal          Dual         Primal    Dual     Compl     Time
   0   1.37615203e+09 -2.22365098e+12  2.36e+08 3.28e-14  3.14e+07    32s
   1   1.37672086e+09 -9.84544603e+11  2.17e+08 2.79e+02  2.20e+07    33s
   2   1.44829403e+09 -8.70744033e+11  1.67e+08 3.10e+02  1.75e+07    34s
   3   3.76735933e+09 -4.55215200e+11  5.06e+07 8.94e+01  6.36e+06    36s
   4   3.94115582e+09 -9.37585985e+10  9.01e+06 1.15e+01  1.05e+06    38s
   5   3.59538988e+09 -2.22677364e+10  1.35e+06 1.03e+00  1.53e+05    39s
   6   1.93295879e+09 -6.89168520e+09  1.88e+05 1.21e-01  2.47e+04    40s
   7   5.08443913e+08 -2.51852540e+09  2.40e+04 3.52e-02  5.19e+03    41s
   8   1.50594217e+08 -2.35632017e+09  3.00e+03 3.26e-02  3.32e+03    42s
   9   6.21093700e+07 -2.96716187e+08  2.97e+02 2.95e-03  4.25e+02    44s
  10   1.71923380e+07 -3.54535763e+07  4.09e+01 6.52e-05  5.70e+01    46s
  11   3.44060541e+06 -8.49815214e+06  6.66e+00 2.03e-13  1.23e+01    47s
  12   1.13271253e+06 -5.44504627e+06  1.91e+00 1.22e-13  6.67e+00    49s
  13   6.92173066e+05 -3.34177925e+06  1.00e+00 7.55e-14  4.07e+00    51s
  14   3.98078140e+05 -1.56951057e+06  4.77e-01 3.64e-14  1.98e+00    52s
  15   2.62199136e+05 -5.27460489e+05  2.60e-01 2.97e-13  7.93e-01    54s
  16   1.74684770e+05 -2.61278918e+05  1.39e-01 1.23e-13  4.37e-01    56s
  17   1.35674162e+05 -9.80472682e+04  8.35e-02 7.32e-14  2.34e-01    58s
  18   1.12447706e+05 -4.32297477e+04  5.34e-02 4.66e-14  1.56e-01    59s
  19   9.99145887e+04 -1.09136999e+04  3.71e-02 5.46e-14  1.11e-01    61s
  20   8.96972327e+04  1.94509737e+03  2.42e-02 4.22e-14  8.79e-02    64s
  21   8.74833730e+04  6.90031496e+03  2.16e-02 3.59e-14  8.07e-02    67s
  22   8.46079264e+04  1.78594220e+04  1.81e-02 3.33e-14  6.69e-02    68s
  23   8.21444344e+04  2.15962587e+04  1.52e-02 3.06e-14  6.07e-02    71s
  24   7.78716723e+04  3.06924543e+04  1.02e-02 2.17e-14  4.73e-02    74s
  25   7.54843610e+04  3.99410123e+04  7.70e-03 1.60e-14  3.56e-02    77s
  26   7.31756219e+04  4.56861472e+04  5.39e-03 9.30e-15  2.75e-02    80s
  27   7.11694479e+04  5.04366532e+04  3.63e-03 9.30e-15  2.08e-02    84s
  28   6.97238797e+04  5.47612250e+04  2.57e-03 5.30e-15  1.50e-02    88s
  29   6.84248694e+04  5.73614838e+04  1.68e-03 6.63e-15  1.11e-02    90s
  30   6.75166422e+04  5.89383650e+04  1.12e-03 5.52e-15  8.60e-03    93s
  31   6.70740089e+04  6.02632080e+04  8.75e-04 2.19e-15  6.82e-03    95s
  32   6.66786940e+04  6.19875811e+04  6.62e-04 2.19e-15  4.70e-03    98s
  33   6.65755790e+04  6.21345836e+04  6.11e-04 4.08e-15  4.45e-03   101s
  34   6.63868758e+04  6.26587397e+04  5.16e-04 2.97e-15  3.74e-03   103s
  35   6.60022906e+04  6.35042305e+04  3.39e-04 2.10e-16  2.50e-03   106s
  36   6.59064161e+04  6.39013607e+04  2.97e-04 1.25e-15  2.01e-03   110s
  37   6.58513107e+04  6.40387943e+04  2.73e-04 1.14e-15  1.82e-03   114s
  38   6.58061950e+04  6.41320961e+04  2.50e-04 1.44e-15  1.68e-03   117s
  39   6.57081116e+04  6.43493694e+04  2.09e-04 6.52e-16  1.36e-03   120s
  40   6.56861234e+04  6.45074573e+04  2.00e-04 6.98e-16  1.18e-03   123s
  41   6.56465602e+04  6.45343411e+04  1.81e-04 9.71e-16  1.11e-03   127s
  42   6.55441571e+04  6.46552848e+04  1.37e-04 8.05e-16  8.91e-04   131s
  43   6.55070415e+04  6.46965432e+04  1.21e-04 1.47e-15  8.12e-04   134s
  44   6.54738356e+04  6.47830781e+04  1.08e-04 2.04e-16  6.92e-04   138s
  45   6.54319935e+04  6.49167349e+04  9.09e-05 3.31e-16  5.16e-04   141s
  46   6.53853675e+04  6.49673926e+04  7.20e-05 2.05e-16  4.19e-04   144s
  47   6.53457391e+04  6.50170351e+04  5.65e-05 2.05e-15  3.29e-04   148s
  48   6.53255838e+04  6.50384269e+04  4.86e-05 5.00e-16  2.88e-04   152s
  49   6.53015432e+04  6.50730784e+04  3.96e-05 9.99e-16  2.29e-04   156s
  50   6.52837085e+04  6.50965219e+04  3.31e-05 4.44e-16  1.88e-04   160s
  51   6.52650910e+04  6.51057318e+04  2.63e-05 3.61e-16  1.60e-04   164s
  52   6.52560064e+04  6.51283013e+04  2.30e-05 4.29e-16  1.28e-04   168s
  53   6.52399539e+04  6.51356646e+04  1.74e-05 1.22e-15  1.04e-04   171s
  54   6.52320147e+04  6.51427612e+04  1.46e-05 1.11e-15  8.94e-05   175s
  55   6.52250592e+04  6.51483956e+04  1.22e-05 4.57e-16  7.68e-05   180s
  56   6.52216136e+04  6.51577308e+04  1.10e-05 7.77e-16  6.40e-05   184s
  57   6.52159827e+04  6.51628936e+04  9.07e-06 3.91e-16  5.32e-05   189s
  58   6.52109787e+04  6.51687546e+04  7.40e-06 8.60e-16  4.23e-05   193s
  59   6.52086288e+04  6.51708033e+04  6.61e-06 9.16e-16  3.79e-05   197s
  60   6.52072996e+04  6.51724981e+04  6.16e-06 5.08e-16  3.49e-05   202s
  61   6.52063019e+04  6.51735609e+04  5.82e-06 4.32e-16  3.28e-05   206s
  62   6.52030137e+04  6.51758611e+04  4.72e-06 4.22e-16  2.72e-05   210s
  63   6.52014451e+04  6.51771369e+04  4.18e-06 5.30e-16  2.44e-05   214s
  64   6.51990975e+04  6.51786032e+04  3.39e-06 7.77e-16  2.05e-05   218s
  65   6.51978526e+04  6.51803225e+04  2.98e-06 6.93e-13  1.76e-05   222s
  66   6.51970164e+04  6.51814059e+04  2.69e-06 6.02e-13  1.56e-05   225s
  67   6.51958717e+04  6.51827488e+04  2.33e-06 4.86e-13  1.31e-05   228s
  68   6.51954459e+04  6.51834291e+04  2.20e-06 4.29e-13  1.20e-05   232s
  69   6.51943010e+04  6.51841793e+04  1.80e-06 3.68e-13  1.01e-05   235s
  70   6.51934299e+04  6.51847209e+04  1.53e-06 3.23e-13  8.72e-06   239s
  71   6.51930948e+04  6.51856583e+04  1.41e-06 2.48e-13  7.45e-06   243s
  72   6.51924774e+04  6.51862560e+04  1.20e-06 2.01e-13  6.23e-06   247s
  73   6.51921482e+04  6.51864804e+04  1.10e-06 1.81e-13  5.68e-06   251s
  74   6.51916172e+04  6.51869083e+04  9.41e-07 1.45e-13  4.72e-06   256s
  75   6.51912754e+04  6.51871893e+04  8.17e-07 1.21e-13  4.09e-06   260s
  76   6.51910402e+04  6.51872579e+04  7.49e-07 1.15e-13  3.79e-06   264s
  77   6.51906573e+04  6.51873604e+04  6.35e-07 1.06e-13  3.30e-06   269s
  78   6.51903586e+04  6.51875183e+04  5.30e-07 9.24e-14  2.85e-06   272s
  79   6.51901629e+04  6.51877008e+04  4.76e-07 7.69e-14  2.47e-06   276s
  80   6.51900111e+04  6.51877728e+04  4.44e-07 7.09e-14  2.24e-06   280s
  81   6.51898710e+04  6.51879353e+04  3.85e-07 5.76e-14  1.94e-06   284s
  82   6.51896330e+04  6.51880082e+04  3.16e-07 5.16e-14  1.63e-06   290s
  83   6.51895560e+04  6.51881106e+04  2.80e-07 4.32e-14  1.45e-06   294s
  84   6.51895146e+04  6.51881729e+04  2.82e-07 3.79e-14  1.34e-06   299s
  85   6.51894389e+04  6.51881940e+04  2.55e-07 3.63e-14  1.25e-06   304s
  86   6.51893029e+04  6.51882900e+04  2.06e-07 2.88e-14  1.01e-06   309s
  87   6.51891487e+04  6.51883230e+04  1.56e-07 2.62e-14  8.27e-07   314s
  88   6.51891045e+04  6.51883517e+04  1.46e-07 2.38e-14  7.54e-07   320s
  89   6.51890713e+04  6.51883705e+04  1.33e-07 2.23e-14  7.02e-07   324s
  90   6.51890550e+04  6.51884424e+04  1.29e-07 1.64e-14  6.14e-07   330s
  91   6.51890228e+04  6.51884787e+04  1.18e-07 1.36e-14  5.45e-07   336s
  92   6.51889683e+04  6.51885064e+04  9.95e-08 1.16e-14  4.63e-07   342s
  93   6.51889233e+04  6.51885214e+04  9.06e-08 1.14e-14  4.03e-07   347s
  94   6.51888953e+04  6.51885300e+04  1.17e-06 1.11e-14  3.66e-07   351s
  95   6.51888685e+04  6.51885371e+04  1.05e-06 1.04e-14  3.32e-07   360s
  96   6.51888425e+04  6.51885459e+04  9.11e-07 1.12e-14  2.97e-07   367s
  97   6.51888259e+04  6.51885531e+04  8.45e-07 2.54e-11  2.73e-07   373s
  98   6.51888185e+04  6.51885582e+04  8.17e-07 2.48e-11  2.61e-07   378s
  99   6.51887988e+04  6.51885660e+04  7.24e-07 2.33e-11  2.33e-07   388s
 100   6.51887822e+04  6.51885790e+04  6.37e-07 1.90e-11  2.03e-07   394s
 101   6.51887753e+04  6.51885813e+04  6.02e-07 2.11e-11  1.94e-07   401s
 102   6.51887604e+04  6.51885877e+04  5.27e-07 1.86e-11  1.73e-07   405s
 103   6.51887534e+04  6.51885923e+04  4.97e-07 1.90e-11  1.61e-07   412s
 104   6.51887381e+04  6.51885972e+04  4.17e-07 1.93e-11  1.41e-07   420s
 105   6.51887306e+04  6.51886031e+04  3.91e-07 3.69e-13  1.28e-07   427s
 106   6.51887263e+04  6.51886096e+04  3.62e-07 4.70e-11  1.17e-07   435s
 107   6.51887196e+04  6.51886127e+04  4.39e-07 4.28e-11  1.07e-07   445s
 108   6.51887163e+04  6.51886174e+04  3.29e-06 1.34e-10  9.91e-08   452s
 109   6.51887095e+04  6.51886198e+04  2.93e-06 9.13e-11  8.98e-08   460s
 110   6.51887033e+04  6.51886244e+04  2.60e-06 1.01e-09  7.90e-08   469s
 111   6.51886908e+04  6.51886285e+04  3.24e-06 6.24e-09  6.24e-08   474s
 112   6.51886867e+04  6.51886290e+04  2.98e-06 6.49e-09  5.78e-08   479s
 113   6.51886856e+04  6.51886325e+04  2.92e-06 8.22e-09  5.33e-08   486s
 114   6.51886849e+04  6.51886326e+04  2.84e-06 8.15e-09  5.24e-08   491s
 115   6.51886793e+04  6.51886380e+04  2.45e-06 1.52e-08  4.13e-08   495s
 116   6.51886766e+04  6.51886416e+04  1.88e-06 1.84e-08  3.50e-08   500s
 117   6.51886726e+04  6.51886427e+04  1.55e-06 1.44e-08  2.98e-08   510s
 118   6.51886696e+04  6.51886429e+04  2.59e-06 1.43e-08  2.66e-08   517s
 119   6.51886674e+04  6.51886441e+04  4.29e-05 1.21e-08  2.32e-08   523s
 120   6.51886644e+04  6.51886442e+04  8.66e-05 1.20e-08  2.01e-08   527s
 121   6.51886614e+04  6.51886452e+04  2.02e-04 9.66e-09  1.63e-08   533s
 122   6.51886600e+04  6.51886462e+04  1.82e-04 7.97e-09  1.39e-08   537s
 123   6.51886594e+04  6.51886467e+04  1.71e-04 6.84e-09  1.27e-08   543s
 124   6.51886582e+04  6.51886468e+04  1.79e-04 6.45e-09  1.14e-08   545s
 125   6.51886565e+04  6.51886474e+04  1.46e-04 4.18e-09  9.04e-09   554s
 126   6.51886557e+04  6.51886476e+04  1.30e-04 3.49e-09  8.02e-09   563s
 127   6.51886551e+04  6.51886481e+04  1.19e-04 1.89e-09  6.96e-09   571s
 128   6.51886540e+04  6.51886482e+04  1.03e-04 1.68e-09  5.82e-09   574s
 129   6.51886537e+04  6.51886484e+04  9.81e-05 1.02e-09  5.26e-09   578s
 130   6.51886520e+04  6.51886485e+04  1.05e-04 7.77e-10  3.49e-09   583s
 131   6.51886506e+04  6.51886486e+04  8.69e-05 6.05e-10  2.01e-09   588s
 132   6.51886497e+04  6.51886487e+04  4.62e-05 1.37e-10  9.87e-10   592s
 133   6.51886496e+04  6.51886488e+04  4.19e-05 6.61e-10  7.97e-10   594s
 134   6.51886494e+04  6.51886488e+04  3.68e-05 6.15e-10  6.61e-10   599s
 135   6.51886489e+04  6.51886488e+04  6.76e-06 6.74e-11  9.87e-11   601s

Barrier solved model in 135 iterations and 601.47 seconds (255.82 work units)
Optimal objective 6.51886489e+04


Gurobi 13.0.2 (linux64) logging started Fri Jul 17 06:50:51 2026

Set parameter LogFile to value "outputs/batch_1007_res/2046_FR_alone/logfile_2046_FR_alone.txt"
Gurobi Optimizer version 13.0.2 build v13.0.2rc1 (linux64 - "CentOS Stream 9")

CPU model: Intel(R) Xeon(R) Gold 6130 CPU @ 2.10GHz, instruction set [SSE2|AVX|AVX2|AVX512]
Thread count: 16 physical cores, 32 logical processors, using up to 32 threads

Non-default parameters:
Method  2
Crossover  0
NumericFocus  3
Presolve  2

Optimize a model with 1007907 rows, 823495 columns and 3925605 nonzeros (Min)
Model fingerprint: 0xcfee5014
Model has 210275 linear objective coefficients
Coefficient statistics:
  Matrix range     [1e-04, 1e+02]
  Objective range  [6e-04, 3e+03]
  Bounds range     [0e+00, 0e+00]
  RHS range        [7e-02, 1e+05]

Presolve removed 639820 rows and 438038 columns (presolve time = 5s)...
Presolve removed 727422 rows and 446801 columns (presolve time = 10s)...
Presolve removed 736182 rows and 446801 columns
Presolve time: 10.78s
Presolved: 271725 rows, 385454 columns, 1466670 nonzeros
Ordering time: 0.49s

Barrier statistics:
 Dense cols : 14
 AA' NZ     : 1.094e+06
 Factor NZ  : 5.980e+06 (roughly 300 MB of memory)
 Factor Ops : 3.587e+08 (less than 1 second per iteration)
 Threads    : 16

                  Objective                Residual
Iter       Primal          Dual         Primal    Dual     Compl     Time
   0   3.14985160e+07 -1.07709129e+12  8.61e+07 3.71e-14  1.21e+07    13s
   1   3.15844689e+07 -3.99261502e+11  7.91e+07 2.28e+02  7.65e+06    14s
   2   3.24352799e+07 -1.02334567e+11  6.11e+07 2.47e+01  4.91e+06    15s
   3   3.87564023e+07 -3.62967634e+10  1.53e+07 3.84e+00  1.26e+06    16s
   4   3.89082166e+07 -1.21903927e+10  2.01e+06 3.40e-01  1.74e+05    17s
   5   3.60246833e+07 -5.07661733e+09  4.17e+05 7.72e-02  3.80e+04    17s
   6   2.68511831e+07 -2.37219691e+09  8.35e+04 2.24e-02  8.97e+03    18s
   7   1.49924642e+07 -1.13801154e+09  1.38e+04 7.11e-03  2.48e+03    19s
   8   1.10031233e+07 -9.93772407e+08  2.15e+03 5.91e-03  1.66e+03    20s
   9   9.60526248e+06 -8.15750893e+08  8.15e+02 4.72e-03  1.31e+03    21s
  10   8.35171841e+06 -6.20574586e+08  3.64e+02 3.32e-03  9.83e+02    22s
  11   6.23338335e+06 -2.03431155e+08  4.30e+01 1.69e-04  3.23e+02    23s
  12   2.08493073e+06 -2.84214776e+07  6.69e+00 2.56e-13  4.63e+01    24s
  13   9.48309793e+05 -6.92093656e+06  2.50e+00 6.84e-14  1.19e+01    26s
  14   4.99125418e+05 -3.16218129e+06  1.17e+00 2.98e-14  5.51e+00    27s
  15   3.19316619e+05 -1.28225786e+06  6.03e-01 1.25e-14  2.41e+00    28s
  16   2.00135539e+05 -4.86749622e+05  2.91e-01 5.72e-15  1.03e+00    29s
  17   1.53272237e+05 -2.24280835e+05  1.79e-01 2.61e-15  5.67e-01    30s
  18   1.23614969e+05 -6.76567962e+04  1.10e-01 1.25e-15  2.87e-01    32s
  19   1.07416861e+05 -2.47075706e+04  7.68e-02 8.38e-16  1.98e-01    33s
  20   8.99230870e+04  3.75339373e+03  4.01e-02 6.11e-16  1.29e-01    34s
  21   8.57772966e+04  1.72488337e+04  3.20e-02 5.57e-16  1.03e-01    36s
  22   8.12378506e+04  3.37415521e+04  2.35e-02 3.85e-16  7.13e-02    37s
  23   7.81108636e+04  4.17371372e+04  1.80e-02 2.72e-16  5.46e-02    38s
  24   7.47063261e+04  4.57506105e+04  1.24e-02 2.44e-16  4.35e-02    39s
  25   7.19301583e+04  5.25110452e+04  8.73e-03 3.33e-16  2.92e-02    40s
  26   6.97578567e+04  5.63997942e+04  5.57e-03 3.33e-16  2.01e-02    42s
  27   6.83831848e+04  5.90589979e+04  3.90e-03 4.44e-16  1.40e-02    44s
  28   6.75689127e+04  6.05467795e+04  3.01e-03 4.70e-16  1.05e-02    45s
  29   6.69143734e+04  6.08782477e+04  2.34e-03 4.70e-16  9.07e-03    46s
  30   6.65387572e+04  6.13490961e+04  1.97e-03 4.70e-16  7.79e-03    47s
  31   6.62159801e+04  6.16273857e+04  1.65e-03 4.44e-16  6.89e-03    49s
  32   6.57417903e+04  6.22900352e+04  1.20e-03 4.74e-16  5.18e-03    51s
  33   6.53687268e+04  6.29613832e+04  8.65e-04 4.70e-16  3.62e-03    53s
  34   6.51712355e+04  6.32551547e+04  6.95e-04 4.70e-16  2.88e-03    54s
  35   6.50378912e+04  6.33459990e+04  5.82e-04 6.92e-16  2.54e-03    56s
  36   6.49402389e+04  6.35502742e+04  4.98e-04 4.70e-16  2.09e-03    57s
  37   6.48018032e+04  6.36840028e+04  3.80e-04 4.70e-16  1.68e-03    59s
  38   6.46788788e+04  6.37918068e+04  2.77e-04 4.44e-16  1.33e-03    61s
  39   6.45938247e+04  6.39379876e+04  2.06e-04 4.70e-16  9.85e-04    64s
  40   6.45359453e+04  6.40336629e+04  1.58e-04 4.70e-16  7.54e-04    66s
  41   6.45280715e+04  6.40450021e+04  1.52e-04 2.93e-16  7.26e-04    69s
  42   6.45217550e+04  6.41079159e+04  1.47e-04 8.88e-16  6.22e-04    71s
  43   6.44786758e+04  6.41911879e+04  9.66e-05 1.58e-15  4.32e-04    73s
  44   6.44447975e+04  6.42540350e+04  6.33e-05 1.71e-15  2.87e-04    76s
  45   6.44183124e+04  6.43008754e+04  3.81e-05 2.98e-15  1.76e-04    79s
  46   6.44055514e+04  6.43220067e+04  2.63e-05 4.44e-16  1.25e-04    82s
  47   6.43977867e+04  6.43382523e+04  1.93e-05 1.78e-15  8.94e-05    84s
  48   6.43903475e+04  6.43518925e+04  1.28e-05 4.70e-16  5.78e-05    85s
  49   6.43855852e+04  6.43565638e+04  8.93e-06 1.58e-15  4.36e-05    86s
  50   6.43844045e+04  6.43635226e+04  7.92e-06 3.55e-15  3.14e-05    88s
  51   6.43805334e+04  6.43674247e+04  4.71e-06 6.14e-15  1.97e-05    90s
  52   6.43783744e+04  6.43691368e+04  3.03e-06 4.39e-15  1.39e-05    94s
  53   6.43779328e+04  6.43700967e+04  2.67e-06 2.86e-15  1.18e-05    96s
  54   6.43772422e+04  6.43708517e+04  2.12e-06 3.92e-15  9.60e-06    98s
  55   6.43768603e+04  6.43716928e+04  1.82e-06 3.55e-15  7.76e-06    99s
  56   6.43760613e+04  6.43722069e+04  1.22e-06 5.13e-15  5.79e-06   101s
  57   6.43757682e+04  6.43726579e+04  9.98e-07 2.57e-14  4.67e-06   105s
  58   6.43755483e+04  6.43730633e+04  8.34e-07 2.04e-14  3.73e-06   110s
  59   6.43753688e+04  6.43733932e+04  7.01e-07 3.16e-14  2.97e-06   113s
  60   6.43752771e+04  6.43734803e+04  6.33e-07 2.88e-14  2.70e-06   117s
  61   6.43751849e+04  6.43735868e+04  5.63e-07 2.55e-14  2.40e-06   122s
  62   6.43750904e+04  6.43736478e+04  4.90e-07 2.00e-14  2.17e-06   124s
  63   6.43749718e+04  6.43737411e+04  4.00e-07 2.12e-14  1.85e-06   128s
  64   6.43749032e+04  6.43739144e+04  3.47e-07 1.82e-14  1.49e-06   131s
  65   6.43748425e+04  6.43740461e+04  3.01e-07 1.24e-14  1.20e-06   135s
  66   6.43747973e+04  6.43741508e+04  2.67e-07 1.01e-14  9.71e-07   140s
  67   6.43747303e+04  6.43742536e+04  2.19e-07 6.24e-15  7.16e-07   144s
  68   6.43747019e+04  6.43742752e+04  1.97e-07 5.48e-15  6.41e-07   148s
  69   6.43746270e+04  6.43742958e+04  1.44e-07 4.27e-15  4.97e-07   151s
  70   6.43746108e+04  6.43743089e+04  1.33e-07 3.78e-15  4.53e-07   155s
  71   6.43745646e+04  6.43743378e+04  1.00e-07 5.13e-15  3.41e-07   160s
  72   6.43745243e+04  6.43743613e+04  7.18e-08 9.09e-13  2.45e-07   164s
  73   6.43745091e+04  6.43743866e+04  6.10e-08 3.55e-15  1.84e-07   168s
  74   6.43744994e+04  6.43743924e+04  5.42e-08 5.68e-14  1.61e-07   172s
  75   6.43744879e+04  6.43743950e+04  4.58e-08 1.71e-13  1.39e-07   175s
  76   6.43744585e+04  6.43744035e+04  3.16e-07 3.17e-10  8.26e-08   178s
  77   6.43744514e+04  6.43744076e+04  2.53e-07 2.44e-10  6.57e-08   182s
  78   6.43744480e+04  6.43744088e+04  2.26e-07 2.18e-10  5.88e-08   186s
  79   6.43744436e+04  6.43744101e+04  1.70e-07 2.03e-10  5.04e-08   188s
  80   6.43744413e+04  6.43744118e+04  1.51e-07 1.72e-10  4.43e-08   191s
  81   6.43744382e+04  6.43744124e+04  1.29e-07 1.59e-10  3.87e-08   193s
  82   6.43744363e+04  6.43744138e+04  6.09e-07 2.42e-10  3.39e-08   195s
  83   6.43744324e+04  6.43744141e+04  4.21e-05 2.29e-10  2.75e-08   197s
  84   6.43744316e+04  6.43744159e+04  4.86e-05 1.67e-10  2.36e-08   199s
  85   6.43744295e+04  6.43744164e+04  5.92e-05 1.22e-10  1.97e-08   200s
  86   6.43744252e+04  6.43744168e+04  6.79e-05 1.11e-10  1.26e-08   202s
  87   6.43744246e+04  6.43744169e+04  5.95e-05 2.08e-10  1.16e-08   203s
  88   6.43744236e+04  6.43744173e+04  4.36e-05 1.74e-10  9.44e-09   206s
  89   6.43744235e+04  6.43744175e+04  4.64e-05 7.74e-11  8.88e-09   208s
  90   6.43744233e+04  6.43744178e+04  4.61e-05 6.85e-11  8.27e-09   209s
  91   6.43744230e+04  6.43744180e+04  4.97e-05 6.24e-11  7.51e-09   211s
  92   6.43744228e+04  6.43744186e+04  4.77e-05 2.07e-11  6.28e-09   214s
  93   6.43744224e+04  6.43744195e+04  3.80e-05 1.67e-10  4.27e-09   216s
  94   6.43744217e+04  6.43744201e+04  1.88e-05 1.05e-10  2.30e-09   218s
  95   6.43744215e+04  6.43744203e+04  1.54e-05 8.34e-11  1.73e-09   221s
  96   6.43744212e+04  6.43744205e+04  7.56e-06 6.37e-11  1.11e-09   224s
  97   6.43744211e+04  6.43744207e+04  4.31e-06 1.45e-10  5.91e-10   226s
  98   6.43744211e+04  6.43744208e+04  2.32e-06 1.16e-10  4.81e-10   227s
  99   6.43744211e+04  6.43744208e+04  1.36e-06 1.01e-10  4.40e-10   229s
 100   6.43744211e+04  6.43744209e+04  1.01e-06 9.28e-10  3.70e-10   230s
 101   6.43744211e+04  6.43744210e+04  8.91e-07 1.27e-09  2.42e-10   231s

Barrier solved model in 101 iterations and 231.25 seconds (74.31 work units)
Optimal objective 6.43744211e+04

