
Gurobi 13.0.2 (linux64) logging started Sun Jul 19 14:46:32 2026

Set parameter LogFile to value "outputs/batch_1707_res_step2/2057_FR_interconnected/logfile_2057_FR_interconnected.txt"
Gurobi Optimizer version 13.0.2 build v13.0.2rc1 (linux64 - "CentOS Stream 9")

CPU model: Intel(R) Xeon(R) Gold 6130 CPU @ 2.10GHz, instruction set [SSE2|AVX|AVX2|AVX512]
Thread count: 16 physical cores, 32 logical processors, using up to 32 threads

Non-default parameters:
Method  2
Crossover  0
NumericFocus  3
Presolve  2

Optimize a model with 9050784 rows, 6658150 columns and 26751812 nonzeros (Min)
Model fingerprint: 0x42094549
Model has 1393190 linear objective coefficients
Coefficient statistics:
  Matrix range     [1e-04, 1e+02]
  Objective range  [6e-04, 3e+03]
  Bounds range     [0e+00, 0e+00]
  RHS range        [2e-02, 1e+05]

Presolve removed 5502629 rows and 3416686 columns (presolve time = 5s)...
Presolve removed 5765883 rows and 3732455 columns (presolve time = 10s)...
Presolve removed 5765883 rows and 3732455 columns (presolve time = 15s)...
Presolve removed 5765883 rows and 3732455 columns (presolve time = 20s)...
Presolve removed 5765883 rows and 3732455 columns (presolve time = 25s)...
Presolve removed 5765883 rows and 3732455 columns (presolve time = 30s)...
Presolve removed 5765883 rows and 3732455 columns (presolve time = 35s)...
Presolve removed 5765883 rows and 3732455 columns (presolve time = 40s)...
Presolve removed 6589335 rows and 3741245 columns (presolve time = 45s)...
Presolve removed 6589335 rows and 3741245 columns (presolve time = 50s)...
Presolve removed 6589335 rows and 3741245 columns (presolve time = 55s)...
Presolve removed 6589335 rows and 3741245 columns (presolve time = 60s)...
Presolve removed 6589335 rows and 3741245 columns (presolve time = 65s)...
Presolve removed 6589335 rows and 3741245 columns (presolve time = 70s)...
Presolve removed 6598095 rows and 3741245 columns
Presolve time: 75.26s
Presolved: 2452689 rows, 2925665 columns, 10112224 nonzeros
Elapsed ordering time = 5s
Elapsed ordering time = 10s
Ordering time: 14.95s

Barrier statistics:
 Dense cols : 95
 AA' NZ     : 6.090e+06
 Factor NZ  : 3.703e+07 (roughly 2.0 GB of memory)
 Factor Ops : 2.875e+09 (less than 1 second per iteration)
 Threads    : 16

                  Objective                Residual
Iter       Primal          Dual         Primal    Dual     Compl     Time
   0   6.89523907e+08 -6.72616880e+11  5.72e+08 3.95e-14  3.05e+07   145s
   1   7.51396559e+08 -3.95710052e+11  5.26e+08 2.06e+02  1.80e+07   152s
   2   9.58418345e+08 -2.61796435e+11  4.07e+08 6.46e+01  1.14e+07   161s
   3   1.57683840e+09 -1.68160958e+11  7.65e+07 2.43e+01  2.51e+06   172s
   4   1.65928054e+09 -5.31889720e+10  1.40e+07 3.21e+00  4.55e+05   177s
   5   1.60634768e+09 -2.38423584e+10  2.37e+06 4.11e-01  7.63e+04   184s
   6   1.22084517e+09 -1.19118415e+10  2.92e+05 5.55e-02  1.13e+04   190s
   7   5.97218455e+08 -4.68984251e+09  5.45e+04 9.68e-03  2.51e+03   198s
   8   3.07323053e+08 -4.20593888e+09  1.44e+04 8.35e-03  1.45e+03   206s
   9   1.67776376e+08 -1.87315656e+09  2.64e+03 2.55e-03  5.45e+02   218s
  10   7.00258822e+07 -4.34019719e+08  2.62e+02 2.35e-04  1.23e+02   234s
  11   2.06011383e+07 -8.81100502e+07  6.27e+01 7.76e-13  2.59e+01   245s
  12   1.06985111e+07 -4.44871408e+07  2.90e+01 1.82e-12  1.31e+01   253s
  13   6.03392180e+06 -2.64281352e+07  1.37e+01 2.50e-13  7.68e+00   261s
  14   4.17073083e+06 -1.90743422e+07  8.91e+00 6.82e-13  5.49e+00   269s
  15   3.29709323e+06 -1.11031770e+07  6.43e+00 2.73e-12  3.40e+00   277s
  16   2.32186961e+06 -7.82108500e+06  3.99e+00 7.63e-14  2.40e+00   286s
  17   2.17738383e+06 -5.64051882e+06  3.65e+00 5.50e-14  1.85e+00   294s
  18   1.55590394e+06 -3.92329471e+06  2.19e+00 1.59e-12  1.29e+00   306s
  19   1.40066529e+06 -2.87101214e+06  1.85e+00 1.36e-12  1.01e+00   313s
  20   1.17583151e+06 -1.87682415e+06  1.37e+00 2.05e-12  7.20e-01   323s
  21   9.91446318e+05 -1.19666118e+06  1.01e+00 1.86e-14  5.16e-01   337s
  22   8.78636638e+05 -6.40116935e+05  7.90e-01 1.24e-14  3.58e-01   354s
  23   7.64545485e+05 -3.30976480e+05  5.73e-01 9.25e-15  2.58e-01   373s
  24   6.90048706e+05 -1.39139126e+05  4.36e-01 4.55e-13  1.96e-01   392s
  25   6.32163690e+05 -3.68370065e+04  3.27e-01 9.09e-13  1.58e-01   412s
  26   6.02330978e+05  5.40292302e+04  2.71e-01 4.81e-15  1.29e-01   431s
  27   5.77264233e+05  1.06205934e+05  2.23e-01 4.37e-15  1.11e-01   450s
  28   5.61906601e+05  1.56924744e+05  1.93e-01 1.36e-12  9.55e-02   469s
  29   5.46509795e+05  2.07757256e+05  1.63e-01 3.03e-15  7.99e-02   487s
  30   5.34822838e+05  2.38849877e+05  1.41e-01 2.27e-12  6.98e-02   507s
  31   5.21627557e+05  2.68173507e+05  1.16e-01 2.48e-15  5.98e-02   525s
  32   5.12284614e+05  2.94826646e+05  9.94e-02 1.82e-12  5.13e-02   541s
  33   5.06933466e+05  3.06267581e+05  9.00e-02 2.03e-15  4.73e-02   556s
  34   5.01226558e+05  3.20841134e+05  8.06e-02 1.92e-15  4.26e-02   573s
  35   4.95232195e+05  3.34178612e+05  7.08e-02 4.55e-13  3.80e-02   589s
  36   4.89622012e+05  3.42124698e+05  6.19e-02 1.48e-15  3.48e-02   606s
  37   4.84823850e+05  3.48055144e+05  5.47e-02 2.27e-13  3.23e-02   624s
  38   4.77858198e+05  3.64239894e+05  4.50e-02 1.82e-12  2.68e-02   643s
  39   4.70701577e+05  3.82552983e+05  3.56e-02 1.93e-15  2.08e-02   661s
  40   4.64220597e+05  3.91729507e+05  2.76e-02 1.75e-15  1.71e-02   680s
  41   4.61350251e+05  3.98478199e+05  2.42e-02 1.89e-15  1.48e-02   694s
  42   4.59741312e+05  4.04245447e+05  2.23e-02 1.82e-12  1.31e-02   711s
  43   4.58822441e+05  4.06068353e+05  2.12e-02 1.95e-15  1.24e-02   723s
  44   4.56388738e+05  4.08144727e+05  1.83e-02 6.82e-13  1.14e-02   740s
  45   4.55319003e+05  4.10852419e+05  1.71e-02 2.27e-13  1.05e-02   754s
  46   4.53249050e+05  4.15499743e+05  1.47e-02 2.11e-15  8.91e-03   773s
  47   4.51779044e+05  4.19771834e+05  1.30e-02 2.66e-15  7.55e-03   790s
  48   4.51306073e+05  4.23274353e+05  1.25e-02 2.48e-15  6.61e-03   808s
  49   4.49217405e+05  4.26341831e+05  1.01e-02 2.73e-12  5.40e-03   826s
  50   4.48793099e+05  4.27344537e+05  9.65e-03 3.55e-15  5.06e-03   840s
  51   4.47932704e+05  4.28922098e+05  8.71e-03 2.27e-13  4.48e-03   857s
  52   4.46882246e+05  4.30857145e+05  7.56e-03 2.50e-12  3.78e-03   874s
  53   4.45855420e+05  4.31981313e+05  6.46e-03 1.82e-12  3.27e-03   892s
  54   4.45425061e+05  4.32685842e+05  6.01e-03 1.36e-12  3.01e-03   902s
  55   4.44624442e+05  4.33824803e+05  5.17e-03 4.13e-15  2.55e-03   919s
  56   4.43707736e+05  4.34130415e+05  4.21e-03 4.44e-15  2.26e-03   937s
  57   4.43374382e+05  4.34669852e+05  3.86e-03 4.35e-15  2.05e-03   954s
  58   4.42980582e+05  4.35350647e+05  3.45e-03 2.50e-12  1.80e-03   972s
  59   4.42562451e+05  4.35559637e+05  3.00e-03 2.27e-13  1.65e-03   989s
  60   4.42231987e+05  4.36106714e+05  2.65e-03 2.27e-13  1.44e-03  1006s
  61   4.41696925e+05  4.36451824e+05  2.09e-03 5.33e-15  1.24e-03  1025s
  62   4.41494854e+05  4.37044144e+05  1.88e-03 7.11e-15  1.05e-03  1043s
  63   4.41311809e+05  4.37376772e+05  1.69e-03 1.82e-12  9.28e-04  1059s
  64   4.41129908e+05  4.37518210e+05  1.51e-03 1.14e-12  8.52e-04  1077s
  65   4.41046180e+05  4.37599739e+05  1.42e-03 2.27e-12  8.13e-04  1091s
  66   4.40864323e+05  4.37792874e+05  1.24e-03 1.82e-12  7.25e-04  1109s
  67   4.40737508e+05  4.38057634e+05  1.11e-03 7.11e-15  6.32e-04  1125s
  68   4.40680343e+05  4.38095506e+05  1.06e-03 9.09e-13  6.10e-04  1136s
  69   4.40589030e+05  4.38292797e+05  9.69e-04 7.11e-15  5.42e-04  1157s
  70   4.40523246e+05  4.38361193e+05  9.05e-04 4.55e-13  5.10e-04  1176s
  71   4.40462678e+05  4.38417874e+05  8.46e-04 4.55e-13  4.82e-04  1195s
  72   4.40407846e+05  4.38500425e+05  7.93e-04 7.11e-15  4.50e-04  1215s
  73   4.40327508e+05  4.38569031e+05  7.16e-04 9.09e-13  4.15e-04  1233s
  74   4.40263412e+05  4.38693239e+05  6.53e-04 2.27e-13  3.70e-04  1252s
  75   4.40203346e+05  4.38786546e+05  5.95e-04 8.27e-15  3.34e-04  1267s
  76   4.40148273e+05  4.38844723e+05  5.42e-04 2.96e-12  3.08e-04  1286s
  77   4.40088099e+05  4.38927991e+05  4.83e-04 6.82e-13  2.74e-04  1304s
  78   4.40029295e+05  4.39012465e+05  4.28e-04 6.82e-13  2.40e-04  1326s
  79   4.39977909e+05  4.39051340e+05  3.79e-04 7.11e-15  2.19e-04  1356s
  80   4.39944257e+05  4.39108388e+05  3.48e-04 1.59e-12  1.97e-04  1384s
  81   4.39910805e+05  4.39146634e+05  3.17e-04 3.87e-12  1.80e-04  1411s
  82   4.39878336e+05  4.39164132e+05  2.87e-04 6.92e-15  1.68e-04  1438s
  83   4.39851876e+05  4.39232649e+05  2.62e-04 7.33e-15  1.46e-04  1468s
  84   4.39807394e+05  4.39256820e+05  2.21e-04 5.93e-15  1.30e-04  1494s
  85   4.39775810e+05  4.39311660e+05  1.92e-04 5.07e-15  1.09e-04  1523s
  86   4.39756512e+05  4.39339535e+05  1.74e-04 8.14e-15  9.84e-05  1551s
  87   4.39731689e+05  4.39359456e+05  1.52e-04 1.82e-12  8.78e-05  1579s
  88   4.39713612e+05  4.39375085e+05  1.36e-04 6.82e-13  7.99e-05  1601s
  89   4.39702530e+05  4.39378915e+05  1.26e-04 6.46e-15  7.63e-05  1631s
  90   4.39692163e+05  4.39398687e+05  1.17e-04 1.14e-12  6.92e-05  1662s
  91   4.39683156e+05  4.39406264e+05  1.09e-04 9.09e-13  6.53e-05  1693s
  92   4.39672402e+05  4.39421303e+05  9.92e-05 9.09e-13  5.92e-05  1722s
  93   4.39658836e+05  4.39429564e+05  8.76e-05 7.11e-15  5.41e-05  1750s
  94   4.39647650e+05  4.39439996e+05  7.80e-05 7.66e-15  4.90e-05  1779s
  95   4.39638629e+05  4.39462880e+05  7.02e-05 3.41e-12  4.15e-05  1810s
  96   4.39633099e+05  4.39473292e+05  6.56e-05 7.38e-15  3.77e-05  1831s
  97   4.39624511e+05  4.39476637e+05  5.84e-05 2.96e-12  3.49e-05  1858s
  98   4.39621806e+05  4.39479801e+05  5.62e-05 7.27e-15  3.35e-05  1888s
  99   4.39616510e+05  4.39483470e+05  5.17e-05 9.99e-15  3.14e-05  1914s
 100   4.39609820e+05  4.39486063e+05  4.62e-05 2.27e-13  2.92e-05  1947s
 101   4.39605533e+05  4.39495304e+05  4.26e-05 9.71e-15  2.60e-05  1984s
 102   4.39602576e+05  4.39498519e+05  4.01e-05 5.64e-15  2.45e-05  2004s
 103   4.39598662e+05  4.39502401e+05  3.68e-05 6.47e-15  2.27e-05  2035s
 104   4.39593189e+05  4.39507103e+05  3.22e-05 2.27e-12  2.03e-05  2069s
 105   4.39589649e+05  4.39508471e+05  2.93e-05 1.36e-12  1.91e-05  2104s
 106   4.39587539e+05  4.39515393e+05  2.76e-05 2.27e-13  1.70e-05  2145s
 107   4.39584612e+05  4.39517100e+05  2.52e-05 6.08e-15  1.59e-05  2168s
 108   4.39582825e+05  4.39524100e+05  2.37e-05 8.36e-15  1.39e-05  2208s
 109   4.39578570e+05  4.39526520e+05  2.03e-05 2.96e-12  1.23e-05  2237s
 110   4.39576533e+05  4.39527361e+05  1.87e-05 2.05e-12  1.16e-05  2276s
 111   4.39573232e+05  4.39531725e+05  1.61e-05 9.09e-13  9.79e-06  2313s
 112   4.39572229e+05  4.39533131e+05  1.53e-05 6.33e-15  9.22e-06  2350s
 113   4.39570984e+05  4.39534870e+05  1.43e-05 7.84e-15  8.52e-06  2390s
 114   4.39569665e+05  4.39537292e+05  1.33e-05 1.14e-12  7.64e-06  2430s
 115   4.39567423e+05  4.39538746e+05  1.15e-05 5.76e-15  6.76e-06  2467s
 116   4.39565630e+05  4.39539495e+05  1.01e-05 2.27e-13  6.17e-06  2497s
 117   4.39564162e+05  4.39539859e+05  9.01e-06 4.55e-13  5.73e-06  2539s
 118   4.39563206e+05  4.39541269e+05  8.25e-06 2.27e-12  5.17e-06  2573s
 119   4.39562725e+05  4.39542050e+05  7.89e-06 2.27e-13  4.88e-06  2607s
 120   4.39562012e+05  4.39542903e+05  7.33e-06 7.40e-15  4.51e-06  2641s
 121   4.39560915e+05  4.39543588e+05  6.50e-06 1.27e-10  4.09e-06  2672s
 122   4.39560150e+05  4.39544345e+05  5.92e-06 1.16e-10  3.73e-06  2696s
 123   4.39558900e+05  4.39545163e+05  4.99e-06 1.19e-10  3.24e-06  2730s
 124   4.39558353e+05  4.39546491e+05  4.56e-06 1.05e-10  2.80e-06  2767s
 125   4.39557757e+05  4.39547028e+05  4.13e-06 9.56e-11  2.53e-06  2799s
 126   4.39557299e+05  4.39548088e+05  3.77e-06 1.90e-10  2.17e-06  2838s
 127   4.39556722e+05  4.39548432e+05  3.32e-06 1.73e-10  1.96e-06  2886s
 128   4.39556125e+05  4.39548836e+05  2.88e-06 1.51e-10  1.72e-06  2931s
 129   4.39555540e+05  4.39549459e+05  2.43e-06 1.28e-10  1.43e-06  2979s
 130   4.39555277e+05  4.39549891e+05  2.26e-06 1.06e-10  1.27e-06  3027s
 131   4.39554994e+05  4.39550219e+05  2.05e-06 8.90e-11  1.13e-06  3088s
 132   4.39554656e+05  4.39550431e+05  1.81e-06 8.40e-11  9.97e-07  3131s
 133   4.39554217e+05  4.39550583e+05  1.49e-06 7.36e-11  8.57e-07  3193s
 134   4.39554104e+05  4.39550806e+05  1.40e-06 6.39e-11  7.78e-07  3248s
 135   4.39553781e+05  4.39550982e+05  1.18e-06 5.55e-11  6.60e-07  3311s
 136   4.39553434e+05  4.39551133e+05  9.32e-07 2.22e-10  5.43e-07  3372s
 137   4.39553247e+05  4.39551278e+05  7.77e-07 1.89e-10  4.64e-07  3441s
 138   4.39553103e+05  4.39551375e+05  6.13e-07 1.64e-08  4.08e-07  3476s
 139   4.39553001e+05  4.39551434e+05  6.06e-07 1.91e-08  3.69e-07  3529s
 140   4.39552964e+05  4.39551483e+05  5.91e-07 1.78e-08  3.50e-07  3562s
 141   4.39552793e+05  4.39551561e+05  4.48e-07 1.57e-08  2.90e-07  3624s
 142   4.39552695e+05  4.39551668e+05  7.15e-07 4.45e-09  2.42e-07  3667s
 143   4.39552597e+05  4.39551801e+05  5.99e-07 3.83e-08  1.88e-07  3692s
 144   4.39552511e+05  4.39551889e+05  6.10e-07 2.80e-08  1.47e-07  3780s
 145   4.39552460e+05  4.39551953e+05  1.63e-06 7.72e-08  1.19e-07  3817s
 146   4.39552408e+05  4.39551979e+05  1.13e-06 6.80e-08  1.01e-07  3854s
 147   4.39552362e+05  4.39552005e+05  8.57e-07 5.50e-08  8.43e-08  3894s
 148   4.39552334e+05  4.39552052e+05  7.21e-07 3.75e-08  6.66e-08  3937s
 149   4.39552307e+05  4.39552063e+05  6.04e-07 2.78e-08  5.77e-08  3970s
 150   4.39552286e+05  4.39552078e+05  5.36e-07 2.19e-08  4.91e-08  4016s
 151   4.39552274e+05  4.39552088e+05  4.72e-07 1.86e-08  4.40e-08  4057s
 152   4.39552252e+05  4.39552091e+05  4.00e-07 1.73e-08  3.80e-08  4074s
 153   4.39552232e+05  4.39552108e+05  3.18e-07 1.68e-08  2.93e-08  4100s
 154   4.39552221e+05  4.39552118e+05  2.48e-07 2.55e-08  2.42e-08  4131s
 155   4.39552208e+05  4.39552125e+05  1.98e-07 2.50e-08  1.98e-08  4166s
 156   4.39552195e+05  4.39552129e+05  2.17e-07 2.60e-08  1.56e-08  4198s
 157   4.39552191e+05  4.39552131e+05  5.63e-07 2.53e-08  1.41e-08  4212s
 158   4.39552182e+05  4.39552134e+05  1.86e-05 2.34e-08  1.14e-08  4267s
 159   4.39552181e+05  4.39552135e+05  1.78e-05 2.23e-08  1.08e-08  4285s
 160   4.39552178e+05  4.39552136e+05  1.62e-05 2.05e-08  9.74e-09  4318s
 161   4.39552176e+05  4.39552137e+05  1.51e-05 1.97e-08  9.08e-09  4351s
 162   4.39552174e+05  4.39552138e+05  1.43e-05 1.89e-08  8.62e-09  4373s
 163   4.39552172e+05  4.39552139e+05  1.31e-05 1.80e-08  7.90e-09  4397s
 164   4.39552169e+05  4.39552140e+05  1.14e-05 1.70e-08  6.96e-09  4408s
 165   4.39552166e+05  4.39552141e+05  9.82e-06 1.56e-08  6.00e-09  4443s
 166   4.39552165e+05  4.39552141e+05  9.01e-06 1.47e-08  5.51e-09  4454s
 167   4.39552164e+05  4.39552142e+05  8.69e-06 1.41e-08  5.28e-09  4465s
 168   4.39552164e+05  4.39552142e+05  8.60e-06 1.40e-08  5.23e-09  4480s
 169   4.39552164e+05  4.39552142e+05  8.52e-06 1.39e-08  5.17e-09  4494s
 170   4.39552163e+05  4.39552142e+05  7.93e-06 1.33e-08  4.85e-09  4509s
 171   4.39552161e+05  4.39552143e+05  6.28e-05 1.17e-08  4.27e-09  4539s
 172   4.39552160e+05  4.39552143e+05  5.58e-05 1.08e-08  3.84e-09  4551s
 173   4.39552158e+05  4.39552144e+05  4.81e-05 9.93e-09  3.37e-09  4562s
 174   4.39552157e+05  4.39552144e+05  4.39e-05 8.76e-09  3.03e-09  4577s
 175   4.39552156e+05  4.39552145e+05  4.00e-05 7.74e-09  2.72e-09  4587s
 176   4.39552156e+05  4.39552145e+05  3.65e-05 6.99e-09  2.47e-09  4598s
 177   4.39552155e+05  4.39552145e+05  3.45e-05 6.76e-09  2.35e-09  4610s
 178   4.39552154e+05  4.39552146e+05  2.86e-05 6.04e-09  1.98e-09  4621s
 179   4.39552153e+05  4.39552146e+05  2.55e-05 5.44e-09  1.77e-09  4637s
 180   4.39552153e+05  4.39552146e+05  2.45e-05 5.09e-09  1.68e-09  4661s
 181   4.39552152e+05  4.39552146e+05  2.06e-05 3.79e-09  1.37e-09  4686s
 182   4.39552152e+05  4.39552146e+05  2.01e-05 3.70e-09  1.33e-09  4706s
 183   4.39552152e+05  4.39552147e+05  1.92e-05 3.48e-09  1.27e-09  4718s
 184   4.39552152e+05  4.39552147e+05  1.75e-05 2.73e-09  1.12e-09  4731s

Barrier solved model in 184 iterations and 4730.97 seconds (1312.57 work units)
Optimal objective 4.39552152e+05

